2900 1243
2901 1080
2902 1157
2903 1143
2904 1107
2905 1146
2906 1197
2907 1141
2908 1279
2909 1312
2910 1288
2911 1300
2912 1323
2913 1427
2914 1348
2915 1369
2916 1343
2917 1443
2918 1433
2919 1443
2920 1445
2921 1459
2922 1514
2923 1501
2924 1519
2925 1584
2926 1545
2927 1641
2928 1650
2929 1683
2930 1641
2931 1613
2932 1707
2933 1761
2934 1740
2935 1785
2936 1773
2937 1772
2938 1766
2939 1878
2940 1863
2941 1872
2942 1938
2943 1882
2944 1930
2945 2007
2946 2041
2947 2093
2948 2116
2949 2189
2950 2113
2951 2282
2952 2181
2953 2344
2954 2409
2955 2425
2956 2403
2957 2481
2958 2545
2959 2590
2960 2595
2961 2912
2962 3166
2963 3995
2964 4938
2965 5723
2966 4631
2967 3509
2968 2748
2969 2405
2970 2346
2971 2344
2972 2285
2973 2174
2974 2052
2975 2025
2976 2023
2977 1914
2978 1915
2979 1732
2980 1674
2981 1716
2982 1705
2983 1682
2984 1691
2985 1626
2986 1562
2987 1487
2988 1466
2989 1353
2990 1204
2991 1225
2992 1181
2993 1508
2994 2721
2995 6229
2996 13356
2997 24806
2998 35401
2999 22839
3000 23711
3001 37512
3002 22098
3003 17665
3004 5588
3005 1308
3006 784
3007 513
3008 326
3009 202
3010 110
3011 71
3012 39
3013 8
