2900 1135
2901 1165
2902 1169
2903 1132
2904 1152
2905 1199
2906 1231
2907 1135
2908 1188
2909 1306
2910 1251
2911 1280
2912 1322
2913 1273
2914 1391
2915 1340
2916 1423
2917 1378
2918 1493
2919 1430
2920 1453
2921 1430
2922 1504
2923 1514
2924 1574
2925 1540
2926 1500
2927 1583
2928 1601
2929 1686
2930 1694
2931 1649
2932 1675
2933 1733
2934 1715
2935 1706
2936 1846
2937 1800
2938 1935
2939 1896
2940 1899
2941 1900
2942 1910
2943 1892
2944 2000
2945 1933
2946 2051
2947 2056
2948 2070
2949 2147
2950 2136
2951 2197
2952 2232
2953 2239
2954 2379
2955 2350
2956 2541
2957 2542
2958 2463
2959 2717
2960 2635
2961 2869
2962 3084
2963 4000
2964 5012
2965 5632
2966 4754
2967 3352
2968 2722
2969 2401
2970 2332
2971 2250
2972 2221
2973 2173
2974 2124
2975 2090
2976 1999
2977 1865
2978 1877
2979 1719
2980 1742
2981 1738
2982 1753
2983 1639
2984 1673
2985 1596
2986 1662
2987 1553
2988 1425
2989 1404
2990 1328
2991 1218
2992 1218
2993 1430
2994 2619
2995 6172
2996 13744
2997 24713
2998 35390
2999 22700
3000 23866
3001 38000
3002 21881
3003 17621
3004 5472
3005 1265
3006 742
3007 491
3008 334
3009 227
3010 105
3011 45
3012 32
3013 12
