-0.254513
-0.030264
-0.043753
0.175908
-0.382163
-0.632334
0.204882
-0.649812
0.836272
-0.302865
-0.007017
0.150544
0.563940
0.442972
0.724654
0.199500
-0.180663
0.562505
-0.064849
-0.117566
0.413887
0.369825
-0.101060
0.262838
0.184473
-0.485372
0.169807
-0.599882
0.050223
0.515278
0.215453
-0.372483
-0.202839
-0.363505
0.084685
-0.094059
-0.153376
-0.200163
-0.063475
-0.388189
0.081679
-0.598431
0.414475
0.414008
-0.011979
-0.032550
0.153360
-0.089979
-0.519031
-0.068626
-0.581312
0.684938
0.290278
0.199665
0.309766
-0.010793
0.105421
0.270552
0.088394
-0.275232
0.223318
-0.003386
0.004405
0.204715
-0.364815
-0.197249
0.391731
-0.060607
-0.210778
0.166512
-0.302662
-0.180686
-0.133818
-0.160070
0.146703
-0.141656
0.129993
0.414325
0.087288
-0.361191
0.483938
-0.012074
0.441218
0.173955
0.159824
0.163569
0.190434
0.179464
0.384880
-0.460141
0.089419
-0.192577
0.016184
0.249494
-0.141556
-0.444210
0.278011
0.015203
-0.126889
-0.285648
0.026764
0.218253
0.210709
-0.060232
-0.424184
-0.202595
-0.012910
-0.161877
0.411682
-0.592400
0.153972
-0.086611
-0.252827
0.271056
0.307724
0.093752
0.257830
-0.414509
-0.366442
0.075925
-0.274939
0.162619
0.234868
-0.050997
-0.646986
-0.347952
0.221111
0.229054
0.331935
-0.248392
-0.535634
-0.474638
-0.465472
-0.005414
-0.056718
0.133904
0.559144
0.130502
0.159082
0.260036
0.048961
0.518926
-0.115184
0.017116
-0.216388
-0.504586
0.061522
-0.230710
-0.293696
0.176407
0.245534
-0.076564
0.172551
-0.002715
-0.323234
-0.222947
-0.129029
0.084404
-0.351084
-0.000921
0.367984
-0.020521
-0.040620
0.176333
-0.309439
-0.402874
-0.043286
0.073151
-0.422537
-0.179814
-0.190120
0.338164
-0.361659
0.107345
0.332398
0.449166
0.539418
0.355633
0.058468
-0.054943
-0.297991
0.325370
-0.338950
-0.041709
0.423576
-0.609225
0.087844
-0.119870
-0.323086
0.710426
0.023132
-0.537971
0.380236
-0.604398
0.065534
0.662397
0.014982
-0.084668
-0.598485
0.113012
-0.280100
-0.241419
0.282069
0.147598
-0.397651
-0.130134
0.115129
0.318016
0.392626
0.134792
0.115551
0.157060
0.275339
0.212683
0.052136
0.085178
-0.207658
-0.141948
0.201721
-0.250557
-0.428613
0.258712
0.026777
-0.026214
0.515848
0.060621
-0.230271
0.440254
0.302125
-0.295911
-0.191202
-0.079213
0.074648
0.045927
-0.381356
-0.264077
0.176296
-0.195227
-0.116550
0.060248
0.069103
-0.109024
0.213675
-0.013034
0.346007
0.161947
-0.382901
-0.500730
0.010211
-0.086605
-0.344813
0.063113
-0.110658
-0.193748
0.176969
-0.029966
-0.271994
-0.229367
-0.096853
-0.184805
-0.202907
0.347937
0.449825
-0.248206
0.021706
0.095022
0.422617
0.163106
0.294769
0.110530
0.327061
-0.105783
0.217642
-0.052689
0.237759
0.057623
0.146110
-0.085827
-0.620660
0.600375
0.428876
-0.137523
-0.115965
0.037748
-0.677488
-0.286532
-0.155534
-0.079824
-0.196956
0.426480
0.112921
-0.163410
0.294745
0.143239
-0.057336
0.224544
-0.366069
-0.015284
0.090562
-0.412891
-0.076243
0.187800
0.543818
-0.199160
-0.144341
0.377071
0.481260
0.391400
-0.723537
-0.401292
0.270763
0.173610
-0.179515
0.471749
0.819573
-0.192358
0.073840
0.071964
-0.021373
0.023551
-0.453947
-0.045283
0.372729
0.398365
-0.272243
-0.764766
0.157595
-0.128143
0.214428
-0.173988
0.139733
0.145355
0.485772
0.389242
0.248991
-0.085294
-0.480194
-0.104009
0.477181
0.063426
0.480187
-0.121241
0.025678
-0.092803
-0.098861
-0.224626
0.333757
-0.158376
0.203483
-0.145350
-0.275474
-0.287010
0.130162
0.374683
-0.328783
0.482265
-0.096209
0.372895
-0.554987
-0.312846
0.413022
-0.010462
0.034400
-0.281203
-0.117781
-0.021862
-0.213404
-0.146494
-0.063903
-0.131380
-0.363330
0.359206
0.149910
-0.301717
0.123242
0.135753
-0.219872
-0.146739
0.074515
-0.310446
-0.064703
0.411013
-0.576408
-0.382154
0.084657
-0.602351
-0.314638
0.002470
0.185207
0.218805
0.148803
0.206872
0.307117
0.320789
-0.055250
0.113002
0.128013
-0.428972
0.309180
-0.388359
-0.024524
0.125915
0.251466
0.290854
-0.199293
0.163825
-0.367483
0.430840
0.246945
-0.436678
0.270061
-0.427205
-0.182426
0.096716
-0.474422
0.483544
-0.259184
-0.041308
-0.166511
-0.620494
0.280657
0.297474
0.036072
0.482319
-0.092786
0.245066
0.424242
-0.359343
-0.193353
-0.286199
0.075428
0.189266
-0.454757
-0.249276
0.118584
-0.187049
0.438731
-0.345692
-0.001337
0.556862
-0.311228
-0.079887
-0.170365
-0.312868
-0.001816
0.073509
0.253673
0.335053
0.083515
-0.056036
0.129820
-0.228481
0.135934
-0.142809
0.269736
0.039121
-0.160596
-0.006949
0.480273
0.006867
-0.314856
-0.002607
0.198322
-0.125068
-0.399595
-0.320422
0.231413
0.188122
-0.078265
-0.078615
0.496970
0.072271
-0.115612
-0.726714
-0.091531
0.347782
0.253844
0.171348
-0.058030
-0.103581
-0.527067
-0.083155
0.026309
-0.138346
-0.176886
0.122209
0.054322
0.240698
0.002313
-0.450967
-0.075281
-0.227031
-0.027334
-0.600656
-0.052251
0.259865
-0.410257
-0.283394
-0.115866
-0.097504
-0.523268
0.098780
-0.272714
-0.230479
0.236667
-0.442450
0.379121
-0.273366
-0.094864
0.103148
-0.116488
0.022372
0.612597
0.292947
-0.211628
-0.383746
0.016301
0.051533
-0.163037
0.192076
0.324681
-0.208647
-0.176707
0.210339
0.049095
-0.033431
0.005218
-0.139503
-0.125672
-0.698601
-0.282155
-0.190924
0.294372
0.078537
0.201845
-0.266108
-0.127884
0.212254
-0.331139
0.164373
-0.272712
-0.779243
-0.292038
-0.204098
-0.074229
0.065771
0.088420
-0.228008
0.169629
-0.332236
0.202171
0.011644
-0.183742
-0.141607
0.154390
0.272438
-0.217252
0.517367
-0.347754
-0.393761
-0.362764
-0.109242
0.114819
-0.108147
-0.410965
-0.304584
-0.330691
0.311473
-0.204135
0.188654
-0.400333
0.139126
0.073979
-0.396960
-0.048058
0.201339
-0.155855
-0.407798
0.110017
0.265673
0.282341
-0.389134
-0.153264
-0.290890
0.139074
-0.114592
0.173187
0.002150
-0.076900
0.093512
-0.103986
-0.267643
0.140935
0.465539
0.659661
-0.442611
-0.147010
-0.612555
-0.096599
-0.135320
0.186371
0.526537
0.019137
-0.076913
0.152295
0.139302
0.067534
0.112441
-0.397839
0.636922
0.512087
-0.103391
-0.129732
-0.122343
-0.531990
-0.527216
-0.319780
-0.271620
0.385025
-0.430779
0.180103
-0.018458
-0.207952
0.044438
-0.523131
-0.433940
-0.143368
-0.232491
0.193994
-0.302700
0.061686
-0.469415
0.794159
-0.285901
-0.052933
-0.214967
0.651085
-0.258151
0.273288
0.247068
-0.194826
0.442821
0.039489
0.371572
-0.049883
0.399337
-0.033271
0.258883
-0.033207
-0.524004
0.123387
-0.065443
-0.515816
-0.605094
-0.133501
-0.347216
0.419711
0.317217
-0.107358
0.098676
-0.182178
-0.041755
0.052557
-0.052532
0.125848
-0.115185
0.182277
0.053690
-0.272101
0.076036
0.019892
0.695930
0.057949
-0.180133
-0.191752
-0.252427
-0.069583
-0.168994
-0.447188
-0.313156
0.293469
0.440247
-0.084018
0.445865
0.036910
-0.150007
0.072916
0.180497
0.238181
-0.479631
0.638536
0.401798
-0.107038
-0.321320
-0.163404
-0.153657
-0.145407
0.454233
-0.581878
0.229899
0.503516
0.103808
0.413273
0.526095
-0.267405
-0.272546
0.312607
-0.090219
0.132157
0.015556
-0.723845
-0.186490
-0.008802
-0.333255
0.675544
-0.318822
-0.039284
-0.054634
0.058884
0.017877
-0.281993
0.202661
0.028607
0.100734
-0.058071
-0.284398
0.325550
-0.295188
0.323576
0.384751
-0.216220
0.010193
0.141999
-0.177159
0.467754
-0.440304
-0.325564
-0.289582
0.423806
0.201754
-0.132175
0.000116
0.101549
0.566965
0.715267
0.643869
-0.529922
0.213004
0.196976
-0.547291
0.449374
-0.147668
-0.329247
0.536318
0.485062
0.222909
-0.042362
-0.140590
0.012033
0.259920
-0.010658
0.294220
-0.289482
0.188021
0.404794
0.734858
0.085583
0.255448
-0.249934
-0.286039
0.396772
0.171257
0.225110
0.272035
-0.518134
0.021464
0.329169
0.360247
-0.178849
0.135980
-0.279244
0.263139
0.027540
0.223400
0.208848
-0.289417
0.134375
-0.598062
-0.011425
-0.352602
-0.266494
-0.359720
-0.338534
-0.716521
-0.357044
0.337977
0.420756
-0.163621
0.054450
0.136937
-0.562048
-0.302039
-0.140934
0.165725
-0.207768
-0.436888
0.049894
-0.603718
0.281451
0.396921
0.263281
0.172980
-0.173541
0.010775
-0.266413
-0.088933
-0.586967
-0.260681
-0.551662
0.144541
-0.004032
-0.375114
0.072872
0.082923
-0.121520
0.561348
0.125813
0.378247
0.155507
0.126716
0.461454
-0.298861
-0.102440
-0.320797
0.326709
-0.733543
0.283249
0.303380
-0.209422
0.380888
0.358706
-0.337900
0.576820
-0.619441
0.668369
0.326404
0.086074
-0.151785
0.206668
0.148355
-0.818448
0.438411
-0.023871
0.432603
0.159505
0.110806
0.055209
-0.373369
0.198588
-0.148994
0.497113
-0.245868
0.226386
0.452899
-0.396700
-0.199157
0.319265
0.416596
0.005415
-0.464990
0.298940
0.136834
-0.263329
-0.334039
-0.439868
0.296296
-0.027277
0.074005
0.434804
0.132850
-0.347251
0.423435
0.369803
-0.011260
0.426199
-0.114312
-0.228030
-0.415385
0.021053
-0.633948
-0.204184
0.514424
-0.112658
-0.160401
0.020329
0.201114
-0.303207
-0.534180
0.512367
0.054307
-0.094655
0.034041
0.441826
-0.232478
-0.019852
0.337782
-0.084674
0.150233
-0.582048
-0.114662
-0.278710
0.598962
-0.662631
0.415113
-0.179806
-0.389123
0.513950
0.019950
-0.165750
0.257826
-0.252091
-0.092263
0.241312
0.120736
0.614952
0.475656
-0.252386
0.369310
-0.093678
-0.100468
0.388909
0.006601
0.636141
0.215427
-0.106560
-0.207649
-0.161142
-0.450158
0.211137
-0.171834
-0.540187
-0.059165
0.101061
0.095857
-0.175629
-0.424313
0.082411
0.434497
0.179757
-0.220351
-0.089644
-0.509746
0.459196
-0.266708
-0.382003
0.326648
0.584299
-0.317221
0.657619
0.316500
-0.225867
-0.619822
0.233072
-0.510130
-0.148288
-0.627691
-0.529729
0.295789
-0.002282
-0.542096
-0.293097
-0.312587
-0.191627
0.465791
-0.211608
-0.050752
0.017557
-0.214628
-0.665065
0.028052
0.293449
-0.386017
-0.004795
0.291232
-0.342528
-0.310124
-0.377954
-0.443954
0.308706
-0.239174
0.059684
-0.220466
-0.174565
-0.041274
0.113850
-0.682132
-0.542346
0.069420
-0.454051
-0.009797
-0.330012
0.362266
-0.565445
0.180188
0.398988
-0.275154
0.806701
-0.217613
0.131847
0.207608
-0.165338
-0.122567
-0.158174
0.467661
0.466545
-0.405607
0.425096
-0.436315
-0.100144
-0.040576
-0.071919
-0.160132
0.164043
0.136556
-0.380536
-0.380440
0.108735
-0.386321
0.064015
-0.208735
0.263445
0.172204
0.356677
-0.000157
-0.149725
0.001479
-0.446867
-0.242484
-0.038141
-0.372291
0.029833
-0.565915
0.020849
-0.111362
0.115040
0.252282
0.180675
0.423733
0.252351
-0.018711
0.103884
0.602994
0.314391
-0.242462
-0.628466
-0.443608
0.197184
-0.081004
-0.825660
0.502688
0.398228
-0.003926
-0.084306
0.247898
0.055400
0.475620
0.093670
-0.033509
-0.284188
-0.425061
-0.268919
-0.515188
0.306486
-0.194527
0.596224
0.417429
-0.348115
0.222122
-0.122996
0.146625
-0.254903
0.325274
-0.587083
-0.210000
-0.084694
-0.292249
-0.026821
0.346838
-0.287412
0.241523
-0.384534
-0.191118
0.136615
0.375011
-0.166751
-0.436498
-0.267169
0.192552
0.239557
-0.538361
-0.521139
0.601902
-0.260635
-0.082692
-0.240666
0.110136
0.069044
0.560648
0.043472
-0.020017
0.059033
-0.034487
0.490492
-0.072692
-0.380462
0.610845
-0.038131
-0.290646
-0.141034
0.233895
-0.602403
0.044837
0.056112
0.191450
-0.168042
0.000035
-0.394067
0.488450
-0.139201
0.112875
-0.278738
-0.049071
-0.397159
0.434663
-0.031895
-0.064558
-0.234897
-0.214356
0.042015
0.655657
-0.018690
-0.528192
0.418114
0.499116
0.451177
0.284859
0.004960
-0.507144
0.471424
0.380756
0.071527
-0.054266
0.034097
0.200135
-0.088485
0.154114
0.103709
0.067857
0.595373
-0.377069
0.165742
0.334358
0.184173
-0.544851
0.567512
0.578255
0.198857
-0.005261
-0.262444
0.360222
-0.387152
0.064420
0.260719
0.063675
-0.202678
-0.098489
0.328400
-0.341753
-0.192545
0.131291
0.045728
-0.728122
-0.037097
-0.088638
-0.257124
-0.078248
0.169226
-0.603528
0.088158
0.010841
-0.261262
-0.100678
0.493072
-0.159421
0.063696
-0.117882
-0.567650
0.082311
0.017416
0.192939
-0.195257
0.558694
0.318635
0.618160
-0.208192
-0.246421
0.304342
0.494049
-0.350528
-0.125826
-0.171370
-0.340781
-0.324976
-0.044393
-0.236112
0.381278
0.125745
0.281991
-0.045087
0.303175
0.265891
-0.260997
-0.285550
0.093125
-0.225840
0.329804
0.006139
-0.240555
0.183687
-0.487220
0.097128
0.187664
-0.255452
-0.517242
0.301049
0.272535
-0.100020
0.222833
-0.126903
0.302998
-0.223450
0.144613
0.033414
-0.067697
-0.030946
-0.216613
0.377390
-0.018549
0.229807
0.317833
-0.138775
0.139846
-0.471140
-0.173792
-0.338160
0.006110
-0.177169
-0.186043
0.008748
0.306766
-0.009214
0.089047
-0.405000
0.232335
-0.249571
-0.176142
-0.195597
0.058469
-0.703173
-0.016738
0.086381
0.124737
-0.422166
-0.070757
-0.357832
0.459638
0.112264
-0.281865
0.415985
0.141644
-0.437961
0.145603
-0.397970
0.250706
0.002474
-0.228251
0.068754
-0.287491
0.095506
0.012029
0.241522
-0.035364
-0.286593
0.378257
0.131473
0.379271
-0.339375
-0.055852
-0.338979
0.529611
-0.188595
0.240917
-0.274473
-0.153907
-0.591427
0.319988
-0.089778
0.051266
-0.207693
-0.173878
0.028106
-0.421243
-0.254894
0.084277
0.069583
-0.349548
-0.288442
-0.262245
0.047048
-0.378542
0.052973
0.267177
0.391199
-0.359789
-0.372655
0.363086
0.028222
-0.373261
-0.202580
-0.482208
0.334939
-0.566685
0.089727
0.457329
-0.037879
-0.679797
-0.000731
0.317173
-0.128730
0.014262
0.225345
-0.058226
0.504558
0.196520
-0.026019
0.003752
-0.265971
-0.415466
-0.490716
-0.342947
0.003123
0.196775
0.270785
-0.566796
0.379656
-0.414882
0.108321
0.315132
0.029672
0.106866
0.159011
-0.176171
0.184541
-0.390276
0.418960
0.135003
0.014598
-0.289571
-0.065668
0.168070
-0.086292
0.009142
0.354651
0.024721
-0.187595
-0.126454
0.441172
-0.020805
-0.172039
-0.073955
-0.219847
0.495154
-0.253367
-0.325390
0.105214
0.614079
-0.624965
0.127757
0.196006
0.276222
-0.313896
0.273536
0.265680
-0.036808
-0.381468
-0.020583
0.497445
0.319754
-0.011412
-0.084369
-0.064837
-0.449496
-0.543310
0.085234
-0.490930
-0.353714
0.011662
-0.491596
0.077448
-0.757516
0.313502
-0.133803
0.403932
-0.188711
-0.123074
-0.251634
-0.031172
-0.119697
-0.035992
-0.119213
0.041748
0.149482
-0.105673
0.247146
-0.007861
0.144113
-0.106389
-0.250984
-0.018861
0.112545
0.292980
0.176275
-0.058946
0.347078
0.360706
0.237870
-0.388980
0.626264
0.243228
-0.259106
0.570842
0.211748
-0.029680
0.614587
-0.114284
-0.171195
0.152600
-0.060935
-0.337327
0.532050
0.599074
-0.028134
-0.124608
0.219198
-0.484935
-0.297026
-0.315796
-0.087547
-0.525162
-0.026159
0.409383
-0.155902
-0.102814
-0.047585
-0.420493
-0.278231
0.032904
-0.483002
0.647116
0.113660
-0.189948
0.042715
-0.170878
0.324499
-0.084872
-0.252106
0.128901
0.277607
-0.129442
-0.014747
-0.041079
0.200778
-0.233146
-0.179406
0.640081
-0.077144
0.553694
0.007009
-0.516551
0.081066
0.402191
0.081725
0.365739
-0.342960
0.106308
-0.039413
-0.206804
-0.174188
0.125434
-0.207894
-0.037992
0.614782
-0.230567
0.315883
-0.334386
0.693944
0.068499
0.063441
-0.207296
-0.816798
0.436090
0.372527
-0.029622
0.404705
-0.042876
0.094282
0.220910
-0.060972
-0.258857
-0.480735
0.536744
-0.026624
-0.220668
0.656221
0.554634
-0.025195
-0.229373
-0.211609
0.623944
0.147761
-0.673059
0.028906
-0.093135
-0.027441
-0.082960
0.653107
-0.544071
-0.073391
-0.060571
0.470338
-0.401881
-0.036334
0.353109
-0.163765
-0.381980
0.295239
0.067415
0.318367
0.383447
-0.227444
0.075493
0.143207
0.542627
-0.032423
-0.470287
0.054293
-0.137701
-0.297137
0.018610
-0.023705
0.031849
-0.023149
0.455475
0.269973
-0.305165
0.624001
0.015030
-0.163912
-0.023465
-0.139552
-0.440134
0.420772
-0.152530
-0.155149
0.369354
-0.247974
-0.265178
0.735262
0.235224
0.398052
0.471505
-0.201293
-0.262306
0.211404
-0.003660
0.506302
-0.197420
0.125639
0.344117
0.187300
0.135231
0.274992
0.042931
-0.526105
0.086039
0.374815
0.557654
-0.303970
-0.041711
0.022922
0.248713
-0.103882
-0.060891
0.042128
-0.231326
-0.021463
-0.059819
0.467080
0.317289
0.389961
-0.007512
-0.315857
0.295243
0.100733
-0.491336
-0.158916
-0.002508
0.483847
0.267094
0.270426
0.782084
0.254859
0.761786
0.396388
0.313501
-0.070364
-0.428306
0.228103
0.527209
0.101479
0.635757
0.079865
-0.195226
0.178952
-0.142927
0.131785
-0.140791
-0.018469
-0.259526
-0.119652
0.262957
0.049612
-0.016238
-0.409314
-0.109973
-0.224363
-0.172912
-0.277831
0.390250
0.091218
0.654804
-0.652141
0.460432
-0.043115
0.470637
-0.257282
0.515874
-0.047209
0.210699
0.146782
0.346306
0.029400
-0.227935
-0.528179
-0.554907
0.393910
0.153953
0.591280
0.238667
-0.235876
0.235415
-0.064424
-0.598301
-0.674807
0.403228
0.024703
0.161662
-0.138841
-0.035120
-0.335131
-0.193480
-0.518025
-0.194904
-0.265858
-0.479495
-0.210516
0.368699
0.179024
-0.077922
-0.156087
-0.297607
0.534051
-0.125041
-0.298449
0.003136
0.319135
0.293694
0.259319
-0.693006
0.043258
-0.236057
-0.596648
-0.179868
-0.355996
0.180891
0.213643
0.340975
-0.112249
0.011044
-0.114327
0.010182
0.068585
0.040154
-0.302977
-0.178463
0.238609
0.164985
0.621698
0.231484
0.331908
0.101130
0.229455
0.147341
0.519821
0.204486
0.556035
-0.544691
0.070322
-0.393398
-0.178099
0.097151
-0.066065
0.370299
-0.302058
-0.052342
-0.018620
0.060721
-0.061186
-0.093290
0.002434
0.119992
-0.122697
-0.165999
-0.520484
-0.259478
-0.700686
-0.803931
-0.280000
0.642686
-0.125487
-0.001656
-0.224869
0.299079
-0.200525
-0.752677
0.155590
0.003673
0.233009
0.211816
0.108077
-0.327446
0.252047
-0.155714
0.642137
0.076450
-0.499762
0.165339
0.244582
-0.214413
0.385196
-0.020111
-0.628708
-0.150156
-0.351253
-0.528644
0.254560
-0.247323
-0.087143
-0.188057
-0.034964
0.488942
-0.340707
0.003479
-0.163974
-0.080183
0.376926
0.367357
-0.120159
0.088195
0.280668
-0.320401
0.266576
0.305487
0.561178
0.054180
-0.004326
0.125463
0.187125
-0.108367
-0.054611
-0.061833
-0.126386
-0.445472
-0.146976
-0.247202
0.102227
-0.093130
-0.173154
-0.220420
-0.231907
0.288363
0.052164
0.044176
0.162206
0.861859
0.285849
0.364366
0.295735
0.403947
-0.389493
0.456591
0.030699
0.192197
0.354516
-0.243549
0.299241
-0.511244
-0.170171
0.768232
0.189680
0.330645
-0.118076
-0.172024
-0.123659
-0.268599
-0.046157
-0.343298
-0.560365
-0.273883
-0.011795
0.489646
0.019949
0.286765
0.042498
-0.070160
0.090656
0.137854
-0.130663
0.021576
-0.531360
-0.520519
-0.408059
0.106281
0.164730
0.691507
-0.454422
0.098366
0.586983
-0.130028
0.203942
-0.186265
0.077193
-0.253709
0.221362
-0.073787
0.398479
0.069402
-0.047493
0.589405
0.250415
-0.664409
0.732647
-0.092807
-0.260359
-0.090691
0.115797
-0.202383
0.163489
0.097660
0.354820
0.340845
0.490058
-0.004073
-0.434428
-0.013529
-0.380314
-0.240423
0.373925
0.092916
-0.405309
0.457240
0.377449
0.109772
0.323888
-0.304374
0.154430
0.361840
0.351426
0.224859
-0.312601
-0.061776
0.581857
-0.028845
0.190586
-0.196450
0.001035
0.110149
0.033587
-0.348724
0.237194
0.045490
-0.156094
0.044524
-0.585405
0.081728
0.640081
-0.223207
0.065845
-0.196387
-0.340223
-0.539125
0.411729
-0.240179
0.188949
-0.614044
-0.655579
-0.007794
-0.258338
0.244001
0.107215
-0.018009
-0.216853
0.500731
-0.340197
0.003121
0.045891
0.058799
0.291256
0.010116
-0.210432
-0.124599
0.020882
0.174768
-0.232637
-0.015911
-0.348524
0.480106
0.014896
-0.261368
-0.254966
0.396213
-0.178020
0.010267
0.095399
0.397257
0.098550
0.396354
-0.344402
-0.369549
0.481270
0.239340
-0.062234
0.075401
-0.127126
0.094443
-0.440893
-0.362692
0.022397
-0.319333
0.742146
-0.354727
0.069073
-0.690934
-0.028608
0.215993
-0.030177
-0.464292
-0.670768
0.125199
-0.359474
-0.628351
0.246136
0.236805
-0.008060
-0.145864
-0.316168
-0.492233
0.201286
-0.684247
-0.220386
-0.310834
0.008634
-0.038896
-0.318681
0.050563
-0.573823
-0.333496
-0.111098
0.533146
-0.222100
0.166915
0.565232
0.206668
0.620341
0.479570
-0.011825
0.025731
-0.374520
-0.427963
-0.104532
-0.031733
0.051621
0.123179
0.244542
0.470872
0.439870
-0.300308
-0.439212
-0.404974
-0.228184
-0.076960
0.043859
0.377629
-0.259696
0.562314
0.377182
0.159337
0.156642
0.005960
0.183923
0.043735
0.018325
0.605905
-0.185485
0.394924
0.410794
0.309181
0.165485
-0.109197
-0.289312
0.441841
0.189860
0.332346
0.094050
0.096543
-0.261500
0.217528
0.322716
0.510765
0.119433
-0.057415
0.883876
-0.315273
0.245082
0.121090
-0.065841
-0.228354
0.078339
-0.289919
-0.486807
0.313133
0.320913
-0.097665
-0.049215
0.218486
-0.456284
0.177523
0.413169
0.012043
-0.275795
0.159111
-0.347858
0.124889
-0.184973
-0.200720
-0.236249
0.053816
0.091996
0.376333
0.021813
0.336745
-0.013879
0.544513
0.006883
0.319723
0.715965
-0.467892
0.024532
0.046108
-0.023258
-0.021393
-0.310065
0.113236
0.342454
-0.330080
-0.229339
-0.118162
-0.071849
-0.111233
-0.128004
-0.176655
0.718073
0.416820
-0.062040
0.309225
-0.414914
-0.623635
-0.028531
0.295867
0.258284
0.198598
-0.466278
0.328992
-0.203237
0.578221
-0.101779
0.636495
-0.107006
0.011150
0.557482
0.368456
-0.038423
-0.253167
-0.029692
-0.229653
0.263334
0.470682
0.384775
0.254698
-0.058304
-0.072337
-0.619620
-0.106355
0.085289
-0.604183
0.081098
-0.054380
-0.161170
-0.028901
-0.285050
0.002949
-0.662003
-0.045118
-0.222714
0.035699
-0.200171
-0.117911
-0.542060
-0.157894
-0.658074
-0.485193
0.059087
0.390184
-0.159017
0.020303
0.142552
-0.011448
0.230020
-0.006003
0.074746
-0.125660
-0.602959
0.460625
0.259903
0.139396
-0.285200
0.073968
-0.223325
-0.116688
0.397540
0.652382
-0.349687
0.176729
-0.398803
0.601534
0.307852
0.239381
-0.094899
-0.106432
-0.211684
-0.487916
-0.051577
0.618447
-0.126007
-0.301285
-0.297543
0.078555
-0.366978
-0.187003
0.112905
-0.257890
-0.476571
-0.123792
-0.027381
0.111532
0.289669
0.319636
0.070475
-0.434120
-0.625299
0.264003
-0.180029
-0.145960
0.493777
0.266930
-0.535419
0.317468
-0.055539
0.424628
0.243608
0.193281
-0.327170
-0.106701
-0.007909
-0.287304
-0.413179
0.200193
0.067681
0.091467
0.744351
-0.135174
0.196944
0.515778
-0.077934
0.502182
0.184295
-0.249243
-0.132900
0.745416
-0.454586
-0.359773
0.100950
-0.216987
0.199566
-0.264296
-0.193580
-0.131278
-0.097579
0.436677
-0.478826
-0.254586
0.213894
-0.054857
0.051959
0.384920
0.213768
0.578775
0.526994
0.221525
-0.403766
0.735720
0.155978
-0.386547
0.089370
-0.187077
-0.267515
0.650192
-0.393423
-0.413133
-0.178718
-0.402390
-0.114461
0.513827
0.277488
0.172815
-0.271400
-0.197546
-0.514554
-0.125113
0.299984
-0.115751
-0.110828
0.241911
0.268784
-0.299711
0.180256
0.127580
0.332373
0.338647
0.163781
-0.784115
-0.121477
-0.350243
-0.201036
-0.020427
0.227329
0.284566
-0.124348
0.389234
0.275580
-0.151211
-0.056677
0.095368
-0.040240
0.794153
0.354858
0.003946
0.154289
0.145924
-0.161780
0.560529
-0.081365
-0.458469
0.210445
0.170565
0.406959
-0.307471
0.229582
0.261609
0.119269
-0.173305
0.218629
0.542470
-0.071235
0.114089
0.038750
-0.037123
0.352994
0.067743
-0.459404
0.282760
-0.338412
0.306404
0.524823
0.118355
-0.374668
0.505092
0.244575
0.045927
-0.007340
-0.454883
-0.885323
0.102455
-0.054197
0.278538
0.163415
-0.646657
0.241054
0.344005
-0.023096
0.464428
-0.356241
-0.488030
0.388234
0.131779
-0.407134
0.257541
0.326730
-0.192170
0.201964
0.512801
-0.647607
0.117401
-0.647977
-0.383028
-0.016490
0.530665
0.004244
0.135081
0.188910
-0.139957
-0.057520
0.493128
0.429278
0.522004
-0.240952
0.125882
-0.208286
-0.566872
-0.312756
0.131974
-0.329384
-0.016784
0.110664
-0.486281
-0.349651
-0.163866
0.112223
0.607457
-0.026520
0.054877
0.277003
0.641429
0.096406
0.113433
-0.333121
-0.356818
-0.345959
0.186127
-0.367835
0.382130
0.151520
-0.298535
-0.205670
-0.507867
0.649106
0.261681
0.019561
0.316158
0.266838
0.095535
0.553056
-0.416291
0.161080
0.389405
0.212516
0.286400
0.260777
0.371192
-0.434372
0.221153
-0.589157
-0.209597
-0.159698
0.290071
-0.047458
0.299117
0.072517
-0.628870
0.135109
0.135304
-0.576063
0.583755
-0.115337
0.031259
-0.252628
-0.412419
0.225021
0.560753
0.386373
0.267754
-0.227858
-0.184657
0.184419
0.203459
0.113719
-0.017389
0.475771
-0.305662
0.368145
0.115826
-0.110370
-0.320438
-0.043015
0.088659
-0.120501
0.242654
0.456702
0.366173
0.149572
-0.258568
-0.381241
-0.011439
-0.451281
0.116827
0.047818
0.051082
-0.244098
-0.055052
0.575214
0.164395
-0.094702
-0.347652
0.204430
-0.062006
0.107295
-0.325046
0.258746
-0.165477
-0.252995
-0.653019
0.505001
-0.321412
-0.105470
0.269509
-0.405671
0.648749
-0.400260
0.320992
-0.365152
0.071664
-0.160184
0.015196
0.054977
0.414626
-0.510748
0.086158
0.157327
0.119774
0.048614
0.051212
0.464969
-0.145445
0.052257
0.088572
-0.325298
0.408787
0.313641
-0.177361
0.079398
-0.610957
-0.301268
0.332897
0.124581
0.458073
0.561276
0.035442
0.222149
0.099717
0.033588
-0.057894
-0.421146
0.506019
-0.656003
0.036903
0.360938
-0.156010
0.007814
-0.588317
0.166523
-0.155758
0.351555
-0.075547
-0.325471
0.010614
0.140333
-0.236069
0.019105
0.465496
-0.061125
0.020037
0.197041
-0.131012
0.360967
0.315007
-0.271714
0.184794
-0.239388
0.182303
0.147991
-0.422576
0.528367
-0.127738
0.203541
0.309541
-0.661843
-0.242076
-0.126666
0.248335
-0.378139
0.272608
0.088216
0.121049
0.036802
0.143962
-0.317006
0.417795
0.019554
0.414826
0.500348
-0.253675
-0.286108
0.062961
0.265323
-0.540601
-0.364607
-0.259247
-0.109557
0.445884
-0.012216
-0.568803
0.005757
0.301990
-0.741921
0.105824
-0.101208
0.189555
0.276569
0.149046
0.039115
0.379106
0.162452
-0.449308
0.272098
-0.052653
0.550665
-0.152350
-0.233724
-0.220635
0.040488
0.265228
-0.246091
-0.425312
0.362789
-0.184425
0.312729
-0.057312
0.129502
-0.227174
0.297200
-0.113799
0.529500
-0.219298
-0.761974
-0.268404
0.160969
0.072479
-0.298662
0.124078
0.286151
0.452932
0.217277
-0.465140
-0.178145
0.552427
-0.256100
-0.038697
-0.319252
0.331397
-0.185991
0.090017
0.251859
-0.040490
-0.003517
0.355232
-0.002161
0.038505
0.174345
0.560824
0.278147
-0.139350
0.248395
0.022486
0.624009
-0.213583
0.118745
0.375527
0.084810
-0.481198
0.482910
-0.159958
-0.031656
-0.107895
-0.601776
-0.040371
-0.308248
0.050291
-0.004529
-0.008072
0.055748
-0.486852
0.395485
0.026403
0.372979
0.262999
-0.119964
0.049996
-0.127355
0.083631
0.339995
-0.145343
-0.131992
0.182906
-0.123707
-0.418994
-0.407773
0.697198
0.657414
-0.356933
-0.257197
0.359360
0.188713
-0.198237
-0.510198
-0.076667
0.025946
0.330893
-0.110824
0.207906
-0.488513
-0.537624
-0.226797
-0.303022
0.316388
-0.537409
0.187374
-0.155391
-0.035340
-0.280626
-0.064332
0.238960
-0.017340
0.327486
0.025375
0.235469
0.211378
-0.260452
-0.447283
-0.457929
0.798622
-0.145782
-0.443234
0.073805
0.204543
-0.338508
0.156468
0.274192
0.550988
0.157115
-0.203172
0.074877
-0.460931
0.089659
-0.168014
0.041765
0.377366
0.118555
-0.026499
0.405958
0.126113
0.469432
-0.082557
-0.021402
0.320876
0.052148
0.203951
0.002194
0.339859
0.481628
0.148772
0.270647
-0.463093
0.120138
-0.599366
0.432073
0.306346
0.091358
-0.099193
0.297146
-0.592847
-0.310306
-0.123384
-0.252908
-0.437620
0.627319
-0.051750
0.149038
0.250970
0.155347
0.153236
-0.227629
0.285643
0.209839
-0.521675
0.458322
-0.546695
0.273250
0.135125
0.290038
0.224216
0.433506
0.172331
0.473539
0.523596
0.001200
-0.211031
0.247603
0.293012
-0.526227
0.099585
0.460203
0.217753
-0.708329
-0.089553
0.093433
0.700686
0.627655
-0.072479
0.479236
-0.195488
0.472950
-0.393767
-0.158686
-0.123452
0.219452
0.312206
0.086913
-0.269455
0.313676
0.393252
0.607380
-0.372750
0.261628
-0.256202
-0.020436
0.114760
-0.377910
-0.127503
0.229021
-0.514319
-0.111520
-0.435332
0.313063
0.185612
-0.128463
0.078147
0.297411
0.165731
-0.423651
-0.032932
0.389992
-0.030781
-0.636445
0.386816
0.361349
0.248630
-0.155010
-0.034369
-0.237392
0.064564
0.072739
0.070459
-0.415487
0.355491
0.070499
-0.089343
0.358490
-0.344890
0.208359
-0.073373
-0.085017
0.395749
0.466155
-0.034618
0.240422
0.529193
0.296784
-0.148313
-0.091181
0.271647
0.320197
0.435163
-0.091589
-0.195551
0.489896
0.161081
0.144494
-0.043825
0.648671
-0.240253
0.094615
-0.162231
-0.301266
0.662248
0.102067
-0.468344
-0.004060
-0.215369
-0.598030
-0.208193
0.314462
0.415284
-0.333566
-0.066867
-0.466697
-0.252220
0.635324
-0.018986
0.316948
0.328461
-0.637329
0.075017
0.323666
-0.371024
-0.256932
0.138373
-0.150784
0.724486
0.379675
-0.026741
-0.248025
-0.446119
-0.271923
-0.518097
-0.138061
0.187499
0.189214
-0.002213
-0.341568
0.207765
-0.233129
0.283393
-0.206283
0.096312
0.202090
0.018228
0.442686
-0.109645
0.118821
0.244449
0.085652
0.100435
-0.328261
-0.022106
0.196980
0.198839
0.404294
-0.041011
-0.257225
0.394593
-0.294177
-0.031460
0.035515
0.322550
0.114646
0.219520
0.445382
0.288872
0.324095
0.481398
-0.289300
-0.529222
0.090162
-0.046878
0.041038
0.474879
0.283904
-0.265597
-0.119779
0.143369
-0.877239
0.149160
-0.057751
0.176715
0.168661
0.151333
-0.222466
0.090285
-0.206765
0.092406
0.571645
-0.208248
0.107335
-0.302038
-0.636248
-0.301606
-0.410105
0.764234
-0.048568
0.258056
-0.155349
0.136361
0.276321
-0.127007
0.127013
0.148078
-0.207137
-0.278273
-0.047897
-0.635756
0.152741
-0.096543
-0.418553
0.293993
-0.022071
0.354439
0.130500
-0.140378
-0.154208
-0.319563
-0.559646
-0.335844
0.427284
-0.137200
-0.018025
-0.149152
0.583701
-0.064258
-0.383481
0.018219
-0.269970
-0.180848
-0.383686
0.224906
0.371819
0.406973
0.529434
0.157830
-0.123941
-0.368281
-0.251950
-0.322885
0.217101
0.295475
0.040836
-0.601452
0.504923
-0.103729
-0.153370
0.119118
-0.490250
0.394021
-0.252358
-0.156559
-0.331858
-0.223130
0.451307
0.225087
-0.448929
0.338645
0.434275
0.043275
0.224842
-0.136460
0.128976
0.447291
0.250765
0.703123
-0.347799
0.246976
-0.038395
0.034310
-0.045985
-0.087101
-0.089841
0.236088
0.356494
0.458609
0.692525
0.131151
-0.412879
-0.135391
0.041876
0.472313
-0.088822
-0.582356
0.371010
-0.048634
-0.367863
0.258373
0.099759
0.092292
0.404927
0.531796
0.118846
0.073996
0.090710
0.213324
-0.083202
-0.056997
-0.363666
-0.048874
0.280475
-0.075883
-0.350575
0.293070
0.035276
-0.477851
0.616939
0.038709
0.026870
0.180228
-0.119769
0.304491
0.496846
-0.023665
-0.285862
0.160049
0.222607
-0.073747
-0.077592
0.317487
-0.327903
0.211003
-0.095861
0.177747
0.248884
0.029344
-0.162134
0.084905
-0.345558
0.310018
0.076515
-0.221294
-0.167808
-0.296733
-0.285665
-0.327862
-0.175571
-0.328099
-0.273063
-0.481508
0.504119
0.664200
0.272673
-0.417093
0.473552
0.166529
0.639596
0.010381
-0.288876
0.082642
0.260610
0.165081
-0.550486
0.187510
0.382520
-0.555289
0.119859
0.169449
-0.257056
-0.386860
0.152760
-0.351215
-0.363276
-0.573872
-0.283642
0.022824
-0.369806
-0.402339
-0.156461
-0.030607
-0.154374
-0.022484
0.007399
0.132470
-0.273900
0.591013
0.113427
0.523335
0.236817
-0.405677
0.267922
0.329498
-0.194725
-0.310979
0.347960
0.209786
0.245329
0.211842
0.050008
0.002064
0.041547
0.316703
0.539207
-0.429058
-0.245238
0.533762
0.024543
-0.064214
0.259778
0.281538
0.028086
-0.323351
-0.294384
-0.323271
-0.387005
0.138530
-0.287280
-0.017845
-0.001027
0.345529
0.197015
-0.007926
0.313056
0.248527
-0.027170
-0.323750
-0.627914
0.013278
-0.299090
-0.303162
-0.636655
0.446849
0.204515
-0.266007
0.183129
-0.067558
0.600468
-0.197346
0.240450
0.329643
0.395518
-0.349485
0.046020
-0.052812
-0.275785
0.254857
-0.072812
0.083770
0.039558
0.443298
0.232197
-0.061398
-0.476978
0.201042
-0.008400
-0.134082
0.229476
0.096826
0.316612
0.254313
0.241921
0.297622
0.497518
-0.617881
-0.193324
0.510009
0.267301
0.411328
-0.255087
-0.231765
0.070000
0.085723
-0.167068
-0.380497
0.362024
0.164059
-0.034373
-0.386519
-0.399784
-0.326268
-0.283839
-0.021340
-0.154026
-0.360625
-0.277290
0.082501
0.330259
0.350278
-0.352792
0.046646
0.021236
0.262349
-0.037076
0.095679
0.071790
-0.532069
-0.455206
-0.185716
0.009527
-0.327396
-0.892526
-0.213159
0.009821
0.030771
0.178316
0.366876
-0.147019
0.554756
0.299896
-0.233660
0.411360
-0.107538
-0.317355
-0.041216
-0.194630
-0.008902
-0.009063
0.307969
-0.145814
0.524279
-0.349779
-0.249081
-0.224066
-0.272387
-0.207330
-0.033759
-0.320295
0.439747
0.016818
0.010131
0.201180
0.429303
-0.337781
-0.070994
-0.399287
0.123724
-0.150361
-0.056438
-0.356348
0.070321
0.285126
-0.255420
-0.206401
-0.169000
-0.334026
-0.594960
0.555490
-0.224859
-0.491119
0.212116
-0.229159
0.117948
0.130731
0.384410
-0.455398
-0.225013
-0.479194
0.128758
0.367898
0.335507
-0.046348
0.210658
-0.324737
0.133127
0.273461
-0.302848
0.021545
-0.046731
0.034583
0.426585
-0.103947
-0.076433
0.242909
0.131428
0.311333
0.535790
-0.058449
0.238905
-0.108162
0.170336
0.105902
-0.118229
-0.001711
0.117371
-0.008671
0.300453
0.221009
0.215582
-0.699898
0.080902
-0.316497
-0.397839
-0.191023
0.152792
0.033190
0.277422
-0.100842
-0.103615
0.533825
-0.205879
0.121311
-0.547768
-0.024280
-0.261452
-0.031992
-0.377843
0.152775
-0.224349
0.421184
-0.058676
-0.163337
-0.555693
0.556452
0.409901
-0.275711
0.063544
-0.451877
0.412811
0.184702
-0.289386
-0.370193
0.028173
-0.061445
-0.363748
0.084696
0.146234
-0.457453
0.121105
0.092519
-0.096158
-0.122726
-0.498025
-0.574301
0.148739
0.184276
0.157114
0.212727
-0.123124
0.115849
-0.341398
-0.089610
-0.285825
-0.077866
0.164859
-0.212503
-0.106582
-0.368349
0.317579
-0.032178
0.320268
0.012095
-0.327966
0.382961
-0.004346
-0.525783
0.144219
-0.141557
0.026216
0.372308
-0.257851
0.271415
0.283123
-0.082046
-0.090968
-0.384874
0.122005
-0.528193
0.007223
-0.334807
-0.506320
0.122248
-0.237044
-0.680048
0.200816
0.012354
0.386291
-0.180391
-0.488615
0.352816
0.047715
0.161986
-0.810248
0.032525
0.219074
0.045235
-0.094172
0.279182
0.593793
-0.011847
-0.093172
-0.505184
0.375655
-0.610371
0.289541
-0.095061
0.298358
-0.058049
0.202311
0.476283
-0.300471
-0.004454
-0.437686
-0.245343
0.731589
0.339185
0.240472
0.181274
0.188581
0.090309
-0.392322
0.110555
0.170055
0.007923
0.191088
-0.233053
0.184665
0.066161
0.421697
-0.618817
-0.363503
0.012533
0.109370
0.105157
-0.362916
-0.037102
0.098341
-0.195105
-0.256293
-0.236530
0.137991
-0.203902
-0.306437
0.488085
0.440189
-0.190527
-0.161302
-0.312137
-0.316928
0.036881
-0.059098
0.100450
0.170926
-0.391901
0.347930
0.185914
0.300327
0.059967
0.456660
-0.448892
0.192940
0.175889
-0.511164
0.096855
-0.286636
-0.224118
0.193720
-0.253960
-0.149403
0.144264
-0.518712
0.060477
-0.225224
-0.286498
0.331673
0.385845
0.561708
0.205804
-0.303956
-0.110777
0.289388
-0.229514
-0.019747
-0.072531
-0.508510
-0.051975
0.164040
-0.236617
-0.018939
-0.112157
0.042075
0.263113
0.617807
-0.136409
0.451322
-0.515176
0.132409
0.090701
-0.206772
-0.031687
0.105289
-0.230963
-0.056750
-0.237971
0.130279
-0.530423
0.215930
0.286584
0.597230
-0.442258
0.308407
0.027108
-0.234705
0.387472
0.106436
0.292999
-0.116496
0.594882
0.237518
-0.296083
0.229819
-0.162912
-0.592003
0.190300
-0.141043
0.540965
0.106054
0.440006
-0.164359
0.411030
0.173914
0.128302
-0.281666
-0.272444
-0.025782
0.198646
0.321502
0.292671
-0.555839
0.194284
-0.246071
-0.443414
0.047202
0.666763
0.237930
-0.455066
0.394301
-0.149221
0.435214
-0.057407
-0.397505
-0.209283
-0.339789
0.601853
0.469146
-0.018652
-0.349319
0.071271
-0.613488
-0.130703
-0.190623
-0.014518
-0.424172
0.108629
-0.406906
0.413972
-0.169388
0.469040
0.099145
-0.194147
-0.085365
-0.375743
0.380034
-0.077752
0.254250
-0.228134
-0.654040
-0.140417
0.363654
-0.121219
-0.252006
-0.076230
-0.161573
-0.129028
-0.325205
-0.211945
0.205418
-0.345085
-0.025317
0.320532
0.703955
-0.032583
0.591355
-0.626819
-0.258536
0.254296
0.065163
0.304530
0.132708
-0.559705
-0.203968
-0.504850
0.302557
-0.364175
0.278059
-0.050796
-0.283053
-0.591173
0.570636
0.064570
-0.307454
0.589441
-0.027361
-0.026388
0.024243
0.129333
0.008257
0.094933
0.223243
0.304041
-0.388380
0.326608
0.040279
-0.098969
0.331825
0.247829
-0.185861
0.449310
0.373098
0.514196
-0.246155
0.510826
0.238808
0.538711
0.000349
0.387862
-0.556521
-0.341930
0.203959
-0.188987
0.003307
-0.228966
-0.104846
-0.358286
0.063890
-0.065157
-0.030139
0.040467
0.185914
0.184842
0.059797
-0.035089
-0.127951
0.403634
-0.244472
-0.535813
-0.127423
-0.095164
-0.196387
-0.235314
-0.164944
-0.119881
0.558178
-0.349765
0.174208
0.612616
0.156026
-0.489885
0.108728
0.334974
-0.071314
-0.125900
-0.278655
0.403848
0.041782
0.478752
-0.275603
-0.394770
0.070252
-0.387311
0.602696
0.110238
0.109351
-0.585450
-0.071345
0.444668
0.356941
-0.376799
-0.238193
-0.050685
-0.193372
0.595066
-0.085851
0.436349
-0.323295
0.046486
-0.099793
0.114473
-0.002233
0.115496
0.464495
-0.254743
-0.032232
0.053316
-0.222528
0.366188
-0.392680
-0.442248
-0.055743
0.154153
0.341768
-0.786004
0.576701
0.107242
0.069359
-0.464924
0.117115
0.617271
0.158396
0.022891
-0.033707
-0.440469
-0.236454
-0.038728
-0.411757
0.357304
-0.210899
-0.115466
-0.072828
-0.042211
0.266713
-0.236537
-0.018808
-0.148300
-0.198603
0.120418
0.361410
0.601194
0.394752
-0.347639
0.432876
0.129585
-0.086130
-0.036482
0.576929
0.638813
0.013614
-0.375674
0.028188
-0.018720
-0.037310
-0.406823
-0.259483
0.175824
-0.386961
-0.394458
0.298219
0.513402
0.003993
0.070856
-0.169884
-0.336005
0.182021
0.228268
0.281458
-0.101192
0.359192
0.299873
0.179047
-0.269332
-0.374397
0.070682
0.147573
-0.197059
0.376931
-0.243290
-0.448876
0.049475
-0.519502
-0.804459
-0.090279
-0.627894
-0.144760
-0.529824
-0.519539
-0.037212
0.231150
-0.408533
-0.041015
-0.189242
0.500483
0.210844
-0.570799
0.135769
0.117387
-0.448624
0.354506
-0.200776
0.391216
-0.156857
-0.251548
0.152541
-0.279584
0.394991
0.035051
-0.382448
0.310426
0.008531
0.064286
0.613414
-0.690384
-0.148002
-0.051375
-0.000646
-0.627048
-0.293037
0.753227
-0.099483
0.167182
-0.801387
0.070388
-0.046395
0.305089
-0.121774
0.329248
0.085155
-0.006689
0.658295
0.386422
0.575753
0.751806
0.434673
-0.351550
-0.042680
-0.278970
-0.087822
0.539940
-0.317637
-0.332693
-0.326893
-0.165537
0.050185
-0.505094
0.222391
0.426505
-0.317914
0.617079
0.148084
0.081515
-0.118345
-0.002110
0.348758
0.328625
0.563245
-0.079872
0.099753
0.109856
0.567973
0.097876
0.656374
-0.093211
0.592822
-0.209849
0.229181
-0.419171
-0.080350
-0.039673
-0.148580
0.275716
0.035620
-0.021536
-0.544965
-0.117146
-0.025614
-0.331454
0.436935
0.404521
-0.013861
-0.429944
-0.174279
0.057556
0.088454
0.327247
-0.173782
0.001399
0.359103
0.745531
-0.051915
-0.361783
-0.392139
-0.119350
-0.228205
0.037444
0.069014
0.083867
-0.074741
0.039721
-0.501543
0.145513
-0.180435
0.487831
0.220534
0.054412
0.040709
0.305562
0.025092
0.273261
0.538041
-0.211122
-0.618155
-0.028693
0.563085
0.048992
-0.151620
0.509552
-0.136370
0.286040
0.612549
-0.041984
0.372360
-0.041837
0.690887
-0.097176
0.313221
-0.131518
0.107678
0.359228
-0.253468
-0.173602
0.183804
0.332423
-0.319469
0.339682
0.475123
-0.511784
0.174785
-0.024943
-0.511824
-0.673749
-0.138290
0.036561
0.009261
-0.745632
-0.865053
0.081467
-0.413324
-0.069149
-0.405473
-0.185321
0.363408
0.118080
-0.005603
0.018325
0.676482
0.062665
-0.138867
0.015401
0.124465
-0.004985
0.726578
0.338398
-0.373245
0.435735
0.311852
0.128321
-0.458854
-0.365293
-0.714426
-0.132081
-0.340909
-0.112207
0.436203
-0.125706
-0.650819
0.079287
0.240305
0.292042
0.203680
-0.232850
0.302911
0.529911
-0.172960
0.019026
0.160492
-0.133615
-0.114807
0.342530
0.109496
-0.544147
0.036014
0.180238
-0.466815
0.268141
0.334823
-0.027560
-0.001267
-0.267034
-0.234079
0.107886
-0.607402
0.888920
0.542903
0.330504
-0.125494
-0.535948
0.165895
-0.076394
-0.498114
0.526417
0.047062
-0.601521
-0.061402
-0.049198
-0.528360
-0.018597
0.475964
0.024674
0.195638
-0.188165
-0.099987
-0.020219
-0.309693
-0.245795
-0.256668
0.158669
-0.127168
-0.007310
0.038236
-0.229587
0.147700
0.513941
-0.239692
0.239495
-0.267564
0.417815
-0.048024
-0.103273
-0.210415
-0.106055
-0.045504
-0.432442
-0.164500
-0.008081
0.275004
0.032380
0.080733
-0.328168
-0.307106
0.258165
-0.638166
-0.312636
0.027669
0.380897
0.021043
0.676037
0.220541
-0.287678
0.061259
0.154770
0.253692
-0.553192
0.439774
-0.416902
-0.313984
-0.095896
-0.299225
0.454370
-0.470633
-0.227595
-0.150221
0.207319
-0.031196
0.188993
-0.558260
0.281466
-0.599954
-0.381470
0.604778
-0.096325
0.354249
0.328045
0.236262
0.182328
0.358823
0.532448
0.251086
-0.022149
0.084372
0.346861
0.307839
-0.575936
0.179610
-0.220610
0.205349
0.129369
-0.109599
-0.727356
-0.038457
0.052143
-0.222292
-0.356368
0.375742
-0.116610
0.151257
-0.016059
-0.096839
-0.726202
-0.204711
0.574531
0.192446
0.186561
-0.180990
-0.188741
0.174115
-0.024648
0.250193
0.494912
0.104681
0.286045
0.415126
0.288374
0.455777
0.029768
0.110617
-0.280775
-0.279240
-0.169159
-0.233852
-0.277887
-0.159743
0.046201
0.218476
0.232743
-0.235219
-0.241096
0.187661
-0.423986
-0.227298
-0.016588
0.310132
0.043218
-0.509850
-0.126301
0.187461
-0.163772
-0.085516
0.440405
0.030988
-0.014903
-0.016488
-0.248959
0.026944
-0.716291
-0.067296
-0.089720
0.137416
0.351844
-0.120670
0.383436
0.035737
-0.008801
0.006483
-0.276393
0.665895
-0.489974
0.249272
-0.090019
0.214946
-0.252737
-0.047885
0.664531
0.157146
-0.051962
0.054714
-0.112599
-0.662675
0.295707
-0.313655
0.488604
-0.288983
-0.405414
0.023102
-0.200829
0.013112
0.279861
-0.048459
-0.411845
-0.525870
0.213119
-0.013691
0.088082
-0.607844
-0.390476
-0.364775
0.569631
0.200852
0.275281
-0.078604
-0.168495
0.172627
-0.120580
0.565205
-0.502069
-0.071680
0.104889
0.371886
-0.543399
0.135986
0.294180
-0.104233
0.406608
-0.041338
0.099727
-0.443270
0.020380
0.391591
0.235074
0.154238
-0.313098
0.022492
-0.601650
0.563531
0.169908
-0.584929
-0.226886
0.016408
0.498396
0.249521
-0.082166
0.450162
-0.362612
0.228641
0.289436
0.064897
0.038026
0.094662
0.188774
0.426698
-0.307681
-0.128617
-0.170126
0.436829
-0.609512
0.027892
-0.027780
0.090032
-0.110640
-0.461019
0.171864
0.333652
0.110295
0.469675
-0.085191
-0.161181
-0.009420
0.320719
0.001134
0.289405
-0.013329
-0.222783
-0.195468
0.271071
-0.304025
-0.003917
-0.519880
0.071740
0.135077
0.489394
-0.385269
0.467671
0.296300
-0.157818
-0.378381
0.490535
-0.105173
-0.188688
0.275639
0.016727
0.025473
0.452601
0.203242
0.500472
0.052533
0.102366
0.313189
-0.541919
0.023825
0.115436
0.165523
0.061836
-0.054766
-0.587228
0.185991
0.158544
-0.295090
0.260685
0.082121
0.326287
-0.311492
0.240736
0.044277
0.513102
0.221343
0.031872
0.800157
-0.479277
-0.164912
0.192097
-0.238180
-0.353551
0.086248
0.413682
0.204182
0.310722
-0.175373
0.593013
0.033528
0.471888
-0.240519
-0.158321
-0.352531
-0.284775
0.402048
0.029997
0.250330
-0.213697
0.282543
-0.274812
-0.016912
-0.400410
0.499792
-0.716949
0.000760
0.058680
-0.476073
-0.567037
0.325769
-0.171852
0.209293
-0.509975
-0.183912
0.287490
-0.573642
-0.490364
-0.327116
0.004377
0.499832
0.176690
-0.040389
0.640035
-0.605244
-0.141786
0.270733
-0.489935
0.142285
-0.108930
0.240095
0.004904
0.250999
0.046789
0.142274
0.033195
-0.081811
0.222938
0.303142
0.135206
-0.262777
0.330330
-0.391809
0.265965
0.147682
0.297543
0.227227
-0.179646
-0.054049
0.737821
-0.370821
-0.075523
-0.179197
-0.196767
-0.340512
-0.136192
-0.083487
-0.140294
0.120158
0.057462
0.198804
-0.171131
0.176163
-0.136073
-0.348090
-0.109867
-0.037834
-0.410510
-0.140283
0.116866
0.447490
0.275980
0.119071
-0.048207
0.456485
-0.297067
-0.320072
-0.280754
-0.214932
-0.288167
-0.187252
-0.324900
-0.069973
0.053250
-0.425560
-0.112975
0.543066
0.383506
0.571070
0.208885
0.290126
0.395068
0.057750
0.172986
0.493850
-0.011716
0.096127
0.278101
-0.151933
-0.258642
0.110186
-0.617126
-0.213197
0.082908
-0.215480
0.228982
-0.008873
0.160106
-0.067445
-0.374587
-0.326285
0.232486
0.284324
0.069393
0.031380
0.382373
-0.202461
0.484577
0.256077
0.572309
-0.232312
-0.434267
0.241773
0.071879
-0.507855
0.549964
0.060210
-0.361105
0.031447
-0.026705
-0.104695
-0.395720
0.346322
-0.423523
-0.092509
-0.370534
-0.173942
-0.178345
-0.479092
-0.364917
0.261959
0.160365
0.444322
-0.661998
0.279676
-0.151941
0.047993
-0.061356
0.175772
0.360816
-0.113981
-0.127780
-0.306650
0.063320
0.131671
0.203575
0.083362
0.579042
0.359271
-0.442369
0.315351
-0.126125
0.329310
-0.379466
0.112065
0.260692
0.016000
-0.166014
0.051479
-0.272662
0.025051
-0.105221
0.215111
0.242681
-0.042993
0.597307
-0.340935
0.027840
0.620108
0.623828
0.139072
-0.489895
0.164053
-0.110081
-0.199035
-0.019087
0.092895
-0.470084
0.416620
0.068232
0.117278
-0.472889
0.180349
0.671570
0.140608
0.160995
-0.109697
0.279390
0.331670
0.323792
-0.228340
0.089410
0.135461
-0.140166
-0.245448
-0.509993
-0.690382
-0.188168
-0.031554
-0.422463
0.381770
-0.569008
-0.050348
0.439627
-0.156412
-0.081562
0.182403
-0.016165
-0.030334
0.271738
-0.064885
-0.599844
-0.043214
0.052036
-0.409582
-0.360434
-0.018848
0.116850
-0.658996
-0.080030
-0.483149
-0.436066
0.318138
0.307737
0.196422
-0.014052
0.462217
-0.109992
0.156924
0.046889
0.150582
0.620592
0.560613
-0.189859
0.792004
0.012608
-0.216898
0.588619
0.167161
0.135669
-0.336388
0.206414
-0.365493
-0.374325
0.639168
-0.162960
0.265937
-0.254634
-0.030706
0.166739
0.017045
0.080392
-0.282109
-0.031153
0.181041
-0.458159
0.021971
0.054310
0.115221
0.313788
-0.511553
-0.599370
-0.027023
0.155498
0.516920
-0.426062
0.177065
-0.338201
-0.518587
0.362859
0.286653
0.094209
0.103216
-0.034879
0.000571
0.008644
0.020670
-0.235936
0.136764
-0.207853
-0.252434
0.166245
-0.523643
0.568368
-0.236275
0.354580
-0.290224
0.725064
-0.219049
0.122190
0.236432
-0.142749
0.020965
-0.434074
-0.141438
-0.339732
-0.254327
-0.088468
0.298640
-0.271395
0.281952
0.017644
-0.037835
-0.605200
0.140222
0.387479
-0.439714
-0.325966
-0.155041
0.444374
-0.035123
-0.250043
-0.067458
-0.221494
-0.492829
0.561685
0.264652
-0.326130
-0.124296
-0.666601
-0.162168
-0.740612
-0.747689
0.154047
-0.007559
0.132797
-0.103216
-0.184313
0.595774
0.614842
-0.185065
-0.010050
0.615137
-0.154477
0.336304
0.119289
-0.030358
-0.178507
0.007485
0.200079
0.089260
0.391882
0.195436
-0.169869
0.030934
0.231095
-0.001923
-0.450959
-0.030435
-0.211376
0.202713
0.450190
0.291522
-0.172018
-0.173728
0.645086
0.169246
-0.120099
-0.213927
-0.245921
0.100738
-0.452646
0.130599
0.171062
0.580741
0.188631
0.518855
0.459098
-0.153721
-0.174518
0.091807
-0.206357
0.146138
0.814969
-0.143760
-0.213987
-0.287470
-0.000761
-0.693746
0.151075
0.150712
-0.129965
-0.081356
0.181383
0.281410
-0.528375
0.072528
-0.411695
0.304740
0.282214
0.062741
-0.430376
-0.416511
-0.003666
0.272741
0.127665
0.203343
-0.493660
0.025668
-0.263287
0.480900
-0.034290
0.010253
0.266519
-0.056064
0.086370
-0.201098
-0.022167
-0.155323
-0.268481
0.339488
0.369826
0.207117
-0.541504
-0.596317
-0.110008
0.124259
0.422358
0.322467
0.046561
0.159963
0.580674
-0.369541
0.283011
0.067021
-0.044357
-0.125231
-0.039811
-0.055216
-0.085521
-0.185679
-0.305453
-0.014291
0.630756
-0.481590
-0.076874
0.000817
-0.278467
-0.460712
-0.039652
0.385686
0.027989
0.060088
0.248814
-0.753715
0.142147
-0.097797
-0.210275
-0.075110
0.332741
-0.264902
0.535530
0.822903
0.675378
-0.062116
-0.255074
-0.236284
-0.024944
0.088493
-0.307726
-0.261310
-0.129264
-0.731630
-0.291609
-0.075883
-0.169952
0.262998
0.216568
0.599773
0.083102
-0.142764
0.220304
-0.123276
-0.297194
-0.193379
0.134346
-0.486945
0.310387
-0.488991
-0.176868
-0.291043
-0.654024
-0.482751
-0.216427
0.168661
0.125657
0.202690
0.234468
-0.164959
-0.172112
-0.117464
0.347478
-0.785659
0.474294
-0.191454
-0.613461
0.006958
-0.151453
0.363575
0.386316
0.227977
-0.202712
0.216073
0.421598
-0.413852
0.215464
0.258884
0.037572
-0.515515
0.546654
0.543763
-0.217951
0.432717
0.058863
-0.350156
-0.071023
-0.379985
-0.218204
-0.523115
-0.622341
0.187088
-0.068288
0.046974
0.369600
-0.227347
0.335941
0.470241
-0.099638
-0.486020
0.232104
0.169931
0.077026
0.169740
0.127832
0.506899
0.011205
-0.510530
0.607534
-0.322919
0.310892
0.023570
0.573876
0.338507
0.093826
0.328025
0.001490
0.081845
-0.558348
0.253323
-0.181761
-0.125394
-0.025688
0.511840
-0.024427
0.197940
0.300404
-0.122207
-0.208614
0.091461
-0.292828
0.130748
-0.342350
0.467585
0.413254
-0.009533
0.346265
0.083193
-0.453589
0.485698
-0.626006
-0.382766
-0.327714
-0.149909
-0.075280
-0.179423
-0.380070
0.005505
0.486345
0.577735
-0.041093
0.136778
-0.208653
0.275502
0.250939
-0.547210
-0.099345
-0.285664
0.394726
0.535886
-0.519617
-0.166626
0.400616
0.094550
-0.089749
0.311236
-0.359319
0.572654
0.008192
-0.304527
0.056037
-0.363035
-0.352230
-0.667114
-0.482427
-0.507984
-0.080833
-0.388769
0.601425
-0.236967
0.348172
0.621986
-0.222194
0.172306
-0.011462
0.071314
0.398463
0.492737
-0.031751
0.037573
0.242932
-0.099483
0.103270
-0.235048
-0.355996
0.015492
-0.322363
0.307580
-0.053745
0.011877
0.068782
-0.440422
-0.242757
-0.068515
-0.500537
0.140892
0.055234
0.490282
0.220787
-0.066485
-0.132434
0.139638
-0.222024
-0.164838
-0.345830
-0.145206
0.313347
0.601225
-0.176955
0.286104
0.130713
0.346155
0.364151
0.368081
0.318493
-0.717696
0.194998
-0.009516
0.500943
0.339141
0.696295
-0.034151
-0.247151
-0.190272
-0.130714
0.488931
0.001860
0.051744
-0.298297
-0.047419
-0.237619
-0.108606
0.111692
-0.014185
-0.069581
0.212570
-0.038341
0.307901
-0.309641
-0.372225
0.047360
-0.200954
-0.615290
0.326935
-0.492787
-0.068917
0.084518
-0.098240
0.216569
0.301261
-0.175162
0.268436
0.266723
0.418502
-0.418551
0.033210
0.455567
0.084043
0.459981
-0.019354
-0.382840
-0.052528
0.389143
-0.566979
0.046523
-0.076002
-0.078543
-0.266796
0.414014
-0.172268
0.660745
-0.407501
0.163690
-0.374194
0.186503
-0.130856
-0.160648
-0.320850
0.265597
-0.428099
0.133177
-0.035535
-0.233159
-0.030373
0.320288
-0.343842
-0.143207
0.116200
-0.249263
-0.246407
0.187870
-0.566275
-0.260128
0.273575
0.113992
0.206673
-0.013790
-0.190542
-0.438051
-0.236824
0.577536
0.571229
0.494186
0.428297
0.415352
-0.278243
0.136405
-0.312660
0.345606
-0.354032
0.122556
-0.220100
-0.160902
-0.243399
-0.719063
0.147571
-0.180429
-0.280496
-0.386976
0.148297
-0.298353
-0.407882
-0.453676
0.162523
-0.234345
-0.279172
0.425364
0.450791
0.373850
0.102745
0.068357
-0.106677
-0.455852
0.330808
0.133527
0.284175
-0.519068
0.407831
-0.363708
-0.430941
0.182767
-0.081739
-0.431140
-0.226292
-0.319075
0.164374
0.363314
0.124680
-0.052918
0.028223
-0.280700
-0.469918
0.370364
0.379192
-0.628909
0.320402
0.085555
-0.152210
-0.108527
-0.448966
-0.538312
0.138335
-0.245993
-0.152494
-0.275518
-0.359937
-0.550134
-0.624642
-0.057661
0.395632
0.536215
-0.030250
0.200705
-0.081044
-0.190390
0.448605
-0.460140
-0.247454
-0.206112
0.081567
0.023364
0.767622
-0.365697
0.044084
0.310007
-0.478567
-0.080272
0.162045
0.263187
-0.022288
0.086817
-0.191501
-0.349738
0.695862
-0.113588
-0.672543
0.104612
0.227525
0.000663
0.089424
-0.128665
-0.180511
0.000538
0.232235
-0.260950
0.314901
-0.530439
-0.250406
0.270001
0.323751
-0.264660
-0.367984
-0.367227
-0.073984
-0.330337
-0.287553
0.152769
0.437984
-0.097020
0.247857
-0.514772
0.401035
-0.622406
0.686470
-0.025357
0.198950
0.570781
-0.548515
-0.168210
0.268241
0.297517
0.130291
-0.114836
-0.234762
0.024376
-0.485264
0.226399
0.781890
-0.074797
-0.008316
-0.056171
0.172335
0.086285
0.004086
-0.564358
-0.217822
-0.031792
-0.354616
0.131496
-0.060107
-0.128578
-0.530717
-0.172693
0.482492
0.085937
0.001464
-0.244208
0.411855
-0.093435
0.256308
-0.351628
-0.009386
-0.265720
0.286221
-0.588885
0.197993
-0.195247
0.115986
0.362482
0.170881
0.667715
0.188486
-0.132572
0.467976
-0.224777
-0.464136
-0.144490
0.580614
-0.246415
-0.084425
-0.636749
-0.796850
0.330148
-0.207347
-0.675853
0.014649
-0.131566
0.003665
-0.118775
-0.240439
0.355913
-0.444991
0.285914
0.082072
-0.019340
-0.622712
-0.171154
-0.366975
-0.032222
0.041152
-0.610442
-0.733242
-0.335907
-0.522038
-0.074706
-0.266580
0.054719
0.501451
0.135499
0.142040
0.715463
-0.374814
-0.034883
-0.319400
0.085773
0.055234
-0.387518
0.195932
-0.084591
0.055136
0.142207
-0.219996
0.453079
0.112181
0.158747
0.058309
0.103958
0.513804
0.468681
-0.067637
0.106378
0.267681
0.195620
-0.405560
0.459861
0.015198
0.068535
0.488417
0.491485
-0.371328
-0.021537
-0.702638
-0.229040
-0.408203
-0.123499
-0.164566
-0.055477
0.124599
0.303249
0.199218
-0.295679
0.218580
-0.291144
0.222769
-0.300953
0.344358
-0.446641
0.189099
0.492067
-0.097931
0.278806
0.198803
0.350390
0.622375
-0.204096
0.367254
0.338224
-0.262988
0.229860
-0.498264
0.112199
0.739650
0.237709
-0.719336
-0.713206
0.088045
-0.165254
0.587069
0.182954
-0.220944
0.081643
0.114674
0.002926
0.393925
0.020525
-0.426401
-0.306948
0.039373
0.454519
-0.028364
0.277753
0.109543
0.017885
0.138646
-0.128410
-0.325485
-0.307437
-0.293826
0.154440
0.133667
-0.317529
0.177239
0.258786
0.628393
0.290939
0.113841
-0.469756
-0.264673
-0.367606
0.172641
0.459878
0.183366
-0.076087
-0.235936
-0.218730
0.375077
-0.107093
0.495781
-0.291902
-0.737115
0.219529
0.321849
-0.328277
-0.181714
-0.240558
-0.908130
0.302974
-0.669574
-0.094104
-0.051610
-0.231728
-0.270127
-0.230518
0.346668
0.392939
-0.040239
-0.184149
0.529300
-0.106995
0.008247
-0.562883
0.166910
-0.155155
0.225215
0.359646
-0.433072
0.155656
0.547353
-0.031821
-0.273751
0.167311
-0.276842
-0.406181
0.122859
-0.293906
0.190371
-0.244304
0.273334
0.328392
-0.628758
-0.284690
-0.043509
0.686719
0.525592
-0.080738
0.215783
-0.104921
0.268817
0.121052
0.155375
-0.120114
0.339689
0.052688
0.088981
0.189086
0.484733
-0.283462
-0.140660
-0.569581
-0.151090
-0.025874
-0.128792
0.400597
-0.161710
0.348295
0.110873
-0.289824
-0.516136
-0.312734
0.125499
-0.043705
-0.337665
0.430305
-0.068221
0.217330
-0.411619
0.017406
-0.463941
-0.258894
0.032797
-0.022880
-0.542881
0.116228
-0.112606
-0.198842
-0.208115
0.014384
-0.421957
0.506742
-0.624603
-0.081769
0.159653
0.256735
0.571258
-0.489870
-0.225816
-0.341270
0.311744
-0.334430
-0.382981
-0.033507
-0.274911
-0.693724
-0.460116
0.169756
-0.151927
0.496195
0.024902
-0.163651
0.436090
0.294451
-0.114899
-0.683196
-0.292081
0.018636
0.176846
0.394792
0.440157
0.428344
-0.053401
-0.528074
0.091876
-0.175138
-0.448711
0.648944
0.143921
-0.543072
-0.233282
0.160218
0.343848
-0.076654
0.484297
0.304391
-0.018639
-0.420338
0.577018
0.016198
-0.372996
0.557189
-0.380663
0.166885
0.094135
-0.288110
-0.387533
0.358055
-0.059560
0.435522
0.266843
0.479305
0.057377
-0.089151
-0.342778
-0.127630
-0.675878
0.151986
-0.059977
-0.311196
-0.496910
-0.442009
0.563249
0.237455
-0.040905
0.435350
0.259040
0.266819
-0.320566
0.108924
0.016618
-0.210171
0.611464
0.253608
-0.213611
0.180784
-0.337049
0.066241
0.063871
0.026301
-0.232714
-0.018233
0.330506
0.018520
0.425658
0.271238
-0.177412
-0.202685
-0.192389
-0.073944
-0.428946
-0.232512
-0.380793
-0.091135
0.525926
0.025087
0.212290
0.208835
0.191723
0.423496
0.106580
0.205373
0.091273
-0.612167
-0.424351
0.234754
0.398554
0.290433
-0.494990
-0.336062
-0.633726
0.546597
0.691589
-0.162327
-0.418852
-0.312845
-0.270720
-0.118466
-0.344508
-0.020906
0.211056
0.412826
-0.364263
0.126382
0.522228
-0.161377
-0.130606
0.481120
0.306960
0.410906
-0.513758
0.395986
-0.176949
0.525483
-0.001046
-0.170235
-0.124245
0.089851
-0.328878
0.285661
0.362274
0.049236
0.380405
0.009430
-0.067929
0.049498
0.171192
-0.045789
0.015160
0.084186
-0.510222
0.001147
-0.266462
-0.017595
0.201581
-0.122165
-0.052809
-0.488701
0.279304
0.292356
-0.022370
-0.250868
0.011922
0.108023
-0.234458
-0.388613
-0.219384
-0.437009
0.219649
0.202096
0.242122
-0.059863
-0.420499
0.202248
0.522156
-0.122683
0.212098
0.290175
0.157074
-0.246274
-0.140166
-0.255329
0.391056
-0.231237
0.147494
-0.097024
-0.107201
0.202932
0.198691
-0.249117
-0.294867
0.128177
0.087585
0.290380
-0.122471
-0.304355
0.496140
-0.029069
0.200020
0.062353
-0.260541
0.360330
-0.660652
-0.669344
-0.531089
-0.102687
0.178560
0.483627
0.365024
0.426278
-0.533217
-0.114033
0.066918
0.526457
-0.156753
0.320773
0.215118
0.140230
-0.067287
0.243798
-0.168843
-0.371043
0.030819
0.561174
-0.108389
-0.426452
0.229784
-0.156635
0.012636
-0.238761
0.309715
0.010714
-0.222421
0.263514
0.318291
0.012405
0.006914
0.157966
-0.227665
0.213138
-0.514813
0.101955
0.758222
-0.114489
-0.629339
0.495598
0.409138
0.055754
-0.276568
0.032595
0.138425
0.122295
0.233740
0.486645
0.426140
-0.139716
0.173405
-0.088318
-0.262787
-0.115630
-0.110869
-0.094559
-0.191551
0.196812
-0.081905
0.078298
-0.128357
-0.579011
0.130788
0.377927
-0.537879
-0.626007
-0.100468
-0.394784
-0.339241
-0.233033
0.222818
0.254978
-0.414612
0.142370
-0.369220
-0.042750
-0.320456
0.175995
0.018448
0.001355
0.505609
-0.047667
-0.252535
-0.420514
0.263393
0.147194
0.337575
0.485580
-0.240207
-0.229770
-0.263807
-0.255223
-0.256292
-0.063497
-0.501076
0.379392
-0.168301
-0.026469
0.204835
0.206419
0.593024
0.200964
-0.066753
0.485568
-0.526621
0.290484
0.333409
-0.383673
0.146410
0.068160
0.497901
-0.182300
0.236130
-0.267795
-0.571361
0.464700
-0.612671
0.416852
-0.158078
-0.436672
0.489557
-0.111585
-0.748825
0.003847
0.023096
0.206766
-0.060788
0.225803
0.160795
0.389393
-0.613666
-0.343651
0.627827
0.271191
0.168213
-0.259971
0.547704
-0.033250
0.011741
-0.250019
0.082235
-0.313377
0.341713
-0.099694
0.354631
-0.070700
-0.747382
-0.104680
-0.026264
-0.631497
-0.199211
0.454040
-0.722301
0.623819
0.322619
0.372756
-0.726764
-0.578206
0.068049
0.166835
0.291322
-0.093697
0.249771
-0.729898
0.235196
0.186685
0.200186
-0.384238
-0.397823
-0.352093
-0.327667
0.258588
0.149790
0.497983
-0.150238
-0.078643
0.206660
0.153133
-0.282996
-0.191911
-0.229955
-0.120274
-0.672495
-0.240360
0.370230
-0.100319
0.016499
0.344412
0.348333
0.108901
-0.286522
-0.061399
-0.536881
0.353011
-0.253513
-0.152341
0.225203
0.037584
0.345409
-0.373376
0.033712
0.100923
-0.258566
0.401556
-0.227811
-0.186499
-0.292913
-0.571857
0.113039
-0.684550
-0.156813
-0.129388
-0.027215
-0.208020
-0.359947
-0.065766
0.034690
0.180786
-0.116802
-0.536926
-0.276985
-0.665490
0.722268
-0.655334
0.060624
-0.704123
-0.089723
-0.182377
0.007176
0.040482
0.256004
0.422819
-0.252602
0.617326
-0.083356
0.604692
0.453352
-0.203783
0.538101
0.120150
0.006387
-0.396972
0.048512
0.079382
-0.030729
0.439361
0.019496
0.419406
0.127666
-0.264435
-0.000935
-0.192179
-0.185989
-0.128620
-0.034091
0.637534
-0.248251
0.157126
0.245646
-0.179982
0.374691
0.212055
-0.537204
-0.095591
-0.643270
-0.082475
0.105862
0.354776
0.420299
-0.037215
0.203371
-0.269554
-0.712782
0.308719
-0.054570
0.455193
0.229654
-0.041881
0.540919
-0.204827
-0.323232
0.197727
-0.288109
-0.072381
-0.435787
-0.169467
0.571828
0.104722
0.002253
0.251216
-0.411763
-0.442453
-0.341204
-0.243300
-0.045984
0.550929
0.024581
0.286828
-0.462733
-0.260995
0.226754
0.063787
-0.555636
0.839544
0.401971
-0.262758
0.285050
0.531504
-0.065641
-0.384789
-0.348667
0.400424
0.552439
-0.355943
0.409123
-0.105266
0.509904
-0.408789
-0.126202
-0.149503
-0.061705
0.359686
-0.656713
-0.183454
0.072484
-0.220905
-0.183873
0.404709
0.218462
0.017492
-0.226369
-0.455904
0.098671
-0.022172
0.508512
-0.145180
-0.469517
-0.361950
-0.059088
0.022737
-0.200178
-0.134247
0.110273
0.281715
-0.087444
-0.368863
-0.187042
0.413483
0.034142
0.371840
0.249397
-0.519602
-0.286321
0.073333
0.400418
-0.406944
0.267496
0.037705
-0.033651
-0.015406
0.085748
-0.371695
0.504944
0.019811
-0.131613
0.190336
-0.123899
-0.590079
0.458646
0.386015
-0.401299
0.082570
-0.105748
0.104796
-0.101242
0.272742
0.031721
0.270351
0.035621
-0.145647
0.189272
0.177035
-0.415112
-0.446949
0.238087
0.303234
-0.063923
0.032885
0.286100
-0.043215
-0.183436
-0.412232
0.252973
0.234387
0.163133
0.398355
0.547025
-0.365188
0.187469
-0.013451
-0.137108
0.436719
-0.066029
0.019868
0.037245
0.100408
-0.191420
0.159194
0.766314
0.408813
-0.191706
0.495245
-0.333677
0.334440
-0.148237
-0.340353
0.295956
-0.722287
0.414374
0.031393
-0.069768
-0.127818
0.370199
-0.213001
-0.241965
-0.340692
-0.342349
0.325246
-0.499399
0.293705
0.615258
-0.037248
0.538770
0.449855
0.057041
0.288251
0.038471
0.455109
-0.150231
0.598841
-0.209735
-0.255020
0.527744
0.040735
-0.544252
-0.193830
-0.014347
-0.571865
0.509709
-0.122246
0.321370
-0.081490
-0.784002
0.123867
0.362296
-0.198166
0.594089
-0.207554
0.409041
0.191863
-0.426366
0.107173
-0.026698
-0.479306
-0.220234
-0.397927
-0.344455
-0.248378
0.512370
0.244338
0.244231
-0.473907
0.692046
0.291434
-0.464159
-0.240845
-0.535380
-0.177895
0.153794
-0.362210
0.262546
0.658088
0.612398
-0.238823
-0.329028
-0.245331
-0.150099
-0.338075
0.228614
-0.078564
0.144599
0.148626
0.106414
-0.109914
0.215363
0.429764
0.352779
-0.060261
0.393495
0.548686
-0.532358
-0.484758
-0.091643
-0.271804
0.317958
0.158776
0.157172
0.729498
-0.013925
-0.274143
0.450989
0.729016
-0.214876
-0.144608
0.489862
0.304191
0.064899
-0.156538
0.032589
-0.282994
0.107794
-0.022244
0.596172
-0.684249
0.154422
0.476219
-0.402847
0.153902
0.218679
-0.343098
-0.237466
0.484922
-0.073834
0.208750
-0.279085
0.079776
0.071323
-0.334011
0.098096
0.766265
0.262631
-0.371738
-0.372387
0.000479
0.376906
-0.062907
-0.173781
0.146427
-0.414496
-0.117596
-0.594705
-0.033021
0.354579
-0.244632
-0.580994
0.099334
0.167136
0.491392
-0.247511
-0.240958
0.616147
-0.057587
0.064973
0.365039
-0.164028
0.300712
-0.294703
-0.126981
-0.357146
-0.015411
0.408267
0.552266
-0.084303
0.069483
-0.480237
0.473316
-0.324985
-0.341785
-0.329357
0.128131
0.424635
-0.206402
-0.552936
-0.247130
-0.146739
0.029990
-0.205391
-0.039904
0.560759
-0.452330
0.193385
-0.461204
-0.025495
-0.043667
-0.337509
0.473614
-0.321157
0.341745
-0.101365
-0.138104
-0.082358
-0.154966
0.402030
0.165220
0.246142
0.494783
-0.302746
0.106508
0.022911
0.213057
-0.013762
-0.077357
0.297432
0.034841
-0.300620
-0.305177
-0.100693
-0.328164
-0.033559
-0.073469
0.285930
-0.317750
0.330061
-0.284591
-0.040062
0.300474
-0.513518
-0.433082
0.304397
-0.088395
0.099871
-0.365959
-0.271363
-0.067422
0.512261
-0.252712
0.494657
-0.155484
-0.435721
0.305641
0.318644
-0.274871
0.400315
0.706749
-0.473609
0.309091
-0.316136
-0.256020
0.054216
-0.545621
-0.635318
-0.069660
-0.269611
0.344877
0.089651
0.331994
0.225668
0.303082
-0.144326
0.130446
-0.261564
-0.164787
-0.203733
-0.116872
0.022034
0.321277
0.311755
0.021239
-0.376995
-0.009075
0.347156
0.022196
-0.487753
-0.181438
0.358230
-0.270129
-0.218588
-0.122296
-0.009039
-0.245741
-0.250498
-0.271011
0.043787
0.318239
-0.167202
0.660804
-0.366470
0.034901
-0.769853
-0.053027
-0.499162
-0.031452
0.033272
0.025155
-0.189539
-0.177518
-0.344071
0.272759
-0.825115
-0.110843
0.081966
-0.160198
0.414299
-0.246939
0.053151
-0.379970
0.337645
-0.051585
-0.160922
-0.486882
-0.032578
0.659717
-0.306132
0.214959
0.336213
0.517630
-0.400570
0.082073
-0.166961
-0.547098
-0.217864
0.006363
-0.205048
0.031429
-0.002281
0.097871
0.252087
-0.522308
-0.213084
0.555896
-0.261867
0.311157
0.352081
0.028755
0.359563
-0.314350
-0.135729
-0.267888
0.418708
0.465256
0.057536
0.567472
0.272174
-0.125102
0.174235
-0.312486
-0.355997
-0.093370
-0.630645
0.268111
0.341026
0.104787
-0.381633
-0.087637
0.634683
-0.596693
0.135209
-0.457511
0.178366
0.269228
0.059260
0.324119
0.071449
-0.099856
0.187850
-0.104612
-0.184040
0.399248
0.297793
0.358010
-0.068601
-0.028654
-0.337106
0.174996
0.021438
-0.090992
0.337644
-0.194727
-0.168113
-0.430256
-0.050232
-0.230615
-0.230373
-0.380159
-0.319074
0.175925
-0.432873
0.115580
0.150799
0.388311
0.244104
-0.452256
0.263975
0.231537
0.103570
0.205795
0.167960
-0.572518
0.057158
0.540382
-0.224420
-0.301080
0.196745
-0.170537
0.069963
0.115867
0.423144
0.441453
-0.171128
0.115732
-0.108657
-0.461446
-0.680685
-0.361611
0.508007
-0.771872
0.347894
0.205525
-0.344089
0.180033
-0.123899
-0.213086
-0.226896
-0.244184
0.246416
-0.143698
0.056789
-0.502666
0.187116
-0.409798
-0.022863
-0.556685
-0.334651
0.093865
0.144544
0.197738
0.107376
0.319530
-0.025458
0.073745
-0.052336
0.103908
-0.506240
-0.218583
0.432842
0.274126
0.041322
0.085115
0.109929
-0.429895
-0.011778
0.400067
-0.225534
-0.022922
-0.235631
0.239399
0.204846
0.206960
0.144610
-0.135308
0.266008
-0.015627
0.200445
0.027434
0.017943
0.406317
-0.117347
0.016557
0.357990
0.449709
0.049744
0.093967
0.360271
-0.395734
0.245181
0.716343
0.482186
-0.061735
-0.101959
0.371313
-0.026236
0.026160
-0.097069
0.193766
0.019380
-0.045308
0.711276
-0.087132
0.510423
0.447118
-0.182113
-0.165075
-0.205754
0.054947
-0.650942
-0.081464
-0.056017
0.142878
-0.403209
-0.070138
-0.414465
0.290114
0.064276
0.057423
-0.293590
-0.442265
-0.184150
-0.120490
0.030157
0.182392
-0.197222
-0.232819
-0.284987
-0.578347
-0.329707
0.424662
-0.338336
0.299701
-0.504633
0.039472
0.154859
-0.465899
0.028768
0.336035
0.099325
-0.089471
0.425637
-0.599656
-0.119883
-0.135503
-0.051226
0.318502
-0.093052
-0.098083
0.884219
0.003028
-0.081040
-0.100109
-0.914666
-0.222462
-0.079312
0.059099
0.486777
-0.024526
0.070600
-0.582948
-0.005850
0.446335
0.462038
-0.088381
-0.300080
0.246614
0.405203
0.366897
0.112227
-0.080288
0.207898
-0.100668
-0.134455
-0.259896
-0.025883
-0.057332
-0.320439
-0.693025
0.133601
-0.242768
0.110522
-0.618177
0.295046
0.370166
0.525694
-0.002244
0.477350
-0.447280
-0.313672
-0.427899
0.176011
0.166682
0.004165
-0.211492
0.277025
-0.002254
0.206032
0.223606
-0.285263
0.146492
0.237191
-0.121874
-0.308836
-0.188151
-0.165729
-0.168420
-0.374251
0.150754
0.214084
0.068193
0.037184
0.266460
-0.328075
0.203199
0.205979
-0.191116
-0.345629
0.075506
-0.301965
0.498316
-0.495647
0.194404
-0.033506
0.229526
-0.374868
0.638038
0.280462
0.272824
-0.012144
-0.029993
-0.007253
0.180086
-0.442283
-0.619752
0.039895
-0.225915
-0.053607
-0.093865
-0.193328
-0.214871
-0.233254
0.249430
-0.302738
-0.209619
-0.333715
0.214483
0.424097
0.120877
-0.405830
-0.076528
0.451537
-0.484068
-0.027650
-0.055754
0.334796
0.476460
0.016033
-0.255283
-0.066929
0.031594
-0.718856
-0.059982
0.103338
0.153521
-0.017477
0.259314
-0.047075
-0.234490
-0.143491
-0.322844
-0.301041
-0.381939
0.223208
-0.101818
-0.529129
-0.155765
-0.775598
0.151997
0.292230
-0.073013
0.173906
0.096531
0.166669
0.081120
0.471863
0.032835
0.491303
-0.567451
0.393956
0.537387
-0.246569
-0.009131
0.190049
0.165721
-0.315123
0.252248
-0.353342
-0.219485
0.197866
0.011849
0.108212
0.129336
0.078697
-0.317349
-0.675874
-0.261552
-0.345757
-0.258442
-0.233910
-0.294582
0.298277
0.122875
-0.410970
0.269232
-0.057211
0.285356
-0.533965
0.217422
-0.491427
-0.261351
0.406490
0.095777
0.096467
-0.209283
0.159350
-0.106940
-0.176002
0.096999
-0.416175
-0.066881
0.196136
0.234753
-0.011025
-0.251576
0.313746
0.189093
0.299063
0.270693
0.202224
0.281207
0.229546
-0.369711
0.448391
-0.081952
-0.218549
0.445640
-0.399914
-0.155529
-0.141046
-0.533290
0.025794
-0.068439
-0.224870
-0.641850
0.116060
0.449694
-0.414981
-0.644043
-0.356921
-0.103143
-0.527746
0.530879
-0.507564
0.194595
0.200318
-0.547773
0.356490
0.221489
-0.665074
0.062083
-0.300286
-0.318816
-0.108095
0.482362
0.227612
0.045176
-0.456922
-0.014926
0.485127
0.222339
0.108396
0.019880
0.117792
0.283635
0.085359
-0.170547
0.739938
-0.088164
0.026238
0.200709
-0.174480
0.366839
-0.436801
-0.067967
0.204950
0.484093
0.040555
-0.101594
0.370386
-0.375099
0.310951
-0.489681
0.190765
-0.071000
-0.386820
0.037901
0.113287
-0.433641
-0.028820
0.082622
-0.020819
-0.374675
-0.426459
0.659731
-0.553361
-0.066724
-0.269396
0.091165
0.317704
0.492539
0.504853
-0.579099
-0.191664
0.343139
0.199192
0.023194
-0.327487
0.108600
0.388554
-0.221517
-0.375067
-0.219452
0.230594
-0.302375
0.477792
0.336249
0.452147
0.423614
0.458453
0.299060
0.079972
-0.820596
0.295154
-0.337671
-0.255378
-0.618497
-0.091147
0.123341
0.345003
0.259982
0.267443
-0.097116
0.663986
0.059135
-0.259503
0.172124
0.082530
0.307087
-0.008675
0.200032
0.135732
0.159185
-0.183015
-0.201220
-0.446194
-0.178499
0.420918
-0.034101
0.094495
0.135816
0.297154
-0.113276
0.406382
0.192964
-0.459206
-0.055252
-0.153139
-0.077824
-0.290571
0.197128
0.201759
0.451540
0.369787
0.124117
0.086626
0.397132
-0.039393
0.265241
0.222901
-0.321222
0.181517
0.171385
-0.253319
-0.310166
0.588827
0.438146
0.171684
0.152729
-0.108065
0.212945
0.601150
0.033247
-0.228805
-0.259953
0.772192
0.194737
0.044595
-0.018864
-0.120039
0.438749
-0.013356
0.513549
-0.427938
-0.200256
0.287544
0.019063
-0.378907
0.056848
-0.735873
-0.372606
-0.277752
-0.037100
0.159222
0.410580
0.083155
0.124754
-0.019850
-0.637517
-0.710999
-0.395753
0.059684
-0.561446
0.395965
-0.231576
0.009290
0.153280
0.112761
-0.257405
0.036915
-0.192866
0.527572
-0.151498
-0.083972
-0.403458
-0.506444
-0.388706
-0.416798
0.238550
0.333991
-0.149138
0.301107
0.099278
0.519229
0.083091
-0.507414
-0.408725
-0.306038
-0.775304
0.128947
-0.081415
0.164347
-0.096936
0.219382
-0.086939
-0.281149
-0.321986
0.149844
0.073594
-0.283000
-0.442726
0.393515
-0.312678
-0.552700
-0.354269
-0.148071
-0.221867
0.202909
-0.522871
0.346913
-0.275112
0.212739
-0.406097
0.451242
0.069899
-0.196142
-0.070402
0.083678
-0.125458
0.122612
0.327674
-0.110777
0.333137
0.138494
-0.586354
-0.549440
-0.113926
-0.659034
0.363809
-0.068211
-0.402796
-0.453872
-0.220799
0.139419
0.179225
0.363295
0.713158
0.282903
-0.110648
0.154566
0.544620
0.359503
-0.195615
0.527218
-0.354464
-0.055278
0.288889
0.476315
-0.597125
0.035047
-0.122802
-0.254043
0.495144
-0.615062
-0.278877
0.303789
0.772440
-0.405533
0.080998
0.317928
0.177330
0.302005
-0.059687
-0.121211
0.213487
-0.445176
0.521025
-0.164728
0.651090
-0.011396
0.327638
-0.122394
0.102338
-0.572158
0.635684
0.156840
-0.476621
-0.406584
0.015224
0.266264
0.193586
0.283931
0.243193
-0.675479
0.525853
0.486522
-0.407986
-0.025453
-0.078558
-0.155120
0.047010
0.239316
0.241379
0.151069
-0.036808
0.331819
-0.382747
-0.236638
0.014279
-0.097871
-0.410082
-0.117623
-0.024627
0.357112
-0.292268
0.431959
0.096515
0.083112
0.038150
0.061014
0.093455
0.076440
-0.052272
-0.262076
-0.085671
0.409613
0.081706
-0.079059
0.393366
-0.246688
-0.358250
0.033689
-0.275250
0.236059
-0.121302
-0.178217
-0.587303
-0.047248
0.123424
0.039996
0.244404
0.429890
0.227483
0.136694
-0.222897
-0.005678
0.399968
-0.224763
-0.240399
0.267258
-0.235409
-0.512581
-0.172068
0.332502
-0.046329
0.292392
0.009707
0.407439
0.101250
0.633040
0.367013
-0.333726
0.623300
0.017181
0.089905
0.227866
-0.243502
-0.144386
-0.377363
0.214259
-0.259883
0.220789
0.013893
0.075910
0.038859
0.330996
-0.031728
-0.181113
-0.542551
0.203177
0.320173
0.214922
0.026514
0.721448
0.016445
-0.148072
-0.156136
-0.384593
0.280916
-0.249476
-0.872892
-0.257466
0.113265
-0.231767
0.178815
-0.133112
-0.009110
-0.254513
0.162743
-0.471395
-0.249392
0.427217
-0.292093
-0.478134
0.257602
-0.274938
0.336443
0.040143
-0.482885
0.041183
-0.126347
0.181571
0.314237
-0.056121
0.044476
0.614116
-0.512790
0.464369
0.394995
-0.080374
-0.005949
-0.017650
-0.296724
-0.421754
0.303598
-0.168198
0.197309
-0.421846
-0.015799
-0.325300
0.091055
0.545874
-0.290481
-0.741377
0.021428
-0.044678
-0.141890
-0.084495
0.418046
0.240998
-0.303236
-0.549084
-0.433608
-0.600508
0.169869
-0.071051
0.065530
-0.013371
-0.121149
0.348767
-0.165870
-0.073120
-0.164487
-0.313489
-0.283123
-0.035278
-0.168579
0.173402
0.174619
0.020748
0.028178
0.815510
-0.192010
0.464559
-0.401727
-0.583545
-0.498313
0.269403
-0.340447
0.062401
0.089813
0.195915
0.181263
-0.325111
-0.680775
0.139967
-0.385676
-0.036819
0.145972
0.343561
-0.091248
0.155849
-0.108361
0.413750
0.065806
-0.049600
-0.476239
-0.048162
-0.241112
-0.424989
0.369694
0.059853
-0.023026
-0.032121
0.073555
-0.746693
0.505747
0.299821
0.649787
-0.057444
0.216856
-0.234626
-0.408848
0.183245
-0.279097
-0.577942
-0.218654
0.198874
-0.364072
0.116587
0.567905
-0.339328
-0.662000
-0.364403
-0.059423
-0.172625
0.741924
-0.349333
0.259791
-0.193187
0.165839
-0.708302
-0.484379
0.480200
0.070987
-0.035697
-0.327198
0.361135
0.126725
0.021139
-0.352573
-0.180320
0.000626
-0.512936
0.103036
0.498486
0.163717
-0.259947
0.162615
0.306027
-0.114361
0.206497
0.156352
-0.400644
0.120112
0.146712
-0.269986
0.136410
-0.238407
0.660535
0.379786
-0.297336
-0.010226
-0.009889
-0.190060
-0.464425
-0.312413
0.126730
0.362958
0.407282
-0.149134
-0.259155
-0.137113
-0.581494
0.324013
0.059705
0.056189
0.584379
0.319621
-0.638471
-0.076122
0.085784
-0.301637
-0.110598
-0.580121
0.152720
0.279706
-0.218176
-0.188094
-0.591543
0.187198
0.118091
-0.143461
-0.062675
0.390124
-0.501038
0.275791
0.379946
-0.448720
0.165403
-0.198730
-0.227704
-0.102577
0.293860
-0.419927
-0.241459
-0.197571
0.209527
0.179179
-0.108360
0.076736
0.361942
0.375981
-0.054699
-0.370438
0.069657
-0.348336
0.186414
-0.072864
-0.145552
0.103681
-0.203988
-0.343951
-0.476511
0.775107
-0.264940
-0.434548
0.226115
0.448355
0.246620
-0.158921
-0.576256
0.045748
-0.346550
0.292707
0.044445
-0.108302
0.196211
0.167098
0.173544
-0.213799
0.438324
0.309820
-0.211384
0.201855
0.290125
-0.633511
0.484379
-0.005242
-0.158239
-0.088044
-0.799058
-0.134662
-0.325569
-0.422945
-0.157491
-0.068592
0.381750
0.137319
0.330147
-0.547182
-0.011913
0.451252
0.187134
0.109806
-0.495571
0.248675
-0.705120
-0.377798
0.056400
0.368498
-0.086037
0.003730
-0.067804
0.548427
-0.528070
-0.245573
-0.620855
-0.548059
0.225603
-0.651988
-0.192928
0.025041
0.014413
-0.447972
0.060468
-0.590308
0.146393
-0.342250
-0.040857
-0.190142
-0.359886
0.363291
0.276287
-0.431655
-0.284267
0.237051
0.203383
-0.574422
0.085484
0.081618
0.216963
-0.198875
0.244968
0.306154
-0.700982
0.269617
0.114770
-0.367201
-0.255841
-0.277631
-0.385404
0.233437
0.306871
-0.665746
-0.420822
0.546759
-0.395704
-0.045733
-0.016091
0.391147
-0.243878
0.208280
0.350043
0.060920
0.472998
0.241100
-0.059038
0.189101
0.298836
0.494272
0.090380
-0.149277
-0.106306
0.340195
-0.113400
0.254614
-0.450501
0.410706
-0.597042
0.394390
-0.258615
-0.149507
0.101710
0.136513
-0.132315
-0.519171
0.247543
-0.439795
-0.186165
-0.329280
0.035715
0.179765
-0.046121
0.220633
0.630009
0.180284
-0.787496
0.323507
-0.258803
0.044264
-0.702320
0.246232
-0.012824
0.151777
0.718173
0.043336
0.314100
-0.067048
0.084081
0.380467
-0.166444
0.029248
0.293450
0.184481
0.124460
0.049700
-0.177963
0.583940
0.129033
-0.601096
-0.236947
-0.086172
-0.052352
0.212585
0.480393
-0.399897
-0.248329
-0.099910
0.188933
0.329428
-0.024748
0.121180
-0.112172
0.335718
0.351703
0.672606
0.598632
-0.285447
0.226867
0.332805
0.615721
0.085039
-0.207553
0.192757
-0.359639
-0.046569
0.156234
-0.153828
0.421957
0.358739
-0.199918
0.210042
0.066928
-0.290665
-0.062304
-0.431456
-0.233080
-0.157829
-0.291011
0.072256
-0.055521
0.215146
0.447971
0.163283
0.333360
-0.018250
0.298552
0.094240
0.031793
-0.093594
-0.086527
-0.194517
0.045921
0.154721
0.563379
-0.111382
-0.251050
-0.372294
0.096382
0.165083
0.406633
0.371697
0.599250
-0.033371
0.303187
-0.310251
-0.483821
-0.133082
0.021017
-0.219721
-0.333177
0.259296
0.287413
-0.325865
-0.250943
0.173714
0.168017
0.214210
0.135179
-0.374852
-0.261851
-0.241697
0.001710
0.539279
0.029481
0.238565
0.010531
-0.148993
-0.250478
-0.014227
0.391056
-0.310418
0.062776
-0.068477
0.401502
-0.231566
0.096966
0.252367
-0.632436
0.082161
0.440176
-0.663326
-0.175572
-0.218163
-0.292297
0.666220
0.144343
0.034595
0.522365
0.504377
-0.106097
-0.126212
-0.346428
-0.340323
-0.404058
0.270456
-0.058787
0.048596
0.086114
-0.424600
0.638794
0.158793
-0.279179
0.097814
-0.337275
-0.006625
-0.158752
-0.602564
0.198868
-0.318376
-0.040236
-0.370211
-0.100763
-0.371751
-0.261891
0.489157
0.099559
0.363869
0.819563
-0.049852
-0.052356
0.084940
-0.349629
-0.682006
-0.748108
0.491824
0.636453
0.269293
-0.127770
-0.242833
0.115809
0.157245
-0.418872
0.497151
-0.146222
0.522228
0.349917
0.335345
-0.623334
-0.064718
0.612057
0.040644
0.140647
0.058323
-0.410211
0.165656
-0.509846
0.087757
0.150284
0.527558
0.239752
0.026436
0.103436
0.389732
-0.184460
-0.367585
0.119227
-0.336669
0.190151
0.089178
-0.491263
-0.209006
-0.268889
0.465406
-0.030982
0.630147
-0.024498
-0.298229
0.323245
0.120854
0.116792
0.625391
-0.518863
-0.326096
-0.165140
0.300589
-0.799358
-0.339523
-0.662024
-0.006995
-0.377322
-0.107921
-0.034022
-0.627321
0.455618
0.632997
-0.025867
0.148253
0.142062
-0.087363
-0.360747
0.616773
0.039541
0.398651
0.248451
-0.280395
0.666612
0.214094
0.285944
0.141194
-0.155136
0.454295
0.367499
0.416970
-0.245066
-0.232447
-0.579315
-0.362353
-0.033433
-0.614816
0.253937
0.722688
0.417029
0.474048
0.342310
0.654818
-0.590550
-0.272088
0.312317
0.592489
-0.070606
-0.507722
0.115690
0.161949
-0.387889
-0.262882
0.323683
-0.071209
0.046164
-0.164547
0.035777
0.005428
-0.192144
0.080614
0.374917
0.035899
-0.333890
0.169867
-0.429680
0.107743
0.087917
-0.219779
-0.569579
0.325719
0.490480
-0.097091
0.026675
0.046328
0.072838
0.333822
-0.099069
0.443227
-0.407450
0.206268
0.022228
0.321084
0.334841
0.280660
0.169341
0.520963
-0.240527
-0.380171
0.061675
-0.161481
-0.027048
0.398567
-0.228578
-0.032130
-0.146182
0.020592
-0.442150
-0.197072
-0.168572
-0.418038
0.022267
0.331673
-0.002805
0.535462
-0.328171
0.204116
-0.017377
-0.373150
0.157743
0.164266
-0.460701
0.042576
0.222769
-0.199519
0.654002
0.494116
0.280464
-0.122318
-0.113225
-0.098455
0.309036
-0.760021
-0.144436
-0.217919
-0.038302
-0.408479
0.272601
0.118086
-0.297395
0.046081
-0.081590
0.044120
-0.015145
-0.068685
0.170606
0.073045
-0.330879
-0.423776
-0.354800
-0.036093
-0.247322
-0.339026
-0.210134
0.178714
0.015243
-0.278629
-0.426800
0.273884
-0.676897
-0.163747
0.371030
-0.252044
-0.172941
0.090274
0.656498
-0.141679
-0.207357
-0.106033
0.079186
-0.321652
0.172900
-0.196962
0.450497
-0.284236
0.225338
0.747947
0.000630
-0.281720
0.022083
0.131544
-0.438597
0.190031
0.140037
-0.241907
0.092740
0.323029
0.340940
-0.057441
0.400006
0.194234
-0.610599
0.181462
0.296505
-0.357316
-0.098570
-0.118292
-0.135314
-0.084274
0.247898
-0.108268
0.475308
-0.038258
-0.684796
0.324965
-0.411098
-0.519927
-0.264469
0.500339
0.026829
0.554652
-0.300317
-0.367824
0.287916
0.668806
0.483186
0.018202
0.020007
-0.187769
-0.187828
0.344259
-0.278810
0.053129
-0.329950
-0.302475
0.268386
0.180227
0.782442
0.169328
0.691115
-0.364509
0.168353
0.493468
0.399563
0.135871
-0.377187
-0.436504
0.545881
-0.439060
0.740905
0.730097
0.125579
0.268335
-0.723143
0.084590
-0.127650
0.134502
-0.133713
-0.199363
-0.165790
0.338410
-0.199502
0.001181
-0.330435
-0.604564
0.599467
0.203426
0.142897
0.374933
-0.050007
0.591248
0.009120
-0.140821
-0.102633
-0.319446
0.295022
0.267130
-0.121180
-0.414732
-0.382743
0.285156
-0.220522
0.407567
-0.419429
-0.142394
0.612513
0.423093
0.150267
0.195365
0.390200
0.289146
-0.281937
-0.224133
-0.203022
-0.716988
0.082572
0.594301
0.549077
-0.225641
0.279991
-0.290246
-0.145908
-0.098834
-0.317958
-0.521220
0.325482
0.029582
0.039605
0.491227
0.834207
-0.070879
0.016391
-0.358987
-0.233367
-0.536295
-0.378291
-0.024241
0.010624
-0.227688
0.498963
0.322048
-0.078370
-0.028808
0.323690
0.632746
-0.301111
0.495194
0.636361
0.172219
-0.380039
0.372342
0.495453
-0.380214
0.025613
0.070322
0.470282
-0.234321
0.188356
-0.319227
0.268171
-0.444495
-0.130683
0.804145
0.033741
0.078984
0.083882
-0.563976
-0.305536
-0.446104
0.248856
-0.338276
0.004978
-0.036888
-0.028126
0.458163
0.093211
-0.325511
-0.028681
0.173416
-0.029603
-0.065454
0.525909
-0.161570
0.509769
0.532823
-0.275363
-0.049283
0.483694
0.145795
0.170576
0.170416
0.301615
0.592108
-0.124926
0.394911
0.265230
0.032766
0.270614
-0.149133
-0.017287
0.099026
0.191475
-0.463754
0.187453
0.076883
0.687375
-0.538772
0.607648
-0.605850
0.251035
-0.445981
0.044493
-0.413367
0.198086
0.342501
0.688259
-0.146563
0.473809
0.384493
0.500859
-0.098891
-0.067183
-0.222707
0.197490
0.456377
-0.006225
0.652090
0.226946
-0.474853
-0.370948
0.061574
0.361263
-0.206388
-0.210093
-0.013087
0.107792
0.364515
-0.547622
-0.084342
-0.019068
-0.295287
-0.112358
0.002357
0.435802
0.101071
0.487248
0.623239
0.128883
0.328540
0.221412
0.176794
0.607470
-0.516859
0.389287
-0.024049
-0.328853
-0.143277
0.218550
0.110326
-0.057606
-0.197725
-0.144506
-0.358960
0.605979
-0.149050
0.131794
-0.220884
-0.322492
0.119573
0.556663
-0.430323
-0.382179
-0.243548
0.255452
-0.112526
0.044483
0.738285
0.303313
-0.250013
0.201840
-0.011897
-0.122809
0.337491
0.400073
-0.330971
-0.079878
0.068226
0.027227
-0.163321
-0.456864
0.002643
-0.123046
0.722366
0.436906
0.348532
-0.198775
0.018790
-0.178414
0.002600
0.734131
-0.108779
-0.198351
0.141898
0.306409
-0.277595
0.666395
0.127057
-0.739776
-0.186323
0.083104
0.163488
-0.457942
-0.288002
0.042479
0.003949
0.020726
0.420605
0.227310
-0.044647
-0.076869
0.377341
0.001032
-0.217874
0.217291
-0.331257
0.079787
-0.379108
0.046960
-0.071754
-0.126478
0.204356
-0.275185
0.609101
-0.429936
-0.334471
0.158144
0.247775
-0.089280
0.181198
-0.148720
-0.595431
0.165881
-0.045270
0.026808
-0.013037
-0.326412
-0.498296
0.551005
0.421027
0.009568
-0.466699
-0.045062
-0.081786
0.153664
0.012174
-0.268438
0.199407
0.402691
0.454065
-0.138099
0.414208
0.103361
0.397943
-0.584262
-0.102215
-0.138539
0.099509
0.265642
0.388460
-0.150213
0.091032
0.476881
0.196280
0.219820
0.229198
0.220397
-0.027352
-0.032684
-0.187098
0.250134
0.202453
0.321584
-0.777801
-0.084770
0.341659
0.080320
0.595993
0.367753
-0.045920
-0.035801
0.012667
0.463527
0.249314
0.259382
0.207759
0.039934
0.445573
-0.395626
0.151997
0.043252
0.488303
-0.041168
-0.682015
0.270160
-0.411767
0.154578
-0.366248
-0.059625
0.097853
-0.279033
-0.096443
-0.332093
-0.187791
-0.285369
0.281896
0.202080
-0.027478
0.107068
-0.333521
-0.133395
-0.022125
-0.282238
-0.491959
0.035373
0.105353
-0.234994
-0.161210
-0.104888
-0.030063
-0.101910
-0.221721
-0.070819
-0.037391
0.685538
-0.111895
0.324043
0.142940
0.240455
-0.151651
0.385240
-0.194428
0.147817
-0.234016
0.052249
-0.061089
-0.405127
0.533322
0.003961
-0.260701
-0.085844
-0.276219
0.291530
0.580870
-0.241242
-0.035413
-0.716883
-0.083305
0.673690
0.131807
0.259919
-0.879617
-0.239753
0.013372
0.144526
0.150839
-0.250992
-0.024770
0.312572
-0.085212
0.489172
-0.238858
-0.541629
-0.127043
-0.165643
0.363806
0.261122
-0.255255
-0.386511
0.036129
-0.004972
0.210788
0.379264
-0.414555
0.115110
-0.091660
-0.097722
0.192445
0.253421
0.043190
0.439942
0.483358
0.000049
-0.073601
0.277559
0.003295
0.452082
-0.162277
-0.248381
0.100846
-0.254878
-0.203303
-0.209104
-0.261815
-0.022756
0.182304
0.294667
-0.456124
-0.282137
-0.188510
0.438478
-0.138763
0.198195
0.426835
0.292447
0.368416
-0.257420
-0.495926
0.313648
-0.104771
-0.335190
-0.013669
0.038992
-0.328205
0.273239
0.633584
0.125151
0.257751
0.027310
-0.023068
0.048516
-0.696753
-0.345178
0.584595
-0.097209
-0.438470
0.198141
-0.494262
0.035105
-0.147338
0.169953
-0.023224
0.157856
-0.318732
-0.298808
-0.146526
-0.527987
0.117315
-0.223134
-0.531915
0.556505
-0.278006
-0.715218
0.413880
-0.230385
-0.219828
-0.436341
-0.199620
-0.530135
0.051149
0.019888
0.259496
-0.566816
-0.301450
0.575431
-0.062277
-0.099287
-0.029041
-0.113993
-0.038168
-0.531986
-0.185699
-0.244802
0.278574
0.103554
0.718230
0.284873
0.534357
-0.229902
0.037200
-0.295527
0.182456
0.233248
0.256509
0.217341
0.157928
-0.389154
0.430214
0.011464
0.181519
0.519184
-0.453748
-0.419838
-0.417825
-0.073039
0.101133
-0.524163
-0.496463
-0.125161
-0.108038
-0.246034
-0.161867
0.128848
-0.001419
0.365083
-0.221825
0.026478
-0.289442
0.332688
0.118150
-0.613897
-0.032405
-0.452925
-0.153278
-0.199286
-0.259598
0.082415
0.264054
-0.171462
0.295596
0.339377
-0.545764
0.353601
-0.002776
0.208953
0.146676
-0.328651
0.101504
-0.498283
-0.415129
0.511292
-0.321317
0.280826
-0.020198
-0.216824
-0.615642
0.210818
-0.399067
-0.246112
-0.587670
0.044546
0.596635
-0.465355
-0.162755
-0.657036
0.311791
-0.149978
0.253890
0.014999
0.123121
-0.121193
-0.082315
-0.146109
0.312999
-0.302819
0.112608
0.132506
0.291513
-0.235135
-0.206221
-0.042410
0.638040
0.427138
0.272746
-0.203342
0.293552
0.051552
0.369141
-0.016901
0.067696
-0.480681
-0.093572
-0.306440
0.011037
0.282718
-0.109822
-0.117969
-0.005305
-0.094659
-0.185461
-0.231578
0.197276
0.364344
-0.353397
0.364676
0.028192
0.025942
0.396585
0.108118
0.386563
0.144487
0.401870
-0.115796
-0.253997
-0.338460
0.249962
0.081360
-0.456010
0.483941
-0.327824
-0.188421
0.539514
0.250656
-0.392989
-0.050418
-0.009922
-0.142271
0.364297
0.008902
0.198419
-0.000574
0.042629
0.260347
-0.281961
-0.173754
0.088984
0.251414
-0.023119
-0.195826
-0.483317
-0.018404
0.719090
-0.300768
0.207050
-0.288484
-0.172039
-0.015253
-0.037927
0.072935
0.113379
-0.345801
0.052970
-0.152623
0.347139
-0.342961
0.033781
0.056853
-0.478253
-0.158707
-0.084728
-0.014754
-0.536054
-0.455237
0.142923
0.450319
0.156833
0.362699
-0.356811
-0.083888
-0.322830
0.578583
-0.391831
0.103260
0.236075
-0.519683
-0.346205
-0.110789
0.435929
0.271381
-0.105719
0.064097
-0.208433
-0.591553
-0.383198
0.164740
0.394546
0.130335
-0.353066
0.281415
-0.033756
0.017973
0.079892
0.039598
-0.191737
0.005957
-0.395582
-0.416478
-0.025044
-0.061566
0.603885
-0.051014
0.103075
0.054482
-0.029163
-0.076581
-0.428454
-0.585699
0.412955
-0.276318
-0.236425
0.343177
0.644309
-0.144079
-0.796969
-0.205142
-0.250946
0.071364
-0.103306
-0.185169
-0.316109
0.332878
0.493283
0.703184
0.024252
0.587644
-0.103205
-0.774217
-0.027746
0.647788
-0.096889
-0.355979
0.018194
0.254049
-0.385559
-0.089029
0.185133
-0.234558
-0.026257
0.116742
-0.269524
-0.176264
0.431997
0.456181
0.092982
-0.144242
-0.064351
0.220336
-0.121003
-0.037798
-0.133826
-0.083739
-0.184647
-0.211239
-0.521043
0.096633
0.197206
0.421116
0.225149
-0.125610
0.380771
0.738818
-0.130304
-0.618396
-0.212365
-0.083052
0.270611
0.003526
-0.398065
-0.493182
0.017504
0.430460
-0.267706
-0.232985
0.443102
-0.016086
-0.235201
-0.038114
-0.349286
0.013797
0.478561
-0.037659
-0.108169
0.068513
-0.215616
0.128090
-0.454344
-0.164355
-0.106130
0.155869
-0.022823
-0.374147
-0.537726
-0.289764
0.235678
-0.372560
-0.048355
-0.097097
0.288475
-0.435014
0.218639
-0.400017
0.340032
-0.317413
-0.434412
-0.473078
-0.097810
0.462553
-0.140671
0.086196
-0.027435
0.321309
0.383147
0.040226
-0.470178
-0.061865
-0.100344
-0.219262
0.365509
0.508165
0.360564
-0.004400
-0.432558
0.613526
0.123001
0.711151
-0.468566
-0.182740
-0.061556
0.399441
-0.624514
-0.112081
0.141429
-0.163582
-0.393949
-0.035351
-0.104385
-0.156983
-0.383853
-0.084260
-0.072342
-0.034539
-0.367588
-0.249268
-0.467962
0.048431
0.104750
0.351785
0.147058
0.339552
0.153005
0.554930
0.470735
-0.502789
-0.279957
0.279511
0.523766
0.596168
-0.051425
-0.374180
0.211822
-0.456488
-0.242126
-0.335529
-0.086228
0.218230
-0.556388
0.155132
0.361958
-0.591510
-0.584270
-0.329901
0.465567
-0.307631
-0.599055
-0.439002
0.412355
0.160290
0.491508
-0.222008
0.204003
0.517466
-0.279535
-0.320715
0.192113
-0.526050
-0.387751
-0.649521
0.059942
0.601596
-0.333675
-0.004095
-0.001310
0.319927
-0.168871
0.117063
0.155948
-0.067159
-0.199348
0.335585
-0.109002
0.642143
-0.264815
-0.637839
0.167910
0.658725
-0.250672
0.268815
0.586391
-0.078795
-0.128680
-0.084573
0.416852
-0.468083
0.025498
-0.043730
0.161953
0.043132
-0.081973
0.254040
0.353172
0.252790
-0.072149
0.328291
-0.530211
-0.143959
0.572219
0.206705
-0.052159
-0.039363
-0.250737
0.222640
0.476048
-0.249941
-0.056259
-0.118779
0.014950
0.253613
0.306187
-0.108748
0.269930
-0.310204
0.666649
-0.227335
0.053586
-0.316513
0.072749
0.266258
-0.038704
-0.106537
0.051507
-0.626660
0.139529
0.625901
0.003250
0.166676
0.372528
0.462161
0.224992
-0.615073
-0.012958
0.244396
-0.483008
-0.301679
0.326069
-0.068837
-0.172910
0.602679
-0.082694
-0.528490
0.061730
0.410990
0.022316
-0.020575
-0.251595
0.654056
-0.347567
-0.041778
-0.251663
0.320970
-0.360325
0.165617
-0.850050
-0.080990
-0.158173
0.103301
0.030892
-0.184568
0.393114
-0.464539
-0.357019
-0.235444
-0.170765
-0.515602
0.712228
-0.566162
-0.301815
-0.270329
-0.525638
0.661175
0.014392
0.128995
0.177835
-0.219979
0.037941
0.089148
0.271109
0.513394
-0.324209
-0.415672
0.124301
0.472597
0.134173
0.122416
0.448324
0.202799
-0.267159
-0.555983
0.005222
-0.099752
-0.233746
-0.452552
-0.243150
-0.435001
-0.167433
0.212464
0.244493
-0.532793
0.367838
-0.565310
0.066912
0.149427
-0.045266
0.096481
0.000155
-0.222099
0.231948
-0.394684
-0.463916
-0.686878
-0.593133
-0.165558
0.037726
-0.457180
-0.150530
0.382531
0.089346
0.166642
0.151170
0.365336
0.284987
-0.497229
0.378358
0.451198
0.369206
-0.090892
0.313746
-0.059023
-0.187505
0.159325
-0.069850
0.547963
0.147171
-0.115941
-0.776026
0.064412
0.167635
-0.030416
-0.008519
-0.038339
0.028929
0.272401
0.350502
-0.121732
-0.159679
-0.535332
-0.064513
-0.038166
0.463156
0.257918
0.141046
0.221470
0.235941
0.124880
0.242892
-0.444342
-0.484239
0.363494
0.117750
-0.310249
0.768764
0.167468
-0.109354
0.115356
0.558370
0.385378
-0.382033
-0.276622
-0.100880
-0.137133
0.389018
0.130803
0.334061
0.169336
0.491935
-0.502150
0.063287
0.055829
0.334260
-0.047519
-0.094686
-0.381680
0.147050
0.462017
0.238126
-0.174339
0.268379
0.510480
-0.138225
-0.069210
-0.029513
0.172614
0.359000
-0.261618
0.010619
-0.121176
0.174611
0.295815
-0.385840
0.203693
0.300977
-0.430464
0.065981
-0.184946
0.538443
0.474316
0.625692
-0.390045
0.512774
-0.184014
-0.017858
-0.392694
0.475749
0.290130
-0.181345
-0.081860
0.586876
0.431645
0.294078
0.052364
0.916240
-0.028233
-0.087358
0.595425
0.020739
0.280018
0.370193
-0.340313
-0.074605
-0.102324
-0.289713
0.428279
-0.569896
-0.210754
0.132280
-0.344228
-0.118869
-0.386993
-0.631069
-0.008345
0.253595
-0.043693
-0.019000
-0.150094
0.137883
0.036490
0.307853
-0.199396
0.435750
0.176476
-0.230893
-0.111602
-0.235903
0.316745
-0.403829
-0.157042
0.478440
-0.307730
0.370013
0.295720
0.137503
-0.505966
-0.002811
0.471921
-0.341638
0.530627
0.284018
-0.133651
0.202970
0.196081
-0.398988
0.064081
0.642397
0.633265
-0.234093
-0.321210
0.101419
-0.583823
-0.051457
0.335206
-0.655069
0.074526
-0.172249
0.337093
0.301580
0.260757
-0.022447
0.133022
-0.420517
-0.129165
0.364828
0.335436
0.045710
-0.180182
-0.299320
-0.062746
-0.063573
-0.112539
-0.583585
0.387054
0.467039
-0.282500
0.351484
-0.353001
0.377107
-0.144035
0.258908
-0.073949
0.265701
0.111461
0.471122
-0.147993
0.295954
-0.519095
-0.641682
-0.401868
0.186921
0.284094
0.523904
0.181338
-0.598295
-0.231163
0.062787
0.101245
-0.641457
0.218530
-0.079273
-0.613609
0.179599
0.270558
0.328959
-0.302245
0.044035
0.174400
0.171865
0.233070
-0.085394
0.074372
0.395901
-0.003450
0.222529
0.338944
-0.215343
0.106332
0.598763
-0.531840
0.166866
0.175888
0.035188
-0.191898
-0.147154
-0.156256
0.107128
0.281541
-0.168793
-0.063578
-0.060484
0.337074
0.137214
-0.523953
-0.542322
0.367873
-0.302878
-0.097598
0.044106
0.035074
0.410798
-0.613462
-0.342947
0.290334
0.253601
0.069153
-0.349255
-0.618200
-0.067476
-0.196807
0.582678
-0.232670
0.064460
0.568734
-0.252077
0.668687
-0.481528
0.115764
0.795579
-0.344179
-0.315458
0.692591
0.068795
-0.078405
-0.429371
-0.013166
-0.345737
0.469198
0.518079
0.039847
-0.414726
0.098467
-0.489236
-0.455145
-0.171484
-0.067919
0.069494
-0.022271
0.024204
-0.232577
-0.044966
-0.181198
-0.352332
0.242000
-0.446358
0.263614
-0.055910
-0.148689
-0.037163
0.224973
0.222474
-0.336651
-0.020632
-0.012192
-0.421351
0.377555
-0.367922
-0.229531
-0.026489
-0.388353
0.286909
0.256820
0.158361
-0.060192
-0.109714
0.570982
-0.151050
0.427510
0.113497
-0.086042
-0.095262
0.289803
-0.080783
0.093916
0.644178
0.022556
-0.543310
0.217315
0.269316
-0.367885
0.240249
-0.243850
0.426746
-0.657302
0.207905
-0.343743
0.119595
0.666472
0.387873
0.687426
-0.591683
0.300081
0.358625
-0.265610
0.004432
-0.515871
-0.444182
-0.010172
0.078440
-0.271762
-0.306808
0.015759
0.174126
0.008409
-0.247964
0.101990
-0.176489
-0.415068
0.324330
0.208713
0.109108
-0.117370
-0.386231
0.019538
0.399637
-0.271691
0.005423
0.133768
-0.086838
0.005830
0.217822
0.349261
0.284262
0.383595
-0.205801
-0.047494
-0.050618
-0.286679
-0.311451
0.218288
-0.036527
-0.270417
-0.130136
-0.398712
0.064415
-0.255827
-0.274315
-0.223568
-0.267997
0.451834
-0.526453
0.285726
-0.016624
0.448835
-0.052343
-0.002936
-0.095114
0.086845
-0.338139
0.099971
0.439483
-0.390876
0.504992
0.084651
0.752582
-0.292113
-0.323492
0.085898
-0.318477
0.449204
0.261865
-0.007335
-0.000209
0.098605
0.113810
0.296938
0.212081
-0.507170
-0.051979
-0.106204
0.064577
0.229192
0.307537
0.534966
0.448305
0.012924
0.130686
-0.257134
-0.057629
0.118168
0.089788
-0.257752
0.368407
0.281278
0.450222
0.502791
0.028836
-0.060697
-0.098032
-0.785079
0.100828
0.330805
0.149116
-0.515222
0.285091
-0.002807
0.565062
-0.294582
0.184899
-0.315684
-0.000770
0.018798
-0.246887
-0.376488
0.251601
0.237314
-0.414605
-0.484581
0.351020
0.389485
-0.300317
-0.100175
0.369968
0.297557
0.290956
-0.057177
-0.287336
-0.377664
-0.259148
0.355217
-0.356942
0.194933
-0.092614
0.434694
0.225939
-0.462261
0.572243
0.101540
0.089304
0.321485
0.369382
0.089694
0.122069
0.181193
-0.085351
0.033716
0.304860
0.632081
-0.349776
-0.567007
-0.574721
0.090064
-0.566932
0.357174
-0.176460
0.652292
0.056797
0.053420
0.099691
-0.588933
-0.452403
-0.037717
0.330786
0.056597
0.289299
0.347627
0.304238
-0.321348
-0.290476
0.116824
-0.030181
0.075677
0.247949
0.097690
0.304662
0.019230
-0.398786
-0.075038
-0.124648
0.304273
-0.307014
-0.291553
-0.073620
-0.121353
-0.042008
-0.277727
0.015761
-0.320322
0.397325
0.178625
0.156091
-0.499129
0.205387
-0.195864
-0.007101
0.214583
-0.162362
0.224484
0.206511
-0.526378
-0.001828
-0.459934
0.111300
-0.387050
0.160371
-0.077472
-0.244221
0.199642
0.429072
0.068161
0.565270
-0.462422
0.310986
0.211381
-0.219087
-0.173004
0.470908
0.749889
-0.662588
-0.033921
0.068908
-0.036862
-0.549505
0.300511
-0.007065
0.333912
-0.081790
0.079957
0.372845
0.071566
-0.024888
0.440376
-0.035644
0.068691
-0.472475
-0.034264
-0.749966
0.021071
-0.255225
0.464597
0.270554
-0.110658
-0.159732
0.126398
0.074599
0.027450
0.834087
-0.438917
0.134434
0.142377
0.398673
0.240481
0.124490
0.007915
0.181359
-0.467149
-0.089474
-0.106795
-0.022223
-0.675500
-0.300282
-0.161481
0.113204
0.302664
0.175617
-0.035911
-0.307158
-0.095212
-0.289142
-0.315787
0.003585
-0.181705
0.013958
-0.068549
-0.360281
-0.047888
-0.098417
-0.066083
-0.306172
0.434262
0.134018
0.093895
0.088827
0.160819
-0.452009
-0.254220
0.345225
-0.078164
0.399240
0.089672
0.560273
0.392055
-0.170356
-0.147079
-0.140414
-0.218317
-0.039017
0.638454
0.102321
0.256394
-0.300872
-0.193327
0.070378
0.259358
0.457626
0.148213
0.022680
-0.639832
0.063493
-0.304347
-0.091437
0.056490
-0.047321
-0.106610
0.086397
-0.531106
-0.135977
-0.341954
0.352019
-0.444842
0.238043
0.307275
0.252530
-0.720529
0.027626
-0.237364
-0.012299
-0.465274
-0.057271
0.184841
-0.029637
0.225550
-0.429118
0.343585
-0.193031
-0.046318
-0.027866
0.190448
-0.178956
0.453591
0.168551
-0.164418
-0.284043
0.324394
0.720698
0.499259
0.607342
0.196185
0.259672
0.073408
0.129012
0.238671
-0.099953
0.350890
-0.043284
-0.204346
0.198274
0.397381
0.298603
0.056738
-0.301707
0.297436
-0.154479
0.159664
0.050279
-0.436018
0.303855
-0.042953
-0.140076
0.153648
-0.421035
0.071010
-0.306720
-0.019131
-0.412277
0.259778
-0.205758
-0.039998
0.554352
-0.404906
0.047484
-0.452726
0.662789
-0.517882
0.357407
-0.501656
-0.238697
0.508750
-0.144507
-0.146233
0.397057
-0.030442
-0.279815
-0.489207
-0.295849
0.008655
0.334331
0.070870
-0.215679
0.101112
-0.100065
0.021594
-0.033086
-0.174265
0.238005
0.238159
-0.060135
0.290593
-0.599268
-0.107789
0.007619
-0.051513
0.306039
-0.623632
0.214870
-0.052930
-0.362600
0.270994
0.225930
0.350236
0.099744
-0.373187
0.049917
0.687788
0.058545
-0.712313
0.007287
0.290438
0.276180
0.248171
-0.010425
-0.269075
0.063023
0.089000
0.323835
0.246607
-0.124950
0.220307
-0.170022
0.098020
0.143791
-0.109310
-0.014832
0.135594
0.587508
-0.589653
0.287109
-0.735080
-0.156512
0.236481
-0.750740
-0.356940
-0.621736
-0.338441
0.170734
-0.121402
-0.368917
0.847164
-0.372132
0.136805
0.140454
0.018723
0.015783
-0.025029
-0.335316
0.468240
-0.062739
0.424728
0.232581
-0.490770
-0.491435
0.064213
-0.528893
0.455182
-0.464741
-0.589827
-0.006730
0.024243
-0.342739
0.213682
-0.428225
-0.282751
0.204480
-0.850410
-0.246978
-0.067087
0.019229
-0.104478
-0.071022
-0.225661
0.304766
0.218206
0.162104
-0.116208
-0.230636
-0.233327
0.037185
0.002658
-0.215653
0.510241
-0.185158
0.529002
-0.748285
-0.147058
-0.310377
-0.168573
-0.359943
0.399287
-0.414262
-0.149935
-0.048820
-0.338861
0.230206
0.010181
0.579995
-0.263756
-0.215892
0.016151
-0.102936
-0.208129
-0.419785
-0.380203
0.360492
-0.396654
0.012408
-0.370450
-0.683297
0.497496
0.038930
0.114291
0.516054
-0.394512
-0.308744
0.360860
0.046371
-0.257615
0.191960
0.357295
