0.038922
0.291787
0.055920
-0.137932
-0.180062
0.193137
0.092315
-0.067477
-0.302621
-0.188438
0.046525
0.056725
-0.456541
0.011918
0.099210
0.092745
0.091192
-0.076301
0.118224
0.346039
-0.040085
-0.080441
-0.039031
-0.130145
-0.169479
0.283210
-0.026591
0.099365
0.037799
-0.194413
0.033217
0.290110
0.073062
-0.011768
-0.040840
-0.065593
-0.017948
-0.047661
0.249594
-0.283681
0.047711
-0.027721
-0.056792
-0.118764
-0.182544
-0.091929
-0.270667
-0.029824
0.202312
0.145046
-0.199453
-0.173048
0.018635
0.356879
-0.199988
-0.072078
0.083698
-0.268444
-0.020993
0.024737
-0.173011
-0.106452
-0.087965
-0.159206
-0.021138
0.237025
0.082753
-0.089237
-0.230812
0.100207
0.126884
-0.264659
-0.406842
0.171634
0.202008
-0.074278
0.047465
-0.071519
-0.136522
-0.209386
0.062357
-0.086430
-0.171182
-0.323840
-0.004503
0.127529
-0.231033
-0.147164
-0.177870
0.005413
-0.347813
-0.092261
0.065349
0.006155
-0.041550
0.076919
-0.012778
0.128450
-0.097010
0.116399
-0.193004
0.054482
0.185934
-0.225909
-0.163227
-0.081765
0.249080
0.338068
-0.318561
0.085711
0.263401
-0.041331
-0.208317
0.162398
-0.062117
-0.141885
-0.011483
-0.166949
-0.094427
0.019076
-0.154875
0.035841
-0.237088
-0.294876
0.194634
0.285987
-0.054511
0.036899
-0.015106
0.314221
-0.139384
-0.316675
-0.079402
-0.089645
-0.050894
-0.023957
0.071619
0.149066
-0.045072
-0.178477
0.128693
0.231010
-0.038452
0.002092
0.141192
-0.165434
0.295743
-0.007893
0.269094
0.101098
0.129816
0.170533
-0.167451
0.167157
0.193259
-0.106742
-0.148441
0.034494
0.064479
-0.001681
-0.141124
0.209438
0.007147
0.279694
-0.300519
0.001894
-0.355879
-0.062887
0.044564
0.053300
0.146756
-0.092776
0.252885
-0.149978
0.287076
0.062772
0.080683
0.042444
-0.056654
-0.001636
0.032314
-0.323889
0.105629
-0.062535
-0.236840
0.360636
0.105846
0.167929
-0.243853
-0.078004
0.018397
-0.052678
0.182443
-0.072760
-0.059404
-0.147666
-0.034219
-0.141408
0.027546
-0.098481
-0.029629
0.075353
-0.070019
0.011679
-0.422613
-0.140332
0.174243
0.242195
-0.008756
-0.156446
-0.169233
-0.365543
-0.159594
0.055355
-0.241919
0.021594
-0.044784
0.076430
-0.039449
0.253807
0.105540
-0.206926
0.150145
0.192772
-0.123178
-0.464373
-0.075815
-0.101885
0.122086
0.275631
-0.457330
-0.349299
0.005220
-0.211874
-0.067408
0.132204
-0.441667
-0.065481
0.100622
-0.085135
0.316941
0.058274
-0.189653
-0.174337
0.040097
0.018396
0.082436
-0.084916
0.150114
-0.220337
-0.128187
0.113402
0.003673
0.158134
0.059595
0.287021
0.120029
-0.120547
0.093635
0.023392
0.164549
0.179432
-0.036060
0.141336
-0.237141
-0.236665
0.096495
0.423633
0.180152
-0.119124
0.011446
0.134248
-0.257460
0.103253
-0.191487
-0.155196
0.129275
-0.182626
-0.220365
0.177667
0.012362
-0.219642
-0.052548
0.231898
-0.270435
-0.112194
-0.218456
-0.270228
0.074999
-0.168225
-0.279229
0.073001
-0.042500
0.050956
0.137735
-0.088038
-0.125485
0.025598
0.056842
0.063060
0.125857
0.044652
0.011436
0.284883
0.013550
-0.164408
0.333058
0.054724
-0.039696
-0.015575
0.044872
0.094523
-0.380776
-0.118278
-0.179376
-0.033787
0.268428
-0.184258
0.024041
0.221528
-0.188361
-0.182554
0.311527
-0.154083
0.127157
0.299193
0.251879
0.041436
-0.101108
0.168172
0.392168
-0.056281
0.073782
0.087586
-0.011926
0.040139
-0.077694
0.106548
0.478134
0.118040
-0.138257
-0.240230
0.030919
0.054327
-0.328194
0.038556
0.003807
0.039369
-0.102959
0.108298
-0.047522
-0.247022
0.290290
-0.146732
-0.160685
0.002430
-0.082807
0.407518
-0.312434
-0.012313
0.051070
-0.079761
-0.192795
-0.015510
0.262715
-0.192460
-0.089021
0.241713
-0.231736
0.020032
-0.002925
-0.214672
-0.251162
-0.218808
-0.077388
0.114987
0.320592
0.021488
-0.328412
0.009345
-0.166592
0.123194
0.072206
0.278422
0.147388
0.248067
-0.024146
-0.100941
-0.110596
-0.091045
0.042769
-0.109780
-0.111555
0.191866
-0.122832
-0.015029
-0.142723
0.055265
0.370499
-0.148959
0.112549
-0.267335
-0.001492
-0.074056
-0.378076
-0.140821
0.024748
-0.177344
0.206420
0.036218
-0.144162
-0.109834
0.084529
0.215018
0.200280
-0.177228
0.269537
-0.116350
0.130026
0.117773
0.075997
-0.270880
-0.071046
-0.066393
0.006758
0.120320
-0.137246
-0.028833
-0.110881
-0.146100
-0.064613
0.164037
-0.077674
0.207687
-0.191877
-0.309178
0.077052
0.081724
-0.302650
0.131511
0.103011
-0.078974
-0.258291
-0.100700
0.192367
0.069182
0.011628
-0.288278
0.066712
-0.050883
-0.306169
-0.303892
0.010360
0.054639
-0.163117
0.207333
0.243776
0.067855
-0.237634
0.208696
-0.027308
-0.251932
-0.055585
-0.066004
0.219757
0.177516
-0.026745
-0.102272
0.125843
-0.240106
-0.018576
0.074955
0.360470
-0.105379
-0.203498
-0.396742
-0.031677
0.130698
0.180583
0.005258
0.010143
0.204411
-0.103350
0.025873
-0.205666
0.111913
0.073762
0.277518
-0.001951
-0.102190
0.043218
0.053112
-0.064305
0.451811
-0.083130
-0.159044
0.098561
-0.200325
0.135242
0.017610
-0.217881
-0.145268
-0.195949
0.352391
-0.405508
-0.080253
-0.202211
0.001358
0.455048
0.034617
-0.025022
0.172910
0.164111
-0.085586
-0.292153
0.079251
0.052795
-0.203701
0.184465
0.009804
0.166057
-0.120970
0.136500
0.035434
0.280428
-0.166068
-0.208657
0.225297
-0.178206
0.119932
0.156227
-0.084583
-0.115749
-0.228797
0.109730
0.248599
-0.140643
0.021833
-0.202570
0.089103
0.014187
-0.022835
-0.280506
0.071168
0.517424
-0.095394
-0.119938
0.098398
0.089379
-0.347442
-0.356046
0.244198
-0.080152
0.135565
-0.151970
0.139742
-0.130288
0.037343
-0.167517
0.067875
0.228315
-0.079111
0.012943
0.185508
-0.199373
-0.096131
0.049673
-0.014288
-0.151560
0.014076
0.209862
-0.229046
-0.021403
-0.122960
0.096641
0.049269
-0.120347
0.333545
-0.159314
-0.128595
-0.027797
-0.026659
0.102690
0.054364
-0.141518
-0.035617
-0.195599
-0.026355
0.069919
-0.069445
0.183793
0.246517
-0.151581
-0.263237
-0.132949
0.040494
0.029693
-0.320089
0.330296
0.111521
0.130614
0.149337
-0.169032
0.205319
-0.064869
0.121965
-0.172841
0.073623
-0.292909
-0.213927
0.161900
0.217277
0.450013
0.325270
0.065233
0.404163
-0.015721
0.080335
-0.309233
-0.345049
0.161453
0.169460
0.119840
0.334608
0.050155
0.137360
-0.140382
0.060221
0.115269
0.067243
-0.003598
0.257958
-0.266545
0.446958
0.085925
-0.182209
-0.009057
-0.045720
0.091282
0.163677
0.095724
-0.139456
-0.279141
0.032240
-0.167871
-0.040866
-0.025025
-0.205346
-0.023709
-0.332788
0.065134
0.165986
0.355440
-0.261951
-0.038411
0.242620
-0.178106
-0.450092
0.056880
0.221620
0.332281
0.133719
0.016700
-0.247133
0.259229
-0.206502
-0.251335
-0.199963
-0.168328
0.053147
-0.072488
0.102893
-0.083702
0.103731
0.201393
0.020755
0.050858
-0.027228
0.071462
-0.224457
-0.006073
0.135399
0.117066
0.435416
0.003945
-0.114357
0.093211
0.020007
-0.015429
0.135218
0.039894
0.004469
-0.061257
0.227797
-0.222702
0.515778
-0.278160
0.054808
-0.027136
0.096793
0.206209
-0.174102
-0.400962
-0.220827
-0.313800
-0.049507
-0.010931
-0.159508
0.173108
-0.043985
-0.169848
0.464981
-0.171517
0.048869
0.204773
-0.006343
-0.255991
-0.252124
0.026204
0.010813
-0.222897
0.136366
0.034962
-0.045080
-0.143768
0.015934
0.128406
0.362209
-0.113057
-0.250542
0.099179
-0.071680
0.285615
0.100244
0.340624
0.072764
0.117871
-0.341884
-0.269922
0.352789
0.326858
0.163142
-0.249306
-0.207162
0.231685
-0.223094
0.071777
-0.004650
0.288124
-0.191048
-0.139512
0.139238
0.056879
0.302959
0.242593
0.009464
-0.104552
0.211639
0.133749
0.273676
-0.028823
-0.182684
-0.194085
0.000434
-0.179403
-0.199189
0.003366
-0.003479
-0.108244
-0.048185
0.154858
-0.181047
0.147467
0.080414
-0.123914
-0.034214
0.202161
0.126631
-0.051375
-0.065297
0.093747
-0.240230
-0.065771
0.195451
0.111303
-0.225685
-0.004894
0.071440
-0.188376
0.096420
-0.063716
-0.061144
0.175010
-0.360532
0.252323
-0.052158
-0.088813
0.004904
-0.148059
0.112149
0.317729
-0.052945
-0.086622
-0.447105
-0.121769
-0.056375
0.246443
-0.396090
0.094252
-0.077132
-0.238627
-0.000835
0.049995
0.290774
0.312140
0.398136
0.194896
0.187958
-0.078483
0.120525
-0.115191
0.047396
-0.051214
-0.180988
-0.076178
0.021950
-0.047704
-0.257176
-0.080168
0.329211
-0.281807
0.198418
-0.001844
0.095835
0.245279
0.024510
-0.252866
-0.121719
-0.130214
0.075029
-0.279922
-0.536723
-0.152784
0.240338
0.134677
0.244924
-0.106378
-0.474282
0.119723
0.287392
0.056368
-0.033129
-0.338546
0.011510
-0.146455
0.029755
-0.184014
-0.116186
0.034778
0.245643
-0.064737
0.316718
-0.265747
-0.295607
-0.123186
-0.028460
0.047431
-0.185758
-0.145054
0.131378
0.015180
0.020958
0.018635
0.139724
0.239555
0.003059
-0.077883
-0.303385
0.094627
-0.414906
0.007179
-0.068446
0.085828
0.174374
-0.094204
0.148239
0.244782
0.135483
0.248814
0.091375
0.083240
-0.073327
0.189104
0.028823
0.182634
-0.034610
-0.014879
0.101675
-0.050765
0.034275
-0.115272
-0.059494
0.031418
-0.339865
-0.074067
-0.318061
-0.119968
0.104677
0.221685
0.112074
0.182902
-0.015556
-0.384539
-0.107586
-0.028172
-0.201877
0.156916
-0.069795
-0.170645
0.001026
-0.103042
0.220995
-0.123357
-0.006328
0.251716
0.236634
-0.252393
-0.035564
-0.067630
0.066798
0.154129
0.008935
0.021151
0.148836
0.362706
0.207021
0.177320
0.004753
-0.258899
0.198175
-0.067035
0.320564
-0.073009
-0.188204
-0.127091
0.000842
-0.182848
-0.216369
-0.060993
0.016124
0.090885
0.159804
0.029056
-0.184511
-0.136440
-0.293516
-0.210487
-0.249566
-0.070681
-0.166726
0.108826
-0.264497
0.518927
-0.014887
-0.249420
-0.106495
0.236165
-0.028012
-0.088323
0.220413
0.294970
-0.546854
0.084924
-0.194530
0.038849
0.077301
-0.071567
0.262374
-0.231994
-0.133579
-0.029141
0.010500
-0.235705
-0.139313
0.142730
0.127082
0.445328
-0.052464
-0.107084
0.117517
-0.047113
0.011585
-0.170167
0.175772
0.000294
0.094011
0.382509
-0.173879
0.118093
-0.302864
-0.095214
-0.020720
-0.002081
-0.229974
-0.221520
-0.111008
-0.363976
0.284955
-0.118842
0.096597
0.068082
0.300936
-0.059009
0.079105
-0.063837
0.036710
0.141026
-0.022382
0.228313
0.060818
0.047490
-0.104688
-0.153720
0.135602
-0.151123
0.029307
-0.238428
-0.319541
0.002371
0.092381
0.232508
-0.104397
0.234195
0.084485
-0.080266
0.258755
0.072629
-0.106505
-0.345004
0.130426
-0.033356
-0.119455
0.041042
-0.034074
-0.040553
0.157835
0.119406
-0.060305
0.045559
-0.017177
0.072162
0.113588
0.038459
-0.298777
0.021054
-0.115174
0.262128
0.312520
0.216949
-0.145898
-0.133555
0.053841
0.027254
0.003220
0.181972
0.143995
0.115915
-0.051526
0.012301
0.118600
-0.197002
0.129785
-0.389002
0.135089
0.234283
-0.277846
-0.085833
0.012732
0.035784
0.078959
-0.299204
-0.050329
0.121640
0.213116
-0.047257
-0.012920
-0.229313
-0.121871
0.014401
0.202485
0.092442
0.117767
0.245997
-0.145286
0.069755
-0.249091
0.164259
-0.042041
-0.001772
0.073450
-0.190468
-0.082294
0.133900
-0.099206
0.196121
-0.097898
0.267019
-0.124435
0.137167
0.112011
0.175419
0.138707
-0.335026
0.100388
-0.077308
-0.079428
-0.018602
0.250763
0.298505
-0.028447
0.108612
-0.167897
-0.057183
0.417847
-0.004236
-0.152364
0.228171
0.124976
-0.017366
-0.045370
0.098842
-0.015200
-0.029496
-0.307195
0.036571
0.057681
-0.096564
-0.247673
0.052647
-0.038768
0.301146
-0.074874
-0.020923
0.017852
0.215330
0.174887
-0.093579
0.006434
0.258698
0.205280
0.018206
-0.448014
-0.082924
-0.137616
-0.094392
0.024738
0.078708
0.002619
0.134825
-0.041403
-0.123880
-0.087244
-0.156440
0.090515
0.387122
-0.041355
0.298844
-0.434688
-0.097865
0.346143
-0.411712
-0.108455
0.036804
-0.058448
0.193172
0.070237
-0.185478
-0.096999
0.009683
0.020094
-0.339561
-0.246767
-0.202753
-0.268430
0.374525
-0.180027
0.059797
0.164254
0.158809
-0.377192
0.051121
-0.013419
-0.217740
-0.165358
-0.245124
-0.301278
-0.177466
-0.289180
-0.121728
-0.130670
0.437767
-0.501829
0.063826
0.355635
-0.269473
0.149366
0.067954
-0.173800
0.214122
-0.013389
-0.058080
-0.001440
-0.046113
-0.341382
0.048177
0.042053
0.063704
-0.277839
0.167068
0.001413
-0.032006
0.128893
0.050303
0.154344
0.183240
0.086755
-0.025134
0.261664
0.159226
0.164314
0.158967
-0.415433
0.120393
0.218899
0.149445
-0.024981
0.038720
0.253581
-0.048981
-0.021562
-0.074411
0.097507
-0.208185
-0.286140
0.156386
0.149161
-0.345323
-0.397132
0.186675
0.090989
-0.100562
0.126877
-0.305320
-0.036474
0.060479
0.029402
0.227662
-0.054527
0.246447
-0.249185
0.064585
0.340713
0.355907
-0.208831
0.082240
-0.060841
0.020569
-0.306151
0.018565
-0.043985
0.015404
-0.223468
0.141079
-0.048313
-0.088375
-0.162233
-0.084347
0.089745
0.380392
-0.063767
0.173341
0.104972
-0.024308
0.253826
0.095568
-0.043025
-0.001065
-0.153639
-0.056705
0.020083
0.149322
-0.202423
0.041401
-0.141107
0.120383
-0.237564
0.070885
0.061116
0.058860
-0.115326
-0.111015
0.098348
-0.226900
0.097595
-0.262163
-0.156381
-0.116226
-0.012246
0.075484
-0.028966
0.139487
-0.217305
-0.114337
0.173935
-0.001836
-0.298568
-0.107980
0.221230
0.319507
0.242482
-0.010785
0.392764
0.240299
-0.089974
0.050913
-0.167279
-0.017101
-0.042345
-0.085705
0.089775
-0.180615
0.168013
-0.073806
0.101039
-0.082054
-0.170035
0.099895
0.012547
0.163477
0.052276
0.172999
0.409506
-0.146065
0.106637
-0.064908
-0.165490
0.056561
-0.050859
0.068035
-0.061091
0.123070
0.145328
0.056528
0.007237
-0.085871
0.322168
0.202010
0.054742
-0.079791
0.018024
0.108273
0.087679
-0.046690
0.138397
0.014822
-0.195285
-0.103339
0.005738
0.226726
-0.014693
0.170397
0.003307
0.107100
-0.071735
0.056165
-0.070959
0.282260
0.090261
-0.207796
-0.112219
-0.191105
-0.202497
0.318162
0.050746
0.007701
0.057666
-0.148140
-0.070789
0.101388
-0.045400
0.198425
-0.166074
0.017349
0.265853
0.090622
0.151011
-0.022945
-0.110913
0.342320
0.226563
-0.009538
-0.027390
0.049304
-0.050978
0.007550
0.003109
0.405389
-0.018055
-0.189353
0.027955
0.172842
0.294173
0.198170
0.078963
0.079604
-0.031091
-0.048248
-0.133588
0.072835
-0.140406
-0.312929
0.064499
0.117919
-0.073060
-0.269320
0.516114
-0.149940
0.050050
-0.090010
-0.106919
0.121317
-0.290717
-0.181661
0.034976
0.095610
0.121332
0.114207
0.061988
-0.301424
0.024086
-0.068516
0.203850
0.003300
-0.026313
-0.028880
-0.047400
0.210706
0.205889
-0.039685
-0.072529
0.184838
0.063852
0.050632
0.224596
0.502309
-0.255470
0.003784
0.293909
-0.030838
0.105686
-0.020919
0.255652
-0.011638
-0.045386
-0.051555
-0.300883
-0.245227
0.035086
-0.362897
0.038752
-0.060147
0.115671
0.029533
0.065881
0.078422
0.085512
-0.087169
0.033542
0.090835
0.107458
-0.077414
0.176022
-0.086280
0.315805
0.225441
-0.051267
0.265435
-0.001449
-0.095427
0.042548
0.170940
0.088747
0.066243
-0.073655
0.100994
-0.283984
0.149731
-0.024453
0.103912
0.155916
0.201958
-0.190733
0.113126
-0.034197
0.051957
0.115368
0.248986
0.187428
0.143433
-0.350724
0.107021
0.212095
-0.032600
-0.054543
-0.073551
0.190088
0.131703
-0.012387
-0.043427
-0.215099
-0.383368
0.074802
0.094675
-0.031786
0.001144
-0.065733
0.089979
0.011843
-0.232157
0.394175
-0.005879
-0.251155
-0.154019
0.111591
-0.244870
-0.174030
0.144098
-0.352177
-0.056681
0.234668
0.048092
-0.367925
-0.039390
-0.133145
0.188822
0.131231
0.059196
0.304140
0.203567
-0.077513
-0.083449
-0.079605
0.210774
0.427470
-0.057413
-0.142520
-0.114304
-0.129935
0.027372
0.125329
-0.132578
0.143775
-0.023329
0.055199
0.160757
0.008820
-0.172013
-0.101633
0.000775
0.179996
-0.028939
-0.182796
-0.192263
0.459616
-0.122072
0.222922
-0.200963
-0.075857
-0.042940
-0.017800
-0.103388
-0.012397
0.068005
0.342656
-0.167315
-0.274732
0.197863
0.016472
-0.221947
0.032883
0.215190
-0.482950
-0.193035
-0.265273
0.326441
-0.046360
0.028088
-0.057987
-0.053335
-0.015021
0.039498
-0.037478
0.114949
-0.154497
0.044845
-0.013743
0.025253
-0.030424
-0.098960
0.062792
-0.323520
0.053454
-0.046490
0.135368
-0.139835
0.096980
0.085541
0.006501
-0.290627
0.134890
0.007466
0.025386
-0.090047
-0.147972
0.113048
-0.035794
0.035433
0.244611
-0.137269
0.248231
-0.018641
0.209959
0.307374
-0.065269
-0.252288
0.077509
0.305544
-0.033686
0.279166
-0.292723
0.279826
-0.034509
-0.084878
0.058788
-0.049350
-0.256621
-0.156446
0.034053
0.119122
-0.015310
-0.069961
0.153070
0.067087
-0.113638
-0.060131
0.111917
0.119788
0.114139
0.015075
-0.279048
0.146360
0.365654
0.002192
-0.111928
-0.084630
-0.263428
-0.103605
0.323781
-0.111254
0.066067
0.062744
-0.131546
0.060652
0.167893
0.099193
0.102192
-0.242389
0.057185
-0.079346
0.247380
-0.099630
-0.070119
-0.125269
-0.043211
0.055344
0.393917
0.054405
-0.308288
-0.135041
-0.008298
0.163888
0.063455
-0.137966
-0.057607
-0.273650
0.295027
0.017360
-0.001536
0.125545
-0.072619
0.029435
0.336859
0.117691
-0.016220
-0.263898
-0.158181
0.055203
0.149297
-0.142291
-0.187194
-0.190863
0.130614
-0.298017
-0.181778
-0.132605
-0.142369
0.215373
0.374158
0.286946
-0.154880
-0.130126
0.278612
0.117442
-0.337447
0.331457
0.102381
0.028842
0.009105
0.011786
-0.000384
0.143061
-0.097699
-0.158107
0.181527
-0.188446
-0.167124
0.125771
0.166001
-0.130631
-0.236279
-0.577591
0.090362
-0.097208
0.056400
0.103331
0.191600
0.178782
0.013105
-0.123335
0.163134
0.104038
-0.049861
0.076140
-0.045573
-0.005454
0.334423
-0.096971
-0.016888
-0.081810
0.035160
0.200147
0.220269
0.166175
-0.217170
-0.187930
0.118077
0.202921
-0.286559
-0.051863
0.164918
-0.326943
-0.038858
0.001600
-0.330878
0.118820
-0.320161
0.233920
-0.073474
0.048243
0.052496
0.181318
-0.155023
0.122920
0.084501
0.170784
-0.129921
-0.181825
-0.166064
-0.345800
0.241139
-0.360232
-0.095047
0.047942
-0.029505
-0.071333
-0.310991
-0.228626
-0.163643
0.086788
-0.042599
0.088677
-0.193990
-0.264100
0.273640
-0.014972
-0.170383
0.175005
0.098983
-0.234764
-0.024767
-0.167161
0.253015
0.223605
0.169804
0.232964
-0.096229
0.066651
0.036694
0.116563
-0.089431
0.239639
-0.160302
0.007249
-0.039514
0.003258
0.010836
-0.378090
0.254381
-0.068220
0.001173
0.011157
-0.184716
-0.330605
-0.016300
0.158357
-0.052125
0.027984
-0.270583
0.003980
-0.465304
-0.169337
0.167409
0.093292
-0.167083
0.045130
0.269729
-0.017903
-0.094038
-0.059674
-0.419744
-0.109137
-0.390546
0.277283
-0.301724
-0.371909
0.057640
-0.104838
-0.162829
0.074704
0.158531
0.006734
0.227932
-0.002414
-0.298549
-0.089936
0.089258
-0.161075
-0.008161
-0.067993
-0.265524
0.025404
-0.107244
0.073565
-0.514510
-0.142034
0.062528
-0.072594
0.281818
-0.159786
-0.220042
0.056168
-0.048585
-0.215256
-0.042443
-0.006751
-0.108729
-0.129281
-0.094026
-0.033507
0.075474
-0.073215
-0.115427
-0.111370
0.283161
-0.504169
0.054933
0.079502
-0.053768
0.147001
0.112270
-0.048722
-0.209611
0.301013
-0.013871
0.243470
-0.157113
0.070744
-0.197023
-0.054876
0.138311
-0.031851
-0.124348
0.003428
0.251057
0.020181
-0.058451
-0.119772
-0.053709
0.109260
-0.145832
-0.048118
0.036284
0.032272
0.132698
0.080316
0.347442
0.099211
0.014768
-0.328245
-0.004110
-0.185931
-0.035815
-0.117475
0.134745
0.264725
-0.084821
-0.159140
-0.099960
0.026570
0.015222
0.106483
-0.131231
-0.230026
0.091520
-0.152675
-0.327826
0.023376
0.049542
-0.015788
-0.249472
-0.349814
0.157617
0.085004
0.131122
-0.459874
0.307338
-0.280287
0.136522
-0.317627
-0.124202
-0.129250
0.057809
0.054268
-0.235248
0.005174
0.028056
0.096874
0.057845
0.132391
-0.117414
0.162568
-0.101806
0.305925
0.113695
0.079198
-0.090724
0.124028
-0.066302
0.079443
-0.078380
0.244658
-0.209905
-0.013515
0.152287
0.144550
0.388620
0.061749
0.016683
0.030836
-0.005687
-0.026473
-0.113615
0.083899
-0.204279
-0.167335
-0.133333
0.252379
0.130716
-0.132977
0.191269
-0.066014
-0.244156
0.032745
0.087979
-0.086210
-0.028903
-0.320926
0.071061
0.212200
0.174529
-0.260462
0.065992
-0.251491
0.079161
-0.136794
-0.100927
-0.156086
0.179040
0.119186
0.110759
-0.256523
0.000139
-0.075120
0.337461
-0.197940
-0.108838
-0.404483
-0.235414
0.006490
-0.296376
-0.324272
0.003444
-0.146803
-0.218110
0.229329
0.066876
0.318329
0.166210
0.203716
-0.040689
-0.048483
0.382691
0.384959
-0.190962
0.113957
0.329927
0.085666
-0.059899
-0.129093
-0.017077
-0.031622
-0.238423
-0.004138
-0.046643
-0.186484
-0.009899
-0.040851
-0.274954
0.014876
0.092128
-0.319194
0.075567
0.232277
0.009175
-0.045188
0.237740
-0.250877
0.110664
-0.429887
0.127235
0.071996
0.124786
-0.012350
0.090127
-0.264902
-0.306094
0.092586
0.142248
-0.188148
-0.260871
-0.322111
-0.046875
0.075845
-0.131031
-0.543138
0.069517
-0.034244
-0.057197
0.171715
-0.045704
-0.242143
0.060828
0.194598
0.275209
-0.362170
-0.303475
0.140027
0.148770
-0.046609
0.445538
0.233552
-0.152175
-0.239022
0.324186
-0.094610
-0.306855
-0.033577
-0.219773
0.140033
-0.230760
0.112926
0.207809
-0.130313
0.080394
-0.076695
-0.267063
-0.389760
-0.106573
0.011343
-0.255824
-0.180026
0.011642
-0.054938
0.117711
0.234931
-0.026736
0.368211
0.039944
-0.066260
-0.085270
0.219678
0.132277
-0.132724
-0.013864
-0.508069
-0.144631
0.078405
0.279333
0.036034
0.184810
0.263587
0.191123
-0.015251
-0.285932
0.126776
-0.202314
-0.166065
0.061171
0.155804
0.067914
-0.168278
-0.105116
0.149564
-0.107160
0.076168
0.160136
-0.006409
0.447761
-0.391653
-0.498123
0.102665
0.016001
-0.082995
0.126028
-0.147908
-0.051854
-0.147041
0.292950
-0.000573
0.073887
-0.094249
0.263088
-0.005981
-0.096356
0.063223
-0.013234
0.010400
-0.039922
0.236124
-0.074962
-0.178607
-0.104133
0.251014
-0.030481
0.001637
0.094625
-0.094140
-0.329630
0.242633
0.038480
0.343672
0.369418
-0.205340
-0.044924
0.161607
0.033977
0.130369
-0.328446
-0.346329
-0.023125
-0.221216
-0.024717
0.105126
0.086107
-0.260266
-0.132524
0.039365
-0.204290
-0.052117
0.069699
-0.206808
0.066511
-0.149259
-0.107576
0.057361
-0.227158
0.304832
0.227060
0.166949
-0.097120
0.210472
0.075190
-0.088264
-0.534660
-0.066134
-0.009658
-0.125021
0.355616
0.227382
0.134816
0.185279
0.246103
0.078673
0.085169
-0.120609
0.406769
-0.034678
0.021755
-0.082070
0.090904
0.067314
0.497819
-0.204959
-0.038251
0.161266
-0.091713
-0.136969
-0.101923
-0.200483
-0.106552
0.289308
0.133684
-0.025756
0.004373
-0.222407
-0.021462
-0.055748
-0.319539
-0.201767
-0.027425
0.170605
0.032813
0.017987
-0.288737
-0.285801
0.188646
0.180548
-0.153250
-0.199137
0.081748
0.057959
-0.306826
-0.067397
-0.030996
-0.010851
0.045200
0.021258
0.278464
-0.153217
-0.426007
0.186683
-0.362080
-0.026377
0.097898
0.078028
-0.398495
0.098191
-0.304560
-0.146378
0.107825
0.485886
-0.035027
0.048833
0.167407
0.141724
-0.153238
-0.416312
0.101792
0.127702
0.309214
-0.050321
0.192499
-0.262852
0.064948
-0.002184
-0.188269
0.154139
-0.232470
0.098122
0.296732
0.123885
-0.114359
0.185661
0.291127
0.114335
-0.029843
-0.024184
-0.352529
-0.039186
-0.069981
-0.152409
-0.023822
0.229931
-0.015774
0.159940
0.014506
-0.015769
-0.179635
0.107159
0.139507
0.285439
-0.160897
-0.106988
-0.354716
-0.077418
-0.083825
0.230002
-0.067354
-0.006870
0.055592
0.276366
0.142308
-0.120321
-0.149812
0.300106
-0.311795
-0.138334
-0.105583
0.187390
-0.238529
-0.432035
0.164468
-0.071050
0.106868
0.250062
0.156147
-0.256384
-0.351655
0.009962
-0.104639
-0.289912
0.161631
-0.144516
0.157222
0.107744
-0.255868
0.053159
0.269330
-0.086437
-0.146330
0.025182
0.084060
-0.340286
-0.073814
0.113826
0.045182
-0.033956
0.043482
-0.113841
0.181949
0.125297
-0.251482
0.077310
0.085849
-0.287592
0.134421
-0.171264
0.025226
0.122283
0.294245
0.384916
0.054864
-0.281859
-0.352951
-0.001437
0.110097
0.377863
-0.120064
0.016690
-0.152155
0.131919
-0.077058
-0.040895
-0.246360
-0.147608
-0.119264
0.332214
-0.271308
-0.096781
-0.097675
-0.079515
0.050777
-0.059626
0.058310
0.118392
-0.440980
-0.074897
-0.361944
-0.375941
-0.050723
-0.147142
-0.003642
-0.342718
0.402145
0.131764
-0.168362
0.173746
-0.221976
0.063066
-0.174892
-0.201482
-0.243351
0.024395
0.084570
0.062268
-0.021491
0.058006
-0.064563
-0.075665
0.176675
0.292999
0.133789
0.188546
0.070011
0.391051
-0.103150
-0.190199
-0.010042
-0.096030
-0.169486
-0.087097
-0.198148
-0.135936
-0.001249
0.207036
-0.264934
0.057145
0.111327
-0.017696
0.147031
0.228163
0.159283
0.082428
-0.075539
0.199892
-0.258648
-0.114709
-0.068526
0.268053
0.141101
0.081922
-0.000489
0.209748
0.114560
-0.244972
0.086713
-0.259568
0.282971
-0.234795
0.119661
0.123201
0.183446
0.132087
0.017413
-0.079310
0.191217
-0.372588
0.168792
0.116149
0.078270
0.112820
0.072689
-0.056285
0.389456
-0.114231
0.162805
-0.346827
0.326272
0.312116
-0.137241
0.171195
-0.322805
0.183054
0.168623
-0.047322
-0.061412
0.073463
0.207282
-0.194425
0.147607
0.024958
0.145516
-0.052953
-0.203030
0.070123
0.056197
-0.046312
0.055151
-0.328734
0.112911
-0.263481
0.328020
0.123479
0.057509
0.303620
0.019092
-0.275484
-0.025361
0.090989
-0.136754
-0.012143
0.001198
0.364369
0.023656
-0.081963
-0.050248
0.012578
-0.151857
0.193477
0.277798
-0.082013
-0.064345
0.042610
0.002475
0.129733
0.130057
-0.126555
0.164082
-0.078428
-0.062967
0.021571
0.246451
0.132407
0.007876
-0.465366
0.073244
-0.179291
-0.007155
-0.028633
0.015436
0.153223
0.241109
0.197414
-0.333478
-0.276868
-0.355743
-0.147841
-0.273464
0.119806
0.136145
-0.092244
-0.178309
-0.008013
-0.171852
-0.137640
-0.026759
-0.266840
0.202759
0.016866
-0.018502
-0.107524
0.355483
-0.069654
-0.098887
-0.110808
-0.060333
-0.037701
-0.039145
-0.204171
-0.262938
-0.187217
0.100522
-0.169437
0.204652
0.210021
-0.286373
-0.033053
-0.109737
-0.084845
-0.048193
0.190344
-0.496427
-0.089210
0.058116
-0.214442
-0.028266
-0.126807
-0.133695
-0.032163
0.337588
-0.182448
-0.079237
0.066174
-0.218538
0.022279
-0.144595
0.287553
0.112361
-0.195125
-0.057681
-0.288136
-0.232459
0.017666
-0.253467
0.198829
0.005924
-0.292589
0.003775
-0.433183
0.079985
0.206458
0.143687
-0.209179
-0.256997
0.082481
-0.125499
-0.102977
0.042223
0.131715
0.058600
0.041847
-0.320829
-0.228361
-0.138270
0.100871
-0.023502
0.149789
0.038733
-0.118120
-0.192184
-0.069662
-0.134657
-0.074435
0.131104
-0.226024
0.085645
-0.308342
-0.206301
0.004678
-0.130020
0.075985
0.030693
0.022153
-0.023142
-0.177885
-0.118121
-0.252455
0.334330
-0.306652
0.504730
-0.094314
-0.065464
-0.097639
-0.184537
0.041123
-0.288056
-0.331915
0.005327
-0.064112
-0.152827
-0.240247
0.095018
-0.244270
0.059246
0.211591
-0.080949
0.169929
-0.107877
-0.168106
0.415392
-0.165436
-0.155675
0.170981
-0.043009
0.205239
-0.010384
0.058164
-0.063877
0.112209
-0.172181
-0.109924
-0.086851
-0.129720
-0.252022
0.174816
-0.250026
-0.017677
0.050100
-0.079273
0.014286
-0.192961
-0.079355
-0.239507
-0.112213
-0.504119
0.456916
-0.158897
0.012961
-0.333369
-0.002218
0.196339
-0.382758
0.410014
0.235369
-0.152488
0.009118
-0.099720
-0.153789
-0.136695
-0.037017
0.213438
0.008620
-0.109265
-0.024499
0.309606
0.079157
-0.082444
0.193439
-0.140757
-0.005567
0.348033
-0.094881
0.319487
-0.159711
0.304026
0.174612
0.120446
-0.211296
-0.006178
-0.104010
0.022035
-0.242743
-0.012880
0.042441
-0.332252
0.104972
-0.199201
0.125330
0.548260
-0.222300
-0.152080
-0.032275
0.276655
0.086730
-0.059032
-0.052435
-0.129341
-0.158869
0.010042
-0.501135
0.122233
-0.134650
-0.060084
-0.104662
0.001699
0.027539
-0.358831
-0.084520
-0.028231
0.075970
-0.323666
-0.046071
0.167795
-0.009663
-0.165957
0.015555
-0.005254
0.162446
0.162137
-0.229976
-0.022273
-0.057207
-0.204664
0.163461
0.074515
0.271999
0.134946
0.066487
-0.062415
0.158785
0.006593
0.235607
-0.207441
0.053483
0.038175
-0.049768
-0.199005
0.038828
-0.046738
-0.073718
0.204572
0.207671
0.108792
-0.132487
0.260303
-0.302019
0.559737
-0.306169
-0.071337
-0.094037
0.090715
-0.260527
-0.029176
-0.221472
0.107427
0.198466
0.062315
0.196392
-0.010972
-0.070114
0.028985
0.262279
-0.020357
0.003706
0.146338
0.034216
0.078301
-0.302638
-0.015736
-0.099608
-0.274171
-0.186062
-0.201724
-0.252258
-0.157037
-0.232251
-0.048062
-0.021976
-0.087724
-0.079444
-0.221019
0.210176
-0.262714
-0.103702
-0.073838
0.379477
0.078109
0.017450
-0.173722
0.065982
0.048503
0.168536
-0.062643
0.027011
-0.190413
0.300780
0.120292
-0.231041
0.344655
0.202947
0.220678
-0.156632
-0.273094
-0.050828
0.261505
0.189466
-0.244700
0.184375
-0.119489
-0.083982
-0.064288
0.182118
0.031958
-0.275319
0.097476
0.104892
0.144623
0.069472
-0.312747
-0.090307
0.020086
0.140194
-0.003511
-0.363993
-0.021424
0.052750
0.272072
0.413239
0.291785
-0.438187
0.328242
-0.010514
0.037604
-0.149420
-0.257548
0.404661
-0.144401
0.071003
-0.054121
-0.086244
-0.189292
-0.348311
-0.095359
-0.102488
-0.325112
-0.264798
-0.075539
-0.229378
0.372526
0.181489
-0.374220
-0.229116
0.057241
-0.302442
-0.032336
-0.368448
-0.015766
-0.028768
0.102146
-0.261325
-0.023757
-0.049192
0.243714
-0.206268
0.266070
0.055422
0.121373
0.283353
-0.214125
-0.412095
0.208196
-0.141569
0.259113
-0.289257
-0.095333
-0.052135
0.200389
0.074348
0.054303
-0.116870
-0.098041
0.101154
-0.304315
0.051996
-0.462615
0.320805
-0.048125
0.210972
-0.290909
0.118312
0.170992
0.127977
0.085232
0.213911
-0.192357
-0.055282
0.104912
-0.074052
-0.213313
-0.492527
0.193700
-0.177463
-0.209946
0.215081
-0.041748
0.285116
-0.071127
0.000205
0.309214
-0.179767
0.123241
-0.117209
-0.012793
-0.174192
0.259612
0.154148
0.048599
-0.238762
0.118882
-0.052809
0.203994
0.145463
-0.082929
0.256086
0.394035
-0.070288
-0.004165
-0.090274
-0.014458
-0.029152
0.134071
0.223709
-0.131094
-0.084932
0.181809
-0.128452
0.066510
0.017031
-0.094713
0.041021
-0.028642
-0.122267
-0.220372
0.292361
-0.427949
0.067416
0.305900
-0.002571
-0.128178
-0.181175
0.234206
-0.219723
0.104344
0.119050
0.181993
0.429685
0.408399
-0.040433
0.375506
-0.123950
0.272890
-0.339524
0.080616
-0.118664
-0.128139
0.098128
0.063202
-0.304868
0.217767
0.095019
-0.054804
-0.218962
-0.234279
-0.171011
0.117585
0.071885
-0.178583
0.171826
-0.159816
-0.010125
-0.325997
0.056327
-0.057530
0.042469
-0.129127
-0.189480
-0.167874
-0.166903
0.214727
-0.037271
0.339815
0.065412
0.045517
-0.240199
0.026446
-0.139748
0.216364
0.042329
-0.237428
0.550918
0.146782
0.037386
0.029346
0.334279
-0.358448
-0.054545
0.073149
0.350857
-0.224156
0.015758
0.049431
0.129927
-0.078417
-0.473420
-0.145082
0.060106
0.208787
0.093458
-0.069202
0.115725
-0.070263
0.198382
0.564227
0.056763
-0.076360
0.290402
0.038905
-0.066862
0.213357
-0.004190
-0.196658
-0.306100
0.078437
-0.065094
-0.170103
0.030358
0.199527
0.286179
-0.092182
0.274746
0.047642
-0.086298
0.089134
-0.209398
-0.159571
-0.120229
-0.140332
0.063709
0.042931
0.051379
-0.207613
0.142757
0.011520
-0.032103
0.241382
-0.298328
-0.246553
-0.366045
0.186314
-0.263430
0.115557
-0.031200
-0.076498
-0.207565
-0.088820
-0.012156
0.085640
0.148289
0.367281
0.427360
-0.505653
0.186073
0.244945
0.250543
0.088933
0.113495
0.194442
-0.233478
0.157607
0.361071
0.133817
0.155077
-0.108796
0.389319
-0.171941
-0.017521
-0.224459
-0.383927
0.135027
-0.002570
0.092314
0.218978
-0.118233
0.060904
0.398225
0.027474
-0.356282
0.103114
-0.089303
-0.081061
0.051335
0.078418
0.139310
0.017890
0.253950
-0.382143
-0.199190
0.147182
0.017960
-0.268812
-0.117326
0.309693
0.006567
-0.176846
0.129032
0.170994
0.016968
-0.255017
-0.129233
0.090223
0.274476
0.069245
-0.192351
-0.046325
-0.125919
-0.281354
-0.155192
-0.336738
-0.111332
0.139389
-0.326713
0.428206
-0.163041
-0.152647
0.207730
0.037014
0.156813
0.144672
0.098266
0.274863
-0.159670
0.181073
0.259795
-0.170836
-0.006876
-0.150807
0.023179
0.042414
-0.203071
0.114721
0.015309
0.014831
0.102513
-0.076279
-0.012064
0.178666
0.263658
-0.046586
-0.306269
0.335734
-0.094193
0.159582
0.445341
-0.119650
-0.273158
-0.072356
0.160600
0.201839
0.065437
0.456114
-0.101485
0.278406
-0.016779
0.143981
-0.191566
-0.290101
0.149892
-0.224142
0.008191
0.232669
-0.111761
0.506304
0.106849
0.035480
-0.047839
0.025044
-0.015386
0.101331
0.064703
0.409725
0.159017
0.080857
0.204263
-0.190110
0.168887
0.088083
-0.092901
-0.324031
-0.335505
-0.301898
-0.101673
-0.031802
0.168229
0.195559
-0.007000
0.120936
-0.371983
-0.185038
-0.157939
0.122299
-0.006147
0.044990
0.157064
-0.131718
-0.076259
-0.373478
-0.324458
0.045081
-0.138875
-0.219641
-0.051770
-0.128612
0.183480
0.387059
-0.122502
-0.067148
0.005479
0.079686
-0.229467
0.072128
-0.109656
0.247904
-0.355233
-0.145388
0.121469
-0.164903
0.070944
-0.233861
0.230164
-0.438675
0.044511
0.092074
0.124720
0.136674
-0.127428
-0.164850
-0.001438
0.142652
-0.210758
-0.059968
0.074858
0.268670
0.055876
-0.085610
-0.086422
0.159146
0.021307
-0.175435
-0.240120
-0.221168
-0.018672
0.106658
-0.024942
-0.211121
0.101264
-0.077796
0.036065
-0.313393
-0.128047
0.007558
0.077053
-0.258581
-0.031353
0.107369
-0.064494
-0.149694
0.027508
-0.172893
0.291604
0.039068
0.245263
0.201227
-0.177201
0.095109
0.003107
-0.083626
-0.128985
0.328554
0.089828
-0.374894
0.156756
0.243187
0.239326
0.190698
0.592549
0.174772
-0.023739
-0.036892
-0.157852
0.140981
-0.245807
0.068813
0.315947
-0.040849
0.094121
0.078128
0.003565
0.109996
-0.228085
0.039128
-0.177404
0.054921
0.222711
-0.039901
0.145214
0.166074
0.322003
0.370320
0.187013
0.072934
-0.027462
0.172667
0.017982
-0.067947
-0.134599
0.242978
-0.294570
-0.072974
0.029472
0.015359
-0.070319
0.255513
-0.071908
-0.310142
0.226051
-0.075298
-0.327970
0.137997
0.218497
-0.106801
-0.300090
0.019127
-0.098615
-0.335394
0.133225
0.040140
0.069058
0.022348
-0.099312
0.190546
-0.181447
-0.116653
0.026805
-0.103716
0.020988
-0.002367
0.412261
-0.094137
-0.055312
-0.021966
0.023593
-0.293233
0.216626
-0.050659
0.048577
-0.207522
0.141953
-0.128059
0.197017
0.040828
0.111737
0.078784
-0.228968
-0.181883
0.206717
-0.150707
-0.000294
-0.255913
0.267908
0.324345
0.334819
-0.204059
-0.272335
0.294597
-0.358289
-0.251049
-0.037409
0.155016
-0.140857
-0.063458
-0.041469
0.169187
0.208935
0.030030
-0.140878
-0.376185
0.031967
0.023181
-0.284297
0.349365
-0.026303
0.090513
-0.083684
-0.157684
0.092989
-0.267796
0.153041
0.081068
0.070465
-0.169030
-0.234208
0.166975
-0.154267
-0.479989
-0.065477
0.198668
0.106390
-0.120545
-0.101047
0.096472
-0.028098
0.007719
-0.181602
-0.172692
0.097003
0.304891
0.020595
0.004347
0.105169
-0.150940
-0.011554
-0.017426
0.195958
-0.028333
0.027157
-0.256551
-0.015075
0.104255
-0.059578
0.127937
0.051777
0.189488
-0.074685
0.110228
0.164916
0.177345
-0.196136
0.024852
0.081778
-0.222110
0.132044
-0.190385
-0.011370
0.004543
0.213174
-0.072057
-0.162918
0.266631
0.356272
-0.131537
-0.307615
0.026992
-0.113247
0.060970
-0.354812
0.107457
0.171921
0.380039
0.148310
-0.219665
0.256217
-0.141736
-0.159887
0.007645
-0.319489
-0.254010
-0.262182
0.336184
-0.263003
-0.164126
0.432781
-0.144483
0.161553
0.186193
-0.101894
-0.129185
0.077357
-0.193985
-0.156298
-0.169781
0.103466
0.027738
0.431518
-0.321427
-0.014959
-0.006669
0.294500
0.172435
-0.111787
0.051161
0.288509
0.046653
-0.050932
-0.353072
0.171286
0.232372
-0.055911
0.218548
0.227036
-0.312998
0.153653
0.207578
-0.193415
0.069689
-0.073605
0.140298
-0.227233
-0.111009
-0.106740
-0.270787
0.041143
0.020331
-0.008384
-0.120306
-0.233426
0.026483
-0.199071
0.051534
0.167062
-0.015269
-0.062039
0.267362
-0.056081
0.144969
0.284604
0.072595
0.070025
0.056370
0.402965
-0.088467
0.028062
-0.013908
-0.147997
0.224221
-0.379531
-0.004549
0.306637
0.032157
-0.012459
0.531403
-0.064766
-0.084276
0.021837
0.037086
0.144837
0.036453
-0.004784
0.018476
-0.074030
0.024446
0.062500
-0.129268
0.319901
-0.255227
0.278330
0.246788
0.115806
-0.423768
0.095397
-0.127038
0.067236
-0.136985
-0.163783
0.031107
0.228593
-0.029803
0.071724
0.047616
0.005612
-0.283349
-0.076994
-0.146002
0.086856
0.138677
0.179079
-0.370108
-0.214064
0.302133
-0.160529
-0.127936
0.128133
-0.117971
0.130669
-0.046821
-0.187833
-0.181496
0.208478
0.184439
-0.125875
-0.229814
0.081600
-0.268330
-0.216192
0.374140
0.012620
0.309590
-0.087041
-0.006495
-0.085092
-0.194674
-0.119217
-0.003953
0.163789
-0.052925
-0.036424
0.013302
-0.117863
-0.259617
-0.032907
-0.202311
-0.058890
0.022233
-0.124329
-0.322245
-0.129189
-0.246924
-0.128921
0.225428
0.214314
0.008057
0.042129
0.465049
0.153099
-0.022388
0.276818
-0.013911
0.273772
-0.228195
-0.025516
0.052708
0.154016
-0.081319
0.050696
0.062804
0.138463
0.077761
-0.055446
0.132214
0.012013
0.089027
0.050716
0.030685
-0.223600
-0.117782
-0.225388
0.369655
0.084152
-0.025714
-0.250483
-0.265074
0.168985
-0.148986
0.043410
0.087851
-0.213014
-0.097259
-0.185363
-0.096236
0.012447
-0.003269
-0.075276
0.095191
-0.109340
0.251458
-0.073435
-0.088656
-0.186435
-0.082183
0.140380
-0.014925
0.015772
-0.205615
-0.050262
0.099854
-0.299413
-0.260623
0.084467
0.079319
0.098805
-0.174136
-0.045851
0.265379
-0.446124
-0.306625
-0.046447
-0.186054
0.131037
-0.099699
0.110707
-0.035532
-0.135760
0.218884
0.129498
-0.393845
-0.197733
0.061526
-0.091361
0.142626
-0.035176
-0.087891
0.068774
0.014321
0.266927
0.266362
0.252442
0.030725
0.074314
0.251150
-0.094718
0.165498
0.115728
0.097911
0.039911
-0.068410
0.142331
0.220148
0.012561
-0.016752
-0.200348
0.364902
0.068408
0.185810
-0.128508
0.018198
0.362416
0.158886
0.187459
0.140314
-0.064822
-0.274348
0.059040
-0.224410
-0.197069
-0.285977
0.062417
-0.207090
-0.027645
-0.344060
-0.169198
-0.138536
-0.132829
-0.000677
-0.323485
-0.281164
-0.132542
-0.284748
0.197908
0.026378
0.020512
-0.089703
0.038516
-0.043367
-0.132649
0.265458
-0.057694
-0.006277
0.057964
0.479282
0.058304
0.091125
0.179972
0.015267
0.041671
0.241054
-0.137353
-0.014593
-0.260601
-0.083216
-0.020967
-0.121675
0.250572
-0.049476
0.161044
-0.030330
-0.203174
0.093147
-0.010827
-0.149470
-0.042301
0.125504
0.341405
-0.031561
-0.165428
-0.106085
-0.060406
0.143699
-0.319482
-0.016509
0.033465
0.145171
-0.031867
0.128164
0.192479
0.241251
-0.040283
0.040747
0.002589
-0.066620
-0.169961
0.266801
-0.196559
-0.069779
-0.217539
0.046663
-0.139164
-0.034943
-0.225038
0.104454
0.090967
0.159773
-0.260602
0.066670
0.051302
0.013841
0.042368
0.081128
0.037640
-0.183612
0.058194
0.019334
-0.368182
-0.146324
-0.044491
-0.297129
0.324813
0.191903
0.109693
-0.042517
-0.121613
-0.009315
0.050681
-0.106705
0.036455
0.041718
0.038194
0.134265
-0.163948
0.019207
0.001402
-0.043750
-0.459113
-0.222130
-0.023296
0.218672
0.315916
0.273757
-0.215763
0.121848
-0.004230
0.053609
0.000620
-0.115924
0.188015
-0.127512
-0.088321
-0.165113
0.115101
0.207058
0.304553
0.044870
0.026049
-0.389194
0.097666
-0.325783
-0.051686
-0.014396
0.269050
-0.196869
0.079517
-0.102519
-0.374288
-0.142370
-0.125109
-0.060257
0.042274
-0.099961
-0.254017
0.082660
0.119467
-0.377329
0.232513
0.220010
-0.195964
-0.079145
-0.086724
0.086049
-0.027767
-0.257066
0.011037
0.065860
0.386763
-0.000412
0.034544
0.164856
-0.142476
-0.126696
-0.141637
0.229130
0.369730
-0.143222
-0.100631
0.087212
0.026375
0.011406
0.065604
-0.257567
0.076385
-0.281635
0.110398
0.089510
0.311344
0.214819
-0.017484
-0.226446
-0.404998
-0.163378
0.020989
-0.225868
-0.151568
0.175446
0.000196
0.170909
-0.129252
-0.046883
0.013539
0.273986
0.081851
-0.115977
0.124205
-0.364102
0.165124
-0.104084
0.012264
-0.283601
0.233456
0.363852
0.124710
-0.084224
0.063850
0.180127
-0.003787
-0.192858
-0.066634
0.011747
-0.007804
-0.084282
0.169914
-0.439437
0.136331
0.074471
-0.129855
0.060923
0.345790
-0.271142
0.233154
-0.092090
-0.163906
-0.040992
0.076589
-0.097905
-0.113973
-0.060284
0.212663
0.349718
0.174662
0.133239
-0.134721
0.191872
-0.127921
-0.101028
-0.387165
-0.184452
0.047163
-0.158436
-0.232693
-0.057151
0.104346
0.410598
0.157726
-0.020657
-0.133650
-0.090353
-0.249991
0.201228
-0.036042
0.069512
-0.115184
0.083041
-0.080381
-0.002530
-0.143281
0.036609
0.147870
0.127279
0.038184
0.155805
-0.003443
0.010310
0.070088
0.072506
-0.249083
0.452124
-0.043636
-0.208037
0.412584
-0.064344
-0.208982
0.170422
0.113027
0.112101
-0.020595
0.007742
-0.232204
-0.071338
0.055699
-0.080989
-0.180355
-0.148353
-0.169397
-0.297659
0.212995
0.361281
-0.003668
0.104045
0.016258
0.293916
0.243406
0.087549
0.088480
-0.147894
-0.018363
0.190042
-0.177902
-0.287957
-0.104148
0.222414
-0.101559
-0.224919
0.366293
0.106745
-0.248473
0.345952
0.161976
-0.223490
-0.307039
-0.386396
0.069305
0.016861
0.005096
0.061022
-0.013149
0.097026
-0.019852
-0.065627
0.186448
-0.144021
0.325406
-0.031785
-0.135650
0.298301
0.081126
0.007691
-0.018762
0.153386
0.325420
-0.004063
-0.319340
0.030042
0.276961
0.082278
0.177679
-0.193852
0.159349
0.203858
0.015368
0.016593
0.003500
0.163309
-0.192358
0.302380
-0.249036
-0.079278
0.148896
-0.115717
0.047117
-0.066562
-0.077605
-0.201682
-0.281757
-0.068949
-0.092869
-0.176359
-0.102939
0.124260
-0.186043
0.134830
0.019372
0.243301
0.005175
0.086096
-0.041863
0.060952
-0.022441
-0.065950
-0.266319
0.299725
-0.203695
0.122692
0.026742
-0.231439
0.081740
-0.046209
0.011564
-0.280386
0.178606
-0.079364
-0.179366
0.343545
0.193905
0.033581
0.078641
-0.126360
0.078206
-0.246356
-0.067772
0.077659
0.218490
0.464352
0.190702
0.376223
-0.349052
-0.328284
0.067352
-0.161554
0.443629
0.060027
0.227907
-0.083290
0.026649
0.009921
-0.111784
-0.248938
-0.237265
-0.148293
0.365774
-0.060649
0.076252
-0.122789
0.083088
-0.132676
0.007682
0.043886
-0.103568
0.101803
0.070246
0.088567
-0.461468
-0.186737
-0.005518
-0.260770
-0.439188
0.292145
0.036797
-0.055241
-0.023157
-0.105056
-0.266180
0.316729
0.065761
-0.081411
-0.124647
-0.075035
0.152881
-0.155310
0.219959
0.090841
-0.064222
-0.106334
0.249243
-0.068668
-0.008822
-0.105365
-0.110362
-0.059168
0.070894
0.075869
0.010541
0.039963
-0.069511
0.176158
-0.011640
-0.109370
-0.055079
-0.145946
-0.140328
0.125738
-0.125188
-0.023028
0.044850
0.031230
0.111954
0.211205
0.025166
-0.055100
-0.188144
0.370559
-0.087853
0.326080
0.034989
0.028825
-0.099407
0.063909
-0.152899
-0.454205
-0.052228
-0.086292
0.362350
0.073724
-0.400330
0.032757
-0.150114
-0.304945
0.040475
-0.140671
-0.152022
-0.139292
-0.238423
-0.187885
0.207867
0.418326
-0.036362
0.051584
0.313941
0.137317
-0.003284
-0.038740
-0.291390
-0.250517
-0.293935
0.143742
0.040486
0.193371
-0.073023
-0.273188
0.034826
-0.080091
0.075402
0.153534
0.174533
0.092312
0.014488
0.192649
0.145931
-0.097503
-0.023742
-0.487609
-0.029922
0.103163
-0.186744
-0.000030
0.244228
0.180862
-0.257372
-0.196901
0.026126
0.051780
-0.077402
-0.258158
-0.224833
-0.471961
-0.131339
-0.061937
-0.119166
0.015036
-0.273902
-0.340698
-0.221763
-0.202108
-0.059309
0.022813
0.015131
0.130789
0.298514
0.235240
0.203199
0.058384
-0.084127
-0.387866
0.243267
-0.038410
-0.134304
-0.126567
-0.108511
0.212847
0.096467
-0.165245
-0.039672
-0.231514
0.068006
0.004056
-0.099400
-0.099669
-0.226799
0.002189
-0.064500
-0.118346
0.350209
0.340536
-0.115694
0.060999
-0.127408
-0.057340
-0.048451
0.098183
-0.068146
-0.062520
0.204427
0.029390
-0.093739
-0.071253
-0.047015
0.010082
-0.006130
0.458544
-0.021915
-0.139284
-0.100420
0.189431
0.091324
0.021211
0.177135
0.021385
-0.022974
0.160830
-0.091192
0.247331
0.000896
-0.139153
0.156334
0.140330
-0.081468
0.410161
0.062434
-0.008912
-0.048478
-0.049611
0.243391
-0.214868
0.011062
-0.027130
0.189698
0.114591
0.177567
0.233428
0.006676
0.239013
0.157875
0.068261
-0.021793
-0.054895
-0.002783
-0.094958
-0.090135
0.159180
0.229727
-0.237427
-0.086729
0.270395
-0.159059
0.031561
0.148122
0.059543
-0.307790
0.061537
-0.065321
0.245051
0.170640
-0.068197
0.019570
0.290609
-0.224240
-0.226098
-0.167165
-0.336428
-0.015456
-0.111047
-0.110272
0.088761
0.238385
0.024208
-0.130478
-0.068978
-0.364066
-0.102878
0.209243
0.169697
0.057889
0.160456
0.006728
0.325797
-0.295610
0.151530
-0.126733
-0.119785
-0.345163
-0.282876
0.325565
-0.105992
0.244784
-0.103869
-0.139966
-0.328297
0.187034
0.026745
0.146240
0.102736
0.016866
-0.056275
0.065408
0.116922
-0.400652
0.125738
0.203982
0.251577
0.401747
-0.335214
-0.183785
-0.021557
-0.041878
-0.047509
-0.257399
-0.028041
-0.141436
-0.062185
0.441274
-0.129611
0.138279
-0.199763
0.028518
-0.010079
0.165650
0.080770
0.199175
0.288576
-0.359807
-0.150301
0.317102
0.154196
0.130290
-0.125704
0.113844
0.213789
0.088441
0.123442
-0.228891
0.051391
0.221964
0.073321
0.033843
0.050914
0.036936
0.235252
-0.012822
0.043626
-0.198088
0.160434
-0.090048
0.081574
-0.123473
-0.034532
-0.014687
0.009528
-0.068527
-0.100370
-0.075453
-0.205706
0.014149
0.148802
0.002192
0.113179
0.144763
0.001274
-0.205092
0.101433
-0.395288
0.075365
-0.011422
-0.063957
-0.216753
0.148585
0.302528
-0.330573
-0.088166
0.209636
0.036949
-0.026818
-0.262707
0.015338
-0.195211
-0.266003
-0.023308
0.096996
-0.095464
0.282834
-0.000681
-0.416615
0.128719
0.008751
-0.241174
-0.104722
0.061838
0.312968
-0.030870
-0.040456
0.247980
-0.051882
0.249056
0.147912
0.114184
-0.133133
-0.256670
-0.325020
-0.028356
-0.041954
0.044600
-0.085431
0.192078
0.250443
0.183387
-0.018810
-0.178091
0.034315
0.012364
0.094405
-0.192100
-0.060989
0.232931
-0.054737
-0.100517
0.102020
0.200083
-0.150796
-0.016695
0.020851
-0.136551
0.052224
-0.346141
0.440055
0.004379
-0.102314
-0.235027
0.286179
-0.044151
0.027481
0.222603
0.212788
-0.079561
-0.083434
0.196024
-0.086638
0.268036
-0.051283
0.116819
-0.084304
-0.108301
-0.172420
0.109839
0.093101
-0.012156
-0.011701
-0.157283
-0.017032
-0.280708
0.650244
-0.276338
-0.012045
-0.119492
0.026926
0.176459
0.108385
0.271711
0.023682
-0.396973
-0.338371
-0.298656
-0.054728
-0.235100
-0.271372
0.026787
-0.134927
-0.005328
-0.076119
-0.180225
0.279808
0.026329
0.098815
-0.048798
0.060126
0.138946
0.090909
-0.076852
-0.029699
-0.229576
0.142273
-0.043916
-0.178063
0.224523
0.060986
-0.144369
0.138965
-0.299349
0.047713
-0.387264
-0.394612
0.206675
0.145885
-0.021681
-0.050497
-0.167163
-0.000861
-0.140337
0.017807
0.072767
0.100491
0.058036
-0.113833
0.191383
-0.111877
-0.127568
0.334951
-0.348133
0.452491
0.041435
-0.024108
0.359676
0.172253
0.004344
-0.026134
-0.271348
-0.460409
0.039961
-0.267681
0.039232
0.253703
-0.277735
-0.152090
0.018108
0.167360
0.228831
-0.239810
-0.185286
-0.302014
0.000523
0.147807
-0.082034
0.245149
-0.036005
0.128474
0.115518
-0.382311
0.141177
-0.113247
-0.012218
0.234366
0.253349
-0.103406
0.121127
-0.055980
0.096691
-0.270946
0.165538
0.247503
-0.102048
-0.357735
-0.160111
0.079535
0.272886
-0.190266
0.273143
0.042301
0.030954
0.068642
0.007604
0.195438
0.111998
0.049578
-0.138442
-0.129017
0.141655
-0.149286
-0.130565
-0.010710
0.080514
0.226930
-0.044532
-0.199709
-0.028388
0.065678
-0.148397
-0.021816
-0.231331
-0.138218
0.211433
-0.034281
0.236914
-0.033107
0.034528
-0.186043
0.011229
-0.322903
-0.010000
-0.055878
0.143397
0.077875
0.007770
-0.131412
0.163131
-0.016756
0.056760
0.047917
0.046329
-0.234726
-0.150857
0.066769
0.132844
-0.146744
-0.047950
-0.030645
0.004885
-0.298784
-0.481107
-0.385885
-0.077000
0.253543
-0.024071
0.080739
-0.053738
0.152309
-0.307683
-0.110993
-0.115058
0.176812
0.098715
0.094614
0.121906
0.062643
-0.054199
-0.087640
-0.491037
-0.161290
-0.170703
-0.441870
-0.037748
0.170888
0.395768
0.160330
-0.107134
-0.266005
0.287251
-0.094673
-0.118351
-0.132663
0.233974
0.174009
-0.049552
0.154559
0.013477
-0.412553
-0.110758
-0.158877
-0.093173
-0.248103
0.043741
0.140723
0.263863
0.128617
-0.040062
0.225942
-0.073725
0.198298
0.063053
0.063024
-0.204234
-0.157279
-0.089013
-0.002853
-0.057197
-0.086198
-0.472062
-0.027154
0.193297
0.075019
0.018091
-0.080731
-0.163288
0.259036
-0.095168
-0.095263
-0.017335
0.295981
0.137104
0.442653
0.036559
-0.366102
-0.013064
0.140638
-0.135831
0.002368
-0.133730
-0.128670
0.330001
0.303337
0.179087
-0.038025
-0.001494
0.132841
0.014603
0.259653
-0.103969
-0.069666
-0.355352
-0.315704
-0.138204
0.015805
-0.022051
-0.082397
0.484786
0.237853
-0.071560
-0.105593
-0.011286
0.000700
-0.015053
-0.158864
-0.438263
-0.195851
-0.022250
0.055346
-0.131139
0.016875
-0.076561
-0.072509
-0.028997
0.018377
0.159000
0.015160
-0.122344
-0.170149
-0.157703
0.152974
-0.045579
-0.036132
-0.164195
0.230813
0.134406
0.008312
-0.010958
-0.081418
0.069304
-0.053694
-0.009870
-0.060599
-0.179829
-0.073631
-0.078527
0.286240
-0.176248
-0.055250
0.048471
0.247777
-0.011810
0.093650
-0.109231
0.268145
-0.218519
-0.311019
0.029573
0.192513
0.226872
-0.074936
-0.274004
0.026793
-0.071442
0.048144
-0.271584
0.115287
0.060280
-0.191798
-0.234418
0.095331
0.169340
-0.174405
-0.017025
0.101689
-0.105235
0.136684
-0.128852
-0.419356
-0.059319
-0.167261
0.327880
-0.076570
-0.166269
0.374808
0.021151
0.203238
-0.061560
0.564732
-0.196292
0.311551
-0.069796
0.037305
-0.014264
-0.139182
0.113505
0.076689
0.014464
0.173248
-0.138970
-0.194910
0.006040
0.149510
-0.160738
0.187729
-0.039226
0.000526
0.168878
-0.030833
0.052817
-0.200403
0.132492
-0.006224
-0.092923
0.214006
-0.456089
-0.111569
0.168282
0.306999
0.079102
-0.109136
0.010884
0.163471
0.176000
-0.028830
-0.211005
-0.007277
0.139223
-0.119226
-0.145894
0.128774
-0.068445
-0.124455
0.355416
-0.043830
-0.197606
-0.100459
-0.083753
0.183965
-0.195126
-0.075414
-0.057528
0.070561
-0.176678
0.272788
-0.049987
-0.137321
0.229016
0.210978
-0.173274
0.004043
-0.338985
0.261239
0.122733
0.173090
-0.080213
0.102927
0.070542
-0.125924
-0.131921
-0.025401
0.092798
-0.063508
-0.122258
0.077852
0.158046
-0.092947
-0.225485
0.330527
0.047008
-0.138529
-0.078799
-0.055866
-0.012228
-0.032306
-0.080070
0.048726
-0.226881
-0.159530
0.161659
-0.175727
0.248563
-0.323882
0.150980
0.160434
-0.092882
-0.071174
0.098274
-0.176300
0.225912
0.409078
0.296898
0.123396
-0.248078
0.111198
0.355875
-0.074562
-0.179900
0.186100
0.071997
-0.157229
-0.020539
-0.234666
0.156975
-0.018246
-0.049500
0.017215
-0.041467
-0.046263
-0.070682
0.080351
0.084807
-0.012023
-0.169970
0.152626
0.013303
0.089085
-0.154019
-0.042009
-0.008878
0.241408
-0.366385
0.090623
-0.066921
0.061331
-0.113712
-0.074091
-0.161666
0.313798
0.250610
0.063210
-0.214620
0.237002
0.100975
-0.106818
-0.169023
-0.205562
0.003516
0.418848
-0.218252
-0.001070
0.020500
0.357143
-0.025255
0.318259
0.056617
0.273851
0.096151
-0.143969
-0.128843
-0.108993
-0.091974
-0.040092
0.156851
-0.300404
0.061273
-0.093477
0.149026
-0.224276
0.128862
-0.051268
0.111936
0.049821
0.160909
0.165309
0.242314
0.397829
-0.193654
-0.040797
-0.095693
0.136362
-0.141665
-0.000380
-0.207426
-0.061633
0.060981
-0.009735
0.109500
0.040350
-0.001585
0.136655
-0.113694
-0.334653
0.249295
0.118844
-0.414680
-0.064610
-0.077095
-0.185058
-0.238862
0.113587
-0.004807
-0.178301
0.118578
0.114599
-0.406878
-0.124221
0.041118
-0.164683
0.149616
-0.140316
-0.224996
0.072748
-0.020287
-0.268517
-0.064598
-0.227603
-0.221163
-0.153106
-0.033322
0.117158
-0.295335
-0.165505
0.079929
0.204271
0.172523
0.150386
-0.143017
-0.102177
0.142222
0.126736
-0.123429
-0.052993
-0.277217
-0.084797
0.314938
0.113217
0.191159
0.133802
-0.027424
0.168172
-0.132487
0.167300
-0.330894
-0.116905
0.081675
-0.028084
0.071609
0.038325
0.051315
0.192027
0.055658
0.144523
0.013612
-0.082283
0.084872
0.174292
-0.095928
-0.429527
-0.208039
0.204958
-0.036267
-0.000886
-0.011231
0.074018
0.011564
0.023351
-0.441643
0.112937
-0.288448
0.481119
-0.107462
0.047390
0.140505
0.389832
-0.431839
-0.214585
-0.078781
-0.279181
-0.228103
0.017598
-0.002764
-0.078569
0.009970
0.093835
0.113968
-0.101118
-0.054306
-0.146714
-0.044373
0.217381
-0.057808
0.152956
0.177611
-0.128826
-0.268226
-0.057496
-0.056184
-0.326342
0.024892
0.358147
0.038860
0.027746
-0.251974
-0.023378
-0.352025
0.016512
-0.085633
0.024401
-0.017007
-0.167828
0.031341
-0.335040
0.003215
-0.203634
0.021019
-0.037741
0.490506
0.199106
-0.089013
-0.020209
-0.090322
0.119151
-0.222342
0.209422
0.064876
0.284434
0.068140
0.014260
0.097871
-0.179273
-0.071705
0.180159
0.049954
-0.030517
-0.038388
0.027207
0.098931
-0.146856
0.326658
-0.184920
0.270742
-0.017641
-0.047823
0.060644
0.032098
-0.078781
-0.413594
0.230424
0.056999
-0.164697
0.244642
0.308396
0.190955
0.227649
-0.044727
0.082179
0.537370
-0.100045
-0.122936
-0.145533
0.128991
-0.266574
-0.160305
-0.149989
-0.015388
-0.190670
-0.285060
-0.093955
-0.154062
0.023858
-0.020682
0.064080
0.049800
-0.023752
-0.107379
0.075375
0.039198
-0.112380
-0.103907
0.111756
0.042126
0.059605
-0.154885
-0.047837
-0.129105
-0.000253
-0.326194
-0.245308
0.202362
0.000603
-0.130304
-0.216968
-0.212327
0.203282
-0.131263
0.344675
0.229820
0.054521
-0.214572
0.067903
0.230537
-0.037398
-0.087792
0.227442
0.195921
0.198811
0.148427
-0.091010
-0.340182
0.121376
0.194691
0.086369
-0.053129
-0.174782
0.017037
-0.314800
0.207323
0.143269
-0.203382
0.056041
-0.074010
0.052824
0.062405
-0.069801
-0.062747
-0.174575
0.012431
0.063616
0.034404
0.222419
-0.227842
0.018815
0.106010
0.070374
0.027286
-0.215299
0.374841
-0.160597
0.144062
-0.100553
0.024800
-0.169692
-0.000148
-0.376577
-0.174362
-0.091519
-0.053319
-0.116794
-0.115808
0.189431
0.121949
0.112126
-0.057000
0.092462
-0.205046
0.196014
0.155068
-0.436767
-0.112513
0.222007
-0.063200
-0.142485
0.053711
-0.256964
-0.178274
-0.144964
-0.007928
0.032457
0.102072
0.060030
0.150081
-0.174531
0.130162
0.061161
0.327557
-0.233853
-0.141765
0.199491
0.385458
-0.067897
0.106988
0.021057
-0.159968
0.375924
-0.192652
0.125876
0.124496
0.050601
0.130950
0.193433
-0.050266
0.114901
0.066420
-0.002480
-0.007463
0.172859
-0.008928
-0.101709
-0.366985
-0.056599
-0.053249
0.087858
-0.243810
0.053571
0.272107
0.043857
0.068676
-0.050040
-0.234515
0.070750
-0.052023
0.130396
-0.136859
0.475562
0.425402
-0.069221
0.075659
-0.355685
0.088759
0.002342
0.002824
0.067415
0.076202
0.263640
-0.348753
-0.008661
-0.223238
0.013662
0.048569
-0.008981
-0.100759
-0.086897
-0.268144
-0.164501
-0.023676
0.014709
0.002548
-0.088438
0.104551
0.008174
-0.042032
-0.215110
-0.000981
-0.133478
0.007957
-0.003873
-0.082043
-0.086909
0.044716
0.110993
0.118144
-0.080590
0.151761
0.035793
0.087265
0.149604
0.082527
-0.097433
-0.052499
-0.030579
0.104544
-0.081797
0.217611
0.052372
-0.260358
0.026995
-0.025084
-0.063241
0.009663
-0.142521
0.098437
-0.210273
-0.371097
0.013301
-0.195591
-0.146140
0.171558
-0.128882
-0.347639
-0.070347
-0.135699
0.316133
0.179691
-0.048514
0.120648
-0.162956
0.115821
0.061893
0.073469
-0.009069
0.430571
0.017824
0.273655
0.123837
0.276611
-0.170479
0.156569
0.334660
-0.230229
0.416243
0.064412
0.024268
-0.247050
0.049893
-0.160848
0.161912
0.052097
0.089558
-0.260715
0.198840
0.043577
0.057592
0.208053
0.119980
0.007469
0.274824
0.181920
0.055454
0.144088
-0.148445
-0.103331
-0.122901
-0.088629
0.277988
-0.008222
0.129892
0.190513
-0.103285
0.206745
-0.071159
0.056270
0.135342
0.092381
-0.462576
0.218067
0.031998
0.129844
0.138895
-0.356848
-0.005262
-0.077263
-0.217076
-0.182612
0.026470
-0.105474
-0.059605
0.069257
0.163185
-0.003835
0.136688
0.216020
0.288899
0.059426
-0.159695
0.274413
-0.268612
-0.148697
-0.172439
0.116300
0.194352
-0.064225
0.049145
0.020796
0.219703
0.166602
-0.137887
0.215497
0.092483
-0.178097
0.236067
0.100780
-0.395861
0.050782
0.074738
0.023761
-0.407515
-0.023507
-0.220065
0.209654
-0.047441
0.112741
-0.075962
0.239221
0.009478
-0.039358
-0.232927
0.193365
0.178566
-0.135919
-0.264395
0.082387
-0.129888
0.272093
-0.140123
-0.485014
0.111963
-0.271659
-0.081267
0.006405
-0.176682
0.207850
-0.114489
-0.080849
0.101510
0.095172
0.190399
-0.265874
-0.139392
0.106320
-0.255194
-0.231610
-0.016947
-0.144370
-0.031514
0.170840
-0.164253
-0.015142
-0.319006
0.096936
-0.000060
0.308044
-0.112518
-0.139195
0.209936
0.318297
0.094912
-0.106529
0.278635
-0.125134
0.112717
0.069674
0.186708
0.038535
0.023436
-0.101092
-0.000693
-0.187727
0.213820
0.166360
-0.168288
-0.245202
-0.244861
-0.068131
0.041953
0.037215
0.020953
0.062927
-0.061021
-0.199717
-0.083145
0.152184
0.288864
0.030012
0.341530
-0.107015
-0.051445
0.012268
-0.013170
-0.333810
0.195316
0.047022
0.182547
0.040915
0.089661
-0.026775
-0.065293
0.271050
0.212947
0.046935
-0.027607
0.032108
-0.186175
0.217404
0.211354
0.280500
0.062413
0.261079
-0.128293
-0.150587
-0.066847
0.008976
0.132660
0.041018
0.364484
-0.032215
-0.147566
0.387780
0.197019
0.180683
0.034858
0.100864
0.172255
-0.132751
-0.107934
-0.202899
0.235706
0.167630
-0.066435
0.030213
-0.283194
0.228506
0.138498
-0.045045
-0.063187
0.192360
-0.050285
0.052263
-0.183592
0.090760
0.051963
-0.056388
0.055968
0.044988
-0.216652
-0.085949
0.029977
-0.287157
0.120782
-0.169381
0.006538
0.051129
-0.144616
0.308811
0.046530
-0.121326
0.133652
0.090379
0.311730
0.163958
0.102645
0.105130
-0.484746
0.210551
0.057098
-0.054888
-0.068342
-0.039073
-0.236412
-0.079017
-0.290844
-0.103400
0.254113
-0.221686
-0.128528
-0.152191
0.152968
0.100091
0.015335
-0.010161
0.004433
0.067542
0.122269
-0.202426
0.061314
0.123776
0.031858
0.043665
0.111965
-0.011087
-0.155201
0.077077
-0.011691
0.061659
0.093710
0.090877
-0.156679
0.024298
0.165783
0.018137
-0.024073
0.116028
-0.147002
-0.038230
-0.063203
-0.230674
0.084630
-0.034666
-0.306055
0.239208
0.003903
0.154520
-0.144357
0.065483
-0.124323
-0.109249
0.070844
-0.069254
-0.074621
-0.017152
-0.020626
0.189191
0.223251
0.032946
0.018108
0.078019
-0.021223
-0.057828
-0.200905
-0.224785
0.126660
0.255162
-0.119122
0.181450
-0.119037
0.163236
0.542667
-0.120657
0.336415
-0.094634
0.127795
-0.059385
0.115399
0.096532
0.306146
-0.154510
-0.051625
0.177435
-0.048057
-0.205796
-0.102528
0.425632
-0.169701
-0.208656
-0.382277
0.047014
0.294432
-0.258853
0.211693
0.167663
0.030146
0.191338
0.106734
-0.263176
0.096629
-0.342837
0.246100
0.051107
-0.055488
0.022836
-0.044926
0.239259
0.187953
-0.041716
0.131584
-0.153509
0.101628
-0.146250
-0.148365
-0.087161
0.486920
-0.011051
0.194906
0.127617
-0.006908
-0.247288
0.119443
-0.318625
0.044066
-0.143503
0.237820
-0.056955
-0.020757
-0.037540
-0.212623
0.150228
0.056347
0.096532
0.117533
0.085175
-0.324168
0.022235
-0.160495
-0.241638
0.154525
0.098310
0.337564
-0.091264
-0.094066
-0.088934
0.062351
0.068696
-0.284717
-0.112559
-0.017596
-0.397336
0.347515
-0.274891
0.117342
-0.399877
-0.007409
-0.211010
-0.166322
-0.216993
0.094783
0.093278
-0.157435
0.110553
0.236972
0.139861
-0.050214
-0.058987
0.113704
0.157206
0.211573
0.096919
0.126567
-0.250732
0.053054
0.163681
0.071196
-0.275689
-0.395748
-0.189088
0.235946
0.018398
0.117401
0.209033
0.187619
0.113286
-0.008905
-0.007165
-0.173283
0.178355
0.201566
-0.055476
0.569344
-0.356695
-0.014587
0.149410
-0.322015
0.135117
-0.042326
0.098729
0.028055
0.151351
-0.128659
-0.258205
0.120038
-0.134035
-0.182657
0.413028
0.066039
0.034463
0.104818
0.350177
-0.116115
0.405119
0.038838
0.337667
-0.134074
0.067435
0.066707
-0.220913
-0.356736
0.122236
-0.017869
-0.062166
-0.060195
0.013588
0.015823
0.040236
0.208864
-0.121576
-0.443456
-0.120657
-0.301608
-0.065176
0.017011
0.020978
0.090254
-0.200476
0.224302
0.246246
-0.231534
-0.127215
0.117757
0.086573
0.151669
0.241488
-0.265038
0.011065
-0.010424
0.186686
0.025381
-0.104924
0.118114
0.067601
0.078333
0.253737
-0.052260
0.331098
0.255463
0.187258
-0.105190
0.050152
-0.086018
-0.006202
0.043983
-0.029276
0.221339
0.114374
-0.005217
0.034424
-0.092845
0.003664
-0.068557
0.236810
0.021365
0.223141
0.107254
0.139057
-0.284828
0.321292
-0.074603
0.090357
-0.193975
-0.019247
-0.200771
0.016395
0.331486
0.066554
0.206721
-0.015641
-0.243676
-0.519545
0.362514
-0.078132
-0.047535
0.166641
-0.264603
0.180245
-0.062290
0.229907
-0.385112
0.331964
-0.220851
0.222279
0.005593
0.131991
0.134543
-0.136963
-0.027353
0.362617
-0.273237
0.285465
0.373327
0.151516
-0.060249
0.128784
0.218467
-0.134356
-0.021378
-0.203835
0.150057
0.131200
-0.310999
0.535678
-0.005284
-0.094104
-0.175435
-0.247268
0.242679
-0.091368
0.046736
0.017610
-0.061147
0.259433
0.277554
0.026586
0.068152
0.093800
0.070082
0.264201
-0.013667
-0.104754
-0.180141
0.200244
0.006701
-0.133686
-0.074872
0.079053
-0.270160
0.072076
0.002657
-0.204558
-0.158554
-0.428492
-0.156147
0.081992
-0.058340
-0.164784
0.213796
-0.246896
-0.038261
0.169135
0.423555
-0.044645
-0.053644
0.332971
-0.096765
-0.118058
-0.053701
-0.244135
-0.173940
-0.095007
0.058823
-0.211784
0.225868
-0.177401
0.064729
-0.099316
0.106446
0.224807
0.129083
-0.071492
-0.010623
-0.145524
0.054604
0.149832
0.234743
-0.013192
0.139466
0.000165
-0.109669
0.146994
0.059746
-0.143248
-0.027482
0.172932
0.275610
0.353795
0.009886
-0.015264
0.144586
0.244396
-0.061161
-0.128033
-0.233468
0.174516
0.167623
0.218312
0.038975
-0.124964
0.137463
0.210814
-0.465009
0.190489
-0.099260
0.205798
-0.077832
-0.102731
0.111654
-0.021034
-0.016393
-0.071715
0.168842
-0.215202
-0.174167
0.183553
-0.448418
0.005449
-0.100616
0.004601
-0.241799
-0.338939
0.121183
-0.071175
0.099327
-0.026380
0.201308
0.108094
0.317933
-0.099438
-0.098686
-0.011178
0.163662
0.046230
-0.313911
0.095154
-0.031908
-0.046500
0.249182
0.238749
0.325255
-0.055141
-0.366495
-0.286963
0.049804
0.195112
-0.055519
-0.084630
-0.000900
0.078328
-0.310098
-0.259203
0.283416
-0.056404
0.106774
0.195310
-0.013653
0.188532
-0.198594
-0.041842
0.262844
-0.025198
-0.158486
0.031590
0.063989
-0.109967
0.195042
0.062803
0.116466
-0.046342
-0.032424
0.097444
-0.009823
-0.047005
0.018966
0.051613
0.163517
0.191776
0.033904
0.080694
-0.189503
-0.302574
-0.008503
0.128991
-0.031937
-0.416042
-0.188358
-0.170313
0.196913
-0.169059
0.171118
-0.035362
-0.029248
-0.406813
-0.117691
-0.163564
0.027286
0.120292
-0.140973
0.005505
-0.139563
-0.142178
0.412138
0.241489
-0.146453
-0.221234
-0.313841
-0.147548
0.027344
0.079716
-0.078159
0.063887
-0.002070
0.015679
0.142066
0.071574
-0.240574
0.062439
0.132675
-0.024888
-0.075150
-0.023729
-0.063323
-0.026474
0.059297
-0.220988
-0.141626
-0.297300
0.022165
0.269088
0.285293
-0.287561
-0.184173
0.136451
-0.189022
0.011627
0.398955
0.048479
-0.135615
-0.177427
-0.308522
-0.291699
0.352254
0.155468
0.159232
-0.024346
0.106853
0.001497
0.065155
-0.172829
-0.005578
-0.094185
0.270170
0.136533
0.102544
-0.199940
-0.149730
0.005267
-0.042223
-0.003900
0.093915
-0.147013
-0.010998
-0.388136
0.154185
-0.029812
-0.052961
-0.127439
0.131834
-0.332132
0.071301
-0.257474
0.150073
-0.232774
0.017223
-0.103640
-0.006211
-0.255796
-0.005494
-0.069536
0.297614
-0.136419
0.200275
-0.047208
0.368721
0.018218
0.140631
0.086588
0.143977
0.116156
-0.160853
-0.215216
-0.148040
0.069445
0.006651
0.103208
0.053435
0.216705
-0.237625
0.175594
-0.006874
-0.027053
0.019987
0.091006
-0.019991
-0.307387
0.004239
0.120512
-0.122046
-0.158830
0.002965
-0.018766
-0.160561
0.038137
-0.058266
-0.311672
0.129828
0.072947
0.099408
-0.293555
-0.025858
0.012044
-0.130897
-0.107200
0.249586
-0.238564
-0.137521
0.073429
-0.099283
0.029212
0.142761
0.148317
0.256536
-0.021828
0.039091
0.168050
0.107127
-0.000615
-0.265639
0.225218
0.214704
-0.106935
-0.190454
0.012145
0.122756
-0.337005
0.306735
-0.268468
0.085290
-0.185005
0.284416
-0.228709
-0.141390
-0.017716
-0.209765
0.057741
0.195617
0.030804
0.074858
0.117754
0.000643
-0.347263
-0.166109
-0.317181
0.129835
0.253613
0.011908
-0.080956
0.214521
-0.104900
0.127331
-0.093291
-0.120977
-0.010858
0.122623
-0.043397
0.095426
0.207088
-0.278978
0.056530
0.220231
0.061489
-0.028100
0.123042
-0.215835
0.052885
0.054787
-0.155489
-0.288764
0.453964
-0.052590
0.043363
0.026251
0.128747
-0.184236
-0.148735
-0.143766
0.254811
0.102538
0.342570
-0.116470
-0.118847
0.145504
-0.019200
0.254784
0.117096
0.335607
0.146748
-0.032208
0.231494
0.076830
-0.136678
-0.010748
0.018718
0.001368
0.054577
0.314753
0.051594
0.328769
-0.104791
-0.044344
0.702673
-0.331650
-0.083622
0.063318
0.013654
0.162158
0.087869
0.020479
0.250385
0.083732
-0.172564
0.191077
0.140380
-0.219615
0.180323
-0.026408
0.031943
0.134154
-0.258589
0.227584
-0.030766
0.202790
0.416983
-0.034518
0.228938
0.121596
-0.045096
0.047119
0.013223
0.048511
-0.117840
-0.346036
-0.102753
0.213273
0.111291
-0.190552
0.310413
-0.018307
-0.043613
-0.029118
0.184127
-0.117614
-0.222740
0.045078
-0.149411
-0.108409
-0.037588
0.170271
0.174472
-0.060166
0.046711
-0.214784
0.190815
-0.111727
0.030726
-0.123052
0.015454
-0.210274
-0.037011
0.089313
-0.334886
-0.028331
0.259313
0.220054
-0.154606
-0.203921
-0.139054
-0.009201
-0.038348
-0.412250
-0.134926
0.190835
0.007796
-0.107420
-0.205460
-0.375487
-0.121838
0.161923
-0.366809
-0.348755
0.044636
0.005433
0.029574
-0.190632
-0.058503
-0.072771
0.187844
-0.223991
0.054972
0.147469
-0.035763
0.148843
0.058621
-0.110361
0.151793
-0.085936
-0.161489
-0.177606
0.052582
0.033482
0.258047
-0.071891
-0.210434
-0.214373
-0.156220
-0.500164
-0.214070
-0.023428
0.020208
0.243419
-0.042091
-0.137540
-0.076217
0.192785
-0.297789
-0.082309
-0.129840
0.040616
0.051478
-0.126371
-0.147885
0.022525
0.311968
-0.019763
0.017741
-0.174296
0.363119
-0.299055
0.053788
-0.146138
0.102008
0.030049
-0.180372
0.117528
-0.307278
-0.095352
0.106571
-0.056441
-0.055222
0.060249
-0.102348
-0.002389
0.059904
-0.214696
-0.258398
0.133354
0.018588
-0.233389
-0.330106
0.052513
0.019626
-0.063361
-0.333065
-0.063030
-0.167000
-0.329292
0.096412
0.042425
0.169495
-0.075125
-0.227327
0.018362
0.120993
0.295667
-0.379691
0.043748
0.079804
-0.073497
0.188687
0.161809
-0.178883
0.257120
-0.067818
0.318467
-0.046684
-0.091171
0.052835
-0.093847
0.224501
0.050841
0.017283
0.004995
-0.000556
0.041014
-0.086735
-0.149122
0.058160
0.191776
-0.100030
-0.109234
0.193125
-0.187200
-0.146396
0.067133
-0.068718
0.020748
-0.134699
-0.089957
0.180292
-0.093542
-0.254645
0.068557
-0.083638
0.219793
0.032639
0.203648
-0.070798
0.017711
-0.095304
0.081038
0.035309
-0.042613
-0.071877
-0.221613
-0.223373
-0.230077
0.043537
-0.089156
-0.246395
-0.052794
-0.164470
0.226679
-0.049230
0.081642
-0.147540
0.173724
0.164593
-0.102059
0.358863
0.300414
0.283629
0.074032
0.074853
-0.090500
0.148978
0.086283
0.219536
0.083719
-0.102895
0.151146
0.195385
-0.107443
0.071127
0.007319
-0.521017
0.178813
0.136322
0.242312
-0.027580
0.320560
0.031855
0.295005
-0.283680
-0.042582
0.029694
0.178682
0.122056
-0.226442
0.381761
0.124796
0.190941
-0.235639
0.111236
-0.120453
-0.113765
0.263303
0.079861
-0.226038
-0.033951
0.002602
0.164362
-0.004389
0.141611
0.173991
-0.360848
-0.159482
-0.090836
0.003929
-0.046069
0.069451
0.047763
-0.135243
-0.069378
0.322228
-0.103978
0.122629
-0.028269
-0.227186
-0.075243
-0.004465
0.087996
-0.071101
-0.213125
-0.196640
0.200983
-0.175650
0.185675
-0.071494
0.196197
0.040944
0.051427
0.121206
0.060490
-0.126599
0.023326
0.143295
-0.095267
-0.078185
0.206813
0.217014
-0.255369
0.029672
0.219227
0.051927
-0.075769
0.032677
0.140965
0.157721
-0.029513
-0.003317
0.133828
-0.030445
-0.183320
-0.400894
0.114223
0.277873
-0.172492
0.038319
-0.005975
0.097954
0.201333
-0.079051
-0.073205
-0.077373
-0.300079
-0.148963
-0.418028
0.096716
-0.174845
0.038222
0.190287
0.151272
0.290838
0.059202
0.130228
-0.117986
-0.185190
0.280706
-0.106853
0.017038
-0.489316
0.172983
0.310300
0.139195
-0.055986
-0.037649
0.214783
-0.083316
0.085577
0.061097
0.243751
-0.015328
-0.011280
0.124004
0.418285
0.275655
-0.299254
-0.168214
0.143225
-0.039297
-0.079647
-0.348189
0.265152
-0.226003
0.063760
0.004082
-0.090683
0.347276
-0.054627
0.015795
-0.489827
0.321345
0.071098
-0.131321
-0.188765
0.009055
-0.032334
-0.043266
-0.259107
0.333580
-0.338327
0.033924
0.246543
-0.013644
0.002783
0.034586
-0.279039
0.415916
-0.161596
0.054768
-0.066635
-0.043057
0.229015
0.230441
0.043915
-0.074534
0.053750
0.009398
-0.183720
0.110582
0.106613
-0.128377
0.105752
0.141494
0.020530
0.336216
-0.188620
0.000228
-0.024057
0.140365
-0.030634
-0.091672
-0.175297
-0.179650
0.116255
0.173511
0.069772
-0.013716
-0.069992
0.070811
-0.202104
-0.180977
-0.104214
-0.228010
0.112305
0.058043
0.281531
0.163638
0.173681
-0.267734
-0.338800
0.103625
-0.423996
-0.038735
-0.167359
0.309393
0.004076
0.059853
-0.028543
0.188771
-0.404060
0.176849
0.054641
0.220958
-0.097492
0.314839
-0.217134
0.001631
-0.416766
0.008222
-0.454999
0.259038
-0.055412
-0.066363
0.057840
-0.174935
-0.206672
0.211379
-0.267042
0.245641
0.163028
-0.122630
0.332658
0.211522
-0.096637
-0.383001
-0.186353
-0.341181
0.074444
0.075849
-0.163033
-0.038873
-0.031691
0.162594
-0.128529
0.233712
0.069105
-0.151493
-0.160230
-0.139239
-0.062372
-0.113302
-0.118518
0.073519
0.082255
-0.357774
0.102573
0.208904
-0.067880
0.195535
0.149019
0.302658
0.047600
0.056845
0.147712
0.066799
-0.394153
0.075894
0.055952
0.144428
-0.011369
0.277355
0.014065
-0.156309
-0.165021
0.229220
-0.143641
-0.028368
0.113545
0.004099
0.360292
-0.121274
0.051237
0.022961
0.241445
-0.103386
-0.047811
0.052699
0.079068
0.177202
-0.072936
-0.099628
-0.282835
-0.025303
0.132454
-0.088236
-0.039761
0.138993
0.066355
-0.115056
-0.281376
0.204039
-0.223888
0.176823
-0.310685
0.119993
0.298948
-0.039749
0.123750
0.291087
0.024898
0.166177
-0.033322
0.099174
-0.081866
0.029262
0.263579
0.294756
-0.071898
-0.014426
-0.037663
-0.006644
-0.040726
0.120923
0.214867
0.034060
0.105131
-0.220662
0.387240
0.155071
-0.048754
-0.001752
0.037143
0.014745
0.269836
-0.220981
0.129408
-0.278116
0.014951
-0.353656
-0.177156
0.043214
-0.125571
-0.332862
0.063815
0.396788
-0.089919
0.129247
0.318136
0.097811
-0.206016
0.106485
0.129994
-0.057263
0.186002
0.256144
-0.238615
0.126058
-0.207160
-0.115818
-0.074533
-0.051517
0.212406
0.281335
-0.112238
-0.048226
0.166901
0.124575
-0.039475
-0.252603
0.036383
-0.088543
-0.071201
0.166983
-0.151002
-0.225382
0.133466
0.239917
-0.003270
0.205837
0.197433
0.095401
0.041537
-0.103789
-0.042056
0.221396
0.055913
0.044232
0.140483
0.139331
0.009248
-0.269127
0.091461
0.086446
-0.412231
-0.113948
0.069000
0.134356
-0.260840
-0.203358
-0.108607
-0.064656
0.056365
0.062004
0.157124
-0.311796
0.074858
0.103884
0.366962
0.060148
0.069206
0.114199
-0.103654
0.069177
0.196351
0.232473
0.281689
0.085844
-0.344831
0.311155
-0.223155
0.001592
-0.243247
-0.133087
-0.357222
0.040162
-0.063135
0.185691
0.135437
0.092857
-0.033605
0.033536
-0.169815
0.206733
-0.103696
0.022278
-0.107350
-0.265619
-0.206750
-0.219162
0.128845
-0.205002
0.270781
0.087371
-0.371433
0.049566
-0.189866
-0.139712
-0.002302
0.043898
-0.269426
0.201360
0.047224
0.000588
0.253234
-0.186387
0.153283
-0.003178
0.021161
0.003795
-0.124796
-0.196484
-0.119175
0.174374
0.170131
-0.215821
0.038998
0.285833
-0.177493
0.168593
-0.119974
-0.167410
-0.105307
0.131880
-0.171159
0.097191
-0.087083
-0.191519
-0.295669
0.261556
0.078356
0.201655
0.018436
0.173604
0.093198
-0.252335
0.092984
-0.197094
0.075083
0.154117
0.170428
-0.290506
0.262970
0.054804
-0.155681
-0.234966
-0.080054
-0.352645
0.284204
0.100950
0.107164
-0.016472
0.037498
-0.053765
-0.248633
0.134931
0.000113
-0.202674
-0.294323
0.025051
0.189784
-0.016890
0.344650
0.060306
-0.037056
0.317531
0.050587
0.033927
-0.088920
0.105524
0.006735
0.184692
-0.220198
0.164161
-0.193560
-0.205106
0.202253
0.109599
-0.110061
-0.039770
0.219625
-0.161957
-0.145449
0.131494
0.192794
-0.065580
0.201999
-0.163021
-0.089932
-0.136048
0.147425
-0.202704
0.055849
-0.214994
0.292384
0.152825
0.121661
0.095169
0.159698
-0.047224
-0.084887
-0.309088
0.302282
0.370776
0.124452
-0.004728
0.322544
0.036296
-0.197368
-0.014378
0.057999
-0.202516
-0.224286
-0.092338
0.167841
0.370246
-0.218895
-0.274324
-0.264724
0.201525
-0.491264
-0.247214
-0.236800
0.019799
-0.064448
-0.263665
0.133039
0.153760
0.009692
0.068205
-0.159495
0.011740
0.018353
-0.041866
0.106096
0.180403
-0.035645
-0.275574
0.036342
-0.062129
0.028713
0.153105
-0.108690
-0.010926
0.320029
-0.233689
0.307582
-0.011710
0.138072
0.149813
-0.036925
0.182537
0.116254
0.123673
0.136695
-0.180741
0.165990
0.069162
-0.140627
-0.067223
0.068495
0.104315
0.131400
-0.108535
-0.050748
0.174916
-0.110419
0.176292
-0.023884
0.031879
0.122306
-0.158539
0.180220
-0.140884
0.234321
0.122099
0.139896
-0.027472
0.013068
-0.022327
0.035215
-0.039277
-0.278056
-0.123115
-0.314051
0.005539
-0.271699
-0.076347
-0.330835
-0.023094
0.192670
-0.022330
-0.206723
-0.416339
-0.095664
0.127649
0.034393
0.125448
0.444836
-0.046981
-0.157795
-0.147401
0.388119
0.047261
0.198601
0.232164
-0.084791
0.176842
0.078641
-0.149385
0.097474
0.214497
0.176200
0.124098
0.483773
-0.119445
-0.252532
0.201909
0.118521
-0.131706
-0.134818
0.027261
-0.325445
0.289101
-0.152531
0.315115
0.043083
0.506439
0.041583
-0.141512
0.435116
-0.148585
-0.120235
0.180808
0.168383
0.140411
0.192616
0.172676
0.088993
-0.257830
-0.179060
0.086898
0.296336
0.090115
-0.061147
0.014211
0.184276
-0.183349
0.133076
-0.067414
-0.033914
-0.254163
-0.084486
0.013147
-0.060860
-0.018643
-0.230097
-0.409471
-0.051132
-0.003317
0.264227
-0.026545
0.005534
-0.057380
0.278691
0.087837
0.263452
0.240211
-0.170783
0.053974
-0.217646
-0.250635
0.106403
0.151145
0.101731
0.016984
-0.029325
-0.048664
0.086833
0.049977
0.312359
-0.004005
0.347809
-0.525223
-0.101827
-0.170861
0.024788
-0.057558
0.148774
-0.098250
-0.046763
-0.045640
0.040986
-0.097685
0.227076
0.129110
0.080291
0.080009
-0.022649
0.366420
-0.041971
-0.140962
-0.053506
0.245033
-0.085176
0.078820
0.049581
-0.267535
-0.071074
0.152378
-0.116300
-0.138897
-0.010121
-0.116038
0.104609
0.108130
-0.000333
0.326410
-0.085102
0.255558
-0.114597
0.094815
-0.050172
-0.135638
0.103825
-0.183558
-0.083313
-0.290820
-0.065012
-0.269006
0.217886
-0.276250
0.033951
0.153806
-0.140898
0.153977
-0.267118
0.253301
-0.206943
-0.029950
0.215413
-0.171494
-0.027367
-0.061394
-0.082032
0.026791
-0.148243
0.160860
0.066160
-0.045483
-0.196653
-0.410411
-0.131241
-0.137605
0.006116
0.095976
-0.014967
0.285325
0.054693
0.044261
-0.309665
-0.290500
0.037892
0.055599
-0.303239
0.021969
0.202267
-0.046952
0.064744
-0.284911
-0.321616
0.358880
-0.151395
-0.230030
-0.077908
0.056873
0.095657
0.083459
-0.410482
0.024653
-0.066334
-0.046533
0.083100
-0.103199
0.165080
0.013299
0.068416
-0.059885
0.089901
-0.067079
-0.305645
-0.156561
-0.296884
0.320530
0.090204
0.010910
0.335769
-0.008370
0.002876
-0.129648
0.098781
-0.171164
0.003283
-0.316691
-0.104141
0.248653
0.262972
-0.089263
0.163631
0.229358
-0.155130
0.385417
-0.104413
0.079634
-0.098519
0.252894
-0.083934
-0.175022
0.112068
-0.159590
-0.071430
0.156979
0.204856
-0.336221
-0.276018
-0.218897
-0.196773
0.031863
0.000552
-0.186689
0.045698
-0.236767
-0.142736
-0.123573
0.110512
0.163837
0.092749
-0.004066
-0.122652
-0.200587
-0.008488
-0.103432
0.065382
-0.050210
-0.113511
0.082073
0.073306
0.507449
-0.299767
-0.127955
-0.056276
-0.162960
0.011931
0.027609
-0.114124
-0.222014
0.257804
0.010523
0.007347
-0.004498
0.213888
-0.325026
-0.234805
-0.281724
-0.081749
0.276302
-0.122010
0.008684
-0.084676
-0.204888
-0.041498
-0.122753
-0.376988
-0.001592
-0.120284
-0.333239
0.148165
0.203182
-0.032295
-0.289445
0.409509
0.351378
-0.361953
0.100252
0.186878
0.285904
-0.042140
-0.141227
0.407677
0.114839
-0.038052
-0.152925
0.358848
-0.183140
0.047509
-0.105155
0.031761
0.068092
0.271270
-0.183600
-0.332420
-0.035975
-0.118764
0.244645
0.028237
-0.092421
-0.266615
0.075389
0.047658
-0.040591
0.176200
0.103556
-0.102964
0.006539
-0.288675
-0.070594
0.053134
0.411880
-0.035172
0.032252
0.157568
-0.193276
0.053410
-0.068435
0.048638
0.019473
0.107237
-0.205673
-0.307128
-0.125922
0.029003
0.138360
-0.217402
0.162261
0.174228
0.214473
-0.025066
0.111813
0.234932
0.359871
-0.356036
0.002593
0.124152
0.213673
-0.179492
-0.110121
0.234013
0.172775
0.075577
-0.103158
-0.241470
0.075908
0.143294
-0.332062
-0.119432
0.127987
-0.192666
-0.020307
0.175390
0.240372
0.046985
-0.151232
-0.117353
0.141382
0.066771
0.198007
-0.400507
0.002615
0.218896
-0.004181
-0.050729
-0.311028
-0.123505
-0.580824
-0.431872
-0.141340
-0.041015
-0.056933
0.203207
0.005793
0.099491
0.138393
0.181712
-0.132868
-0.062272
0.081509
0.099743
-0.151591
0.052384
0.099643
0.096863
-0.012690
0.063260
-0.069673
0.384901
-0.110481
0.155567
0.250105
-0.100615
0.031665
-0.030203
-0.414819
-0.126610
-0.115983
0.104136
-0.178301
0.142430
0.237180
0.036661
-0.157847
-0.073413
-0.080719
0.210458
-0.103874
0.043678
0.107131
0.025397
-0.035515
0.125900
-0.243261
-0.087446
-0.141223
0.007078
-0.250490
0.280521
0.014242
0.201398
-0.282879
-0.060943
-0.050692
0.147055
0.094541
0.046999
0.179400
-0.105252
0.173043
0.220966
-0.193073
-0.260077
0.268078
0.180668
-0.098484
0.044585
0.216467
-0.017711
0.241630
-0.445976
0.246451
0.237749
0.011079
0.073231
-0.004028
0.257478
-0.150798
0.116763
-0.140767
-0.062406
0.059541
-0.147144
0.062196
0.175060
-0.062211
0.114047
0.061954
0.473175
0.220773
-0.066188
-0.082774
0.005253
-0.180831
0.063885
-0.102824
0.106312
0.019394
0.066763
0.245783
0.029745
0.013447
-0.170557
0.335358
0.214863
-0.465742
-0.195930
-0.172806
0.081568
0.219890
-0.039795
0.142788
-0.248007
-0.248609
0.004420
-0.164770
0.370011
-0.138081
0.225351
0.254729
-0.193643
-0.159326
-0.160906
-0.337943
0.225675
0.388937
-0.143350
0.038378
0.085454
-0.127656
-0.029155
0.278188
0.090981
0.031037
-0.254339
0.022369
-0.182872
-0.117486
-0.150362
0.128633
-0.279933
0.099163
0.308722
0.191279
0.000934
0.126029
-0.033937
-0.197616
-0.243579
0.296408
-0.025046
0.040190
0.113781
-0.274657
0.100211
0.047579
0.455554
-0.231529
-0.031301
0.074038
-0.302922
0.094347
-0.075101
-0.057011
-0.041504
-0.119946
-0.054429
-0.140483
0.066036
-0.033810
0.126956
-0.152080
0.203967
-0.155630
-0.205343
0.017853
0.234342
-0.255617
0.037792
0.110675
-0.086063
0.464579
-0.292749
-0.066764
-0.044856
-0.230506
-0.080167
0.136360
0.296458
-0.140896
0.180289
-0.075385
-0.299298
-0.209597
-0.067402
0.211816
0.115634
0.101748
0.236457
-0.001446
0.184509
0.012636
-0.089874
0.135440
-0.089032
-0.085832
-0.179166
0.190804
-0.337868
-0.129088
-0.157756
-0.159696
-0.060977
0.361982
-0.257021
-0.177903
0.157741
0.256452
-0.200403
0.066402
0.132524
0.099211
-0.156916
0.263826
0.377205
-0.068220
-0.402439
-0.296856
-0.040906
-0.327203
-0.128989
-0.034378
-0.169057
-0.114534
-0.044856
-0.023458
-0.159292
-0.231843
0.123135
-0.212024
0.110993
-0.146993
0.150688
-0.109598
0.208432
0.328308
0.090825
0.157916
0.135276
-0.054206
-0.411571
-0.077781
-0.006391
0.024219
-0.015599
-0.119224
0.091303
-0.000420
0.125937
-0.092953
0.119985
-0.090673
-0.268746
-0.153609
-0.074146
0.014051
0.045364
-0.219713
-0.168614
0.021643
0.054766
-0.090439
-0.305391
-0.152037
0.052950
-0.076932
-0.017728
-0.184589
0.177439
0.068148
-0.248365
0.121781
-0.106398
0.065111
0.247564
0.103753
0.058340
0.040430
-0.060158
0.140897
0.177926
0.152856
0.076981
-0.017611
-0.148961
-0.183239
0.053401
-0.005912
0.083114
-0.258270
-0.429457
0.084348
0.103559
-0.100404
-0.266919
0.144076
0.315833
0.030121
0.249037
-0.171386
-0.139599
0.020281
0.022941
-0.124329
0.000629
0.286514
0.142885
0.155029
0.064793
-0.135349
0.097633
-0.047445
-0.148912
-0.255799
-0.360023
0.156657
0.039824
0.376240
0.254593
-0.358401
0.260529
-0.376341
-0.313714
-0.044621
-0.004397
0.111409
0.100582
0.146196
-0.097513
-0.075817
-0.018665
-0.233720
-0.180847
-0.347009
0.133750
0.211550
0.018803
-0.033249
0.175686
0.182717
0.038622
0.112496
0.010615
0.312212
-0.317527
0.093509
-0.080938
-0.070270
0.247211
0.186511
0.030981
-0.044586
-0.077692
0.087061
0.251878
0.159369
-0.464328
0.064966
0.169684
-0.432386
-0.046855
0.071617
0.144575
-0.134191
0.106551
0.032964
-0.020207
-0.169779
0.069055
0.133658
-0.271118
-0.155621
-0.242083
-0.289353
0.025835
-0.121035
-0.421197
0.083520
0.142573
-0.282859
-0.062763
-0.303076
0.193462
0.195974
0.056000
-0.055120
-0.235458
0.049481
0.112949
-0.173393
-0.147638
-0.007542
0.083000
0.167704
-0.201861
-0.292085
-0.208222
-0.133539
0.102633
0.210541
0.166650
-0.031014
0.079934
-0.220181
-0.157500
0.037431
-0.064435
0.183570
0.153121
-0.166620
-0.046221
-0.330429
-0.312544
0.396683
-0.133967
0.027462
0.033629
0.040919
0.235035
-0.115796
0.021918
0.011471
-0.083647
-0.332306
-0.070652
0.080618
0.028540
-0.196197
-0.137307
-0.086954
0.030195
-0.402817
0.035599
-0.044014
0.357075
-0.237531
0.084898
-0.059479
-0.046904
0.282075
-0.543196
-0.122087
0.175159
-0.201286
0.086851
0.057937
-0.408016
-0.152416
0.017810
-0.070522
0.259293
0.176276
0.310344
0.225398
-0.297415
0.181597
0.177179
-0.229006
0.330186
0.053022
-0.066459
0.172186
0.043360
-0.389050
0.082543
-0.018518
0.376867
-0.257739
0.107569
0.043864
-0.301498
-0.070786
-0.055897
0.086928
-0.106030
-0.162008
0.022194
-0.061771
-0.143557
-0.112071
0.005663
-0.042263
0.182585
-0.203886
-0.152679
0.102345
-0.112411
-0.066552
0.066895
-0.166462
-0.397454
-0.161125
-0.071995
0.170574
-0.273348
-0.202480
-0.414059
0.026013
0.313296
-0.273259
-0.188939
0.263138
-0.161009
-0.134110
0.158989
-0.211985
0.354505
-0.153795
-0.076352
0.059857
-0.266790
-0.137170
-0.057912
0.301809
-0.231632
-0.271586
0.092688
-0.523938
-0.166131
0.042501
-0.183286
-0.104212
-0.183038
-0.127330
-0.064296
0.239024
0.031746
0.292865
0.077185
-0.002605
0.122168
0.068651
-0.052587
-0.089015
-0.200471
-0.204815
0.174065
-0.352055
0.211330
-0.072886
0.116777
-0.056134
0.016925
0.027353
0.172723
0.213949
0.408415
0.154409
0.157089
-0.164210
-0.111357
-0.403464
0.005860
-0.043137
-0.127762
-0.322363
-0.332462
0.052465
0.076134
-0.147557
-0.054678
0.039846
-0.022796
-0.147402
0.015783
-0.407365
-0.043893
0.106048
0.113183
-0.297021
-0.068582
-0.299471
0.207492
-0.383654
0.336325
-0.298017
0.076762
0.047158
-0.146776
-0.051027
0.239829
0.060065
0.337910
0.074382
0.159062
0.005486
-0.121289
0.079496
0.028320
0.024504
-0.263203
0.251619
-0.186191
0.351556
-0.117113
0.233107
-0.052938
-0.081226
0.042744
-0.170817
-0.117124
-0.260504
0.068503
0.212923
0.031321
0.016994
-0.164560
0.173359
0.077718
0.344230
0.159657
0.009940
0.256624
0.085016
-0.251115
-0.207621
0.049399
0.002772
-0.101763
-0.214769
0.153251
-0.065999
0.033755
0.056662
-0.076113
0.051105
-0.216989
-0.065636
-0.130863
0.025149
0.395329
-0.131978
0.059219
0.264774
0.258521
-0.034693
-0.257712
0.257145
-0.264845
-0.146294
0.165331
-0.061010
0.226775
-0.006691
-0.287980
-0.036314
-0.512273
-0.331741
0.022450
0.084113
0.095459
0.229955
0.375310
0.010658
-0.057392
-0.285474
-0.321464
0.011959
-0.093470
-0.410965
-0.041342
-0.183793
0.077511
-0.025406
-0.342669
0.071371
-0.080186
0.122530
-0.003441
0.393230
0.115841
-0.048706
-0.110756
0.099113
0.023620
-0.083462
0.055602
-0.115101
0.083411
0.259520
0.164207
-0.133717
0.143597
0.299601
0.207977
-0.311588
0.273063
0.225980
0.335049
-0.252270
0.057504
-0.090263
-0.038280
0.131127
-0.264386
-0.253951
0.271408
-0.114854
0.055175
-0.180038
-0.219014
0.244951
-0.057204
0.308506
-0.146634
-0.337207
0.087290
0.010540
-0.127181
-0.085963
-0.077078
0.112894
0.211178
-0.156965
-0.041994
0.220576
0.031851
-0.046231
-0.148518
0.096078
-0.081304
0.305482
0.290711
-0.005676
-0.174197
-0.025668
0.133465
-0.287147
-0.135922
0.187722
-0.115879
0.504542
0.234029
0.186102
0.046415
0.230281
0.523489
-0.121642
-0.074241
-0.152340
0.371349
0.331528
0.189903
0.196842
0.043594
0.061438
0.092716
-0.229065
0.103593
-0.282703
0.326710
0.098153
0.209741
0.192560
0.172972
-0.088176
-0.233133
0.254805
0.183297
0.233387
-0.152789
0.116081
0.008808
0.063898
-0.188947
0.176954
-0.098200
-0.129856
0.062729
-0.042315
-0.031037
0.209242
-0.007078
0.427064
-0.206588
-0.092966
-0.134825
0.072353
-0.161856
0.165013
0.149431
-0.354886
0.195303
-0.126599
0.296137
-0.255815
0.020481
0.119711
-0.030597
0.117100
-0.152200
0.250831
0.396335
-0.274534
-0.258013
0.038726
-0.143531
0.027246
0.087063
-0.199437
0.006193
-0.207595
-0.064382
0.086057
0.206950
0.114528
0.256215
-0.167045
-0.430395
0.121196
0.104453
-0.245477
0.156222
0.279698
-0.082232
-0.270958
-0.112020
-0.491325
-0.260866
0.093468
-0.279681
0.171556
0.154187
-0.147418
0.017832
0.063651
-0.079347
0.104340
-0.050026
-0.007595
0.154279
0.012576
0.049220
0.152464
0.090443
-0.049661
0.103334
0.187463
0.101088
-0.060809
0.136086
-0.181741
-0.063787
-0.331335
0.146844
0.186403
-0.024807
0.128855
-0.166747
0.396851
-0.286975
0.225619
-0.108835
-0.194775
0.027281
0.311937
-0.050028
0.010162
0.090627
-0.041186
-0.145310
-0.098480
0.101548
0.118743
0.172751
0.254445
0.037808
0.272711
-0.259334
0.291999
0.276198
-0.201298
0.144633
-0.140180
-0.272955
0.226523
-0.193156
0.197040
-0.241979
-0.165872
0.126536
0.182234
0.060688
0.244988
-0.081714
0.309428
-0.215720
0.063179
-0.227578
0.118078
-0.077916
-0.194147
0.040857
-0.180974
-0.028842
-0.300577
0.260804
0.042366
-0.178893
-0.099118
0.140636
-0.018425
0.101020
-0.006619
0.016022
0.036379
-0.213978
0.302329
-0.031556
-0.265802
-0.184400
-0.364823
0.038430
-0.223473
0.108972
-0.264671
-0.286357
-0.265174
-0.040248
0.167653
0.093021
-0.057546
-0.245877
-0.100198
-0.006338
0.193572
0.054749
-0.152274
0.019490
-0.203664
-0.088403
-0.049582
0.034126
-0.186005
-0.070041
0.058971
0.140188
-0.268551
-0.170109
0.230179
0.125366
0.113691
0.241398
-0.063757
-0.255698
-0.308326
0.186760
0.025546
0.214853
-0.428802
0.299720
-0.070490
-0.108737
0.264696
0.020606
-0.183031
-0.252057
0.016307
-0.101418
0.271669
0.289198
-0.083304
0.147158
0.340069
-0.304782
0.204118
-0.116397
-0.172031
-0.118422
-0.160441
-0.118258
0.353843
-0.233405
-0.101973
0.222967
-0.215411
-0.200815
0.034481
-0.015915
0.222519
0.145826
0.074450
-0.014492
-0.239529
0.098083
-0.013120
-0.231928
-0.179418
-0.021143
-0.092172
-0.137815
0.212701
0.224607
-0.121362
0.148782
0.460671
-0.072779
0.250193
0.357445
0.084637
-0.033533
-0.170915
0.110162
-0.097272
-0.300519
0.233020
-0.104351
-0.116546
-0.073715
-0.243232
-0.210656
-0.231195
0.023730
0.132123
0.016128
0.048675
-0.032902
0.005893
0.121968
0.386252
0.090087
-0.044432
-0.264216
0.212731
0.179050
0.111090
-0.054692
-0.007842
0.340980
0.030967
-0.105642
0.013016
-0.146683
-0.023589
0.096671
0.206797
-0.033785
-0.007443
-0.019631
0.023003
-0.040173
-0.185479
-0.094818
-0.126379
0.386548
-0.363832
0.205900
0.297818
-0.129489
-0.148212
0.022727
-0.007412
0.203185
-0.077741
0.335542
-0.107463
-0.305734
0.001706
0.184528
-0.231647
-0.246888
-0.065496
0.041396
-0.089241
0.136530
-0.063346
-0.078028
0.066239
-0.026905
0.085177
0.104627
0.050076
-0.059974
-0.002196
-0.130537
0.369440
0.076137
0.121544
0.107146
-0.165516
-0.210320
0.016588
0.014608
0.113556
0.121713
0.047516
-0.128552
-0.137782
-0.129519
-0.340077
0.079846
-0.317368
-0.159630
-0.059863
-0.404721
0.250665
-0.102124
-0.111951
-0.302149
0.111888
0.030734
-0.048230
-0.035860
-0.116747
-0.130005
-0.149941
0.259581
0.024861
-0.009990
-0.132120
0.119213
0.218373
0.090751
-0.111524
0.000636
0.205480
-0.100474
0.081877
-0.292110
0.204932
-0.164949
-0.146688
-0.179297
0.095926
0.167524
-0.119990
-0.377376
-0.227382
0.158388
0.516264
-0.499673
0.122183
0.000061
0.199004
0.196561
0.052976
-0.099942
0.117575
0.043888
-0.178987
0.082572
0.011219
0.004205
0.119666
0.156838
0.101269
0.048693
0.096678
0.036522
0.130191
-0.269724
-0.236697
0.140421
0.148102
0.060134
-0.026814
0.195183
-0.198923
0.104510
0.157037
0.234959
0.008016
0.170124
0.374067
-0.021705
-0.087129
-0.134508
0.149196
0.072378
0.080721
0.116731
-0.170681
-0.195457
0.061606
0.026013
0.151620
-0.056883
0.244543
-0.117491
0.149861
-0.079137
-0.018849
-0.428751
-0.137148
0.178719
-0.057182
-0.145658
0.149065
0.015775
0.015906
-0.267144
0.073553
0.069105
0.178981
0.007768
-0.134724
-0.141162
-0.138237
0.237684
-0.050381
0.006162
-0.135401
-0.050200
0.096878
0.105878
-0.104313
-0.002505
0.272710
0.086164
-0.141124
0.089598
0.016858
-0.262073
-0.054001
0.050414
0.038275
0.033054
-0.159487
0.182901
-0.248614
0.075022
-0.100117
-0.185828
0.006426
0.003967
0.027189
-0.143316
-0.096216
0.250581
-0.122534
-0.235864
-0.174436
-0.200964
-0.191884
-0.052547
0.166410
0.128427
-0.122705
0.298934
0.106469
-0.098707
0.172157
-0.057433
0.250145
-0.008971
-0.122901
-0.065404
0.131387
0.200713
0.074620
-0.127443
-0.124527
0.141482
-0.097785
0.173600
-0.019596
0.067691
0.243066
0.065045
0.095811
0.051988
-0.025549
-0.148639
-0.127713
0.398304
0.085781
0.092708
-0.271858
-0.045506
-0.121847
0.211680
-0.145286
-0.241256
0.042212
0.069156
0.151695
-0.157345
0.216194
0.194985
0.321439
0.004281
-0.083830
0.024130
0.059699
-0.149092
-0.272122
-0.270251
-0.140413
-0.008845
-0.018118
0.143445
0.017629
-0.166730
0.091894
-0.269557
0.137132
0.178935
-0.023232
-0.195339
-0.275502
0.191710
0.118771
-0.151313
-0.039116
0.184884
-0.021626
0.169723
0.177115
0.071261
0.117549
-0.109399
-0.193569
-0.169721
-0.054741
0.068054
0.067763
0.027127
0.090060
-0.176551
-0.022880
0.069057
-0.229121
-0.149133
-0.136001
0.044966
0.093193
-0.247923
0.281107
-0.201699
-0.184575
0.424073
-0.287660
0.009880
0.221979
-0.019147
-0.014663
0.103746
-0.098172
0.022679
-0.142552
0.333259
0.080063
0.152750
0.036418
0.195824
0.192615
0.101042
-0.253409
0.055945
-0.066938
0.063229
-0.128781
-0.352878
-0.196557
-0.399274
0.052957
0.129819
-0.205788
0.028427
0.082072
-0.118041
-0.032448
-0.297653
0.286111
0.029126
0.114674
0.023786
-0.022099
0.005940
-0.072490
0.300835
-0.165408
-0.172565
-0.129967
0.271975
0.031898
-0.227570
-0.220117
-0.043546
-0.199612
0.015707
-0.024963
0.270659
0.090692
-0.335758
-0.207550
0.397643
-0.143414
0.082763
0.066424
0.036022
0.040961
-0.209161
-0.045349
0.076330
0.185931
0.263530
0.091545
-0.162795
-0.113113
-0.467251
0.247637
-0.128513
0.191082
-0.288435
0.080374
-0.053531
-0.221496
-0.058977
0.138515
-0.153889
0.009452
-0.237767
-0.325510
-0.027964
-0.389226
-0.004709
0.499028
0.347753
-0.017252
-0.125771
0.202221
0.190295
-0.121861
-0.070169
-0.300565
0.154741
-0.213614
0.226852
-0.043570
0.141860
-0.018352
0.177006
-0.195940
0.231678
0.096892
0.127029
0.100555
0.052678
-0.003036
0.299440
-0.041067
0.156007
-0.016905
-0.280941
0.321351
-0.028798
0.141909
0.050046
-0.218906
0.202570
0.121933
-0.291143
-0.174840
0.025634
0.009382
0.121012
0.169316
0.300074
0.139606
-0.012251
-0.053011
-0.016254
-0.308310
0.037458
-0.121883
0.047277
0.089756
0.020579
-0.290896
0.057195
-0.144252
-0.165813
-0.446119
-0.020066
-0.067773
-0.203907
0.215882
-0.258378
-0.221137
-0.314341
0.137715
0.271068
0.078795
0.059626
-0.004234
0.391881
-0.101204
0.057161
-0.120292
-0.187594
0.180005
-0.019980
-0.203067
0.140382
-0.071207
-0.209619
-0.055124
0.136198
0.111446
-0.009531
-0.002130
0.101677
-0.239026
-0.083064
-0.098714
-0.148388
0.539990
-0.033793
-0.461698
-0.130401
0.228730
-0.055489
-0.055745
-0.250814
-0.049874
0.028854
0.305650
-0.099518
0.112609
-0.548292
0.173801
0.014496
-0.180258
-0.085949
0.107730
-0.149454
-0.058445
0.012738
-0.286736
0.116792
0.140036
-0.056918
0.259949
-0.068321
-0.161209
0.295706
0.046364
-0.253569
0.429224
-0.009779
0.050134
-0.356808
0.244295
0.115585
-0.373271
-0.207769
0.109040
-0.255054
0.089408
0.153251
0.105257
-0.081167
0.146563
0.206595
-0.271214
0.085035
0.162665
-0.094305
0.288817
0.111703
0.292938
0.039726
-0.150148
0.416055
0.036321
-0.040921
-0.265812
0.212460
0.004915
-0.282365
-0.098141
-0.006148
-0.104044
-0.122177
-0.137605
-0.202161
-0.154196
-0.078722
0.348690
-0.334387
0.070831
0.058955
0.065211
0.033446
0.025146
-0.254334
0.030096
-0.027224
0.067275
-0.046621
0.081548
-0.038485
0.464903
0.116027
0.051844
0.070236
0.156533
-0.129568
-0.178979
0.252654
0.058929
-0.255520
0.114467
-0.391071
0.182296
-0.342565
-0.144375
-0.222864
-0.221730
-0.090076
-0.334343
0.138398
0.342186
-0.132575
-0.186547
0.063206
-0.154025
-0.038426
0.068948
-0.419547
-0.125235
0.143338
0.104154
0.188425
0.288833
0.261373
-0.032175
0.015986
0.286046
-0.030477
0.214531
0.110931
0.290672
0.202580
-0.113853
0.262629
0.115119
-0.007379
-0.043148
0.167893
-0.193910
-0.141961
-0.159931
0.011785
-0.064669
0.093704
0.134540
-0.152941
-0.413545
0.291298
0.230779
0.046778
0.153123
-0.076075
0.124062
-0.117701
-0.120303
-0.166983
-0.185065
0.273875
-0.466816
-0.189177
-0.151335
0.377902
0.173410
0.009423
-0.146034
0.354183
0.095921
-0.075443
-0.122128
0.290888
-0.186720
-0.110225
-0.184101
-0.031432
0.324131
0.315443
-0.076858
0.135033
0.093746
0.078154
-0.054961
-0.153733
0.143947
0.105129
-0.075090
0.076103
-0.003857
0.224888
0.130807
-0.135838
-0.145792
-0.137211
0.268352
-0.363305
0.205151
0.098649
0.392949
0.178245
0.066043
0.020545
0.210891
0.095102
-0.069683
-0.128122
0.064578
0.330727
-0.154115
0.260323
0.258439
0.108980
0.316121
-0.023175
-0.210458
-0.066655
-0.360073
0.254448
-0.008791
-0.267500
-0.392601
0.102627
-0.209753
-0.013509
0.263276
0.254740
-0.213577
0.345733
-0.017724
-0.052608
-0.120053
0.142029
0.038046
-0.218535
-0.095602
-0.068456
-0.018817
0.256994
-0.226400
0.236110
-0.305292
0.060406
-0.343123
0.002080
0.224657
0.032665
-0.320366
-0.219888
-0.196748
0.043664
0.017382
-0.128010
0.223078
-0.066920
-0.106990
0.053459
0.231139
0.175061
-0.033241
0.079152
0.031047
0.201348
-0.096450
0.065104
-0.114667
0.393925
-0.007015
-0.206261
0.144554
-0.217071
0.073523
0.186897
0.180597
-0.257137
0.221133
0.040198
0.022036
-0.175600
-0.275372
0.189673
-0.095681
-0.179910
0.105383
0.083410
0.157763
-0.266385
-0.017341
-0.082502
0.414878
-0.239524
0.138543
0.017508
-0.154530
0.437855
0.134436
-0.050413
0.221093
0.172783
-0.164550
0.005468
0.188860
0.058139
-0.081924
0.265173
0.216496
-0.159181
-0.071639
0.279993
-0.153683
0.124761
0.010812
0.083021
-0.062057
0.005727
0.099356
-0.224859
0.009741
-0.042906
-0.039477
0.281833
0.144811
-0.078685
0.301858
-0.280917
0.112861
-0.097342
0.210805
0.057710
0.056875
-0.220670
-0.087758
0.027009
0.201159
0.080300
0.237225
0.154718
0.063047
-0.068356
-0.015077
0.214236
-0.175957
-0.291087
-0.152061
0.128006
-0.037703
-0.123520
-0.066234
0.049306
0.036934
0.139866
0.095361
0.166773
0.058693
0.008538
-0.285205
0.167116
-0.241476
-0.131268
0.134840
0.090108
-0.257012
0.039233
0.130252
0.023963
-0.150047
0.068028
-0.296810
0.030250
0.139199
0.068145
0.053314
-0.222286
0.021617
-0.297543
0.165025
-0.221970
-0.052256
-0.130099
0.112888
0.209921
0.041439
-0.379085
0.032959
0.040337
-0.116013
-0.165406
0.020990
-0.148616
0.225522
-0.184257
-0.028329
-0.007904
0.129008
0.022449
-0.007134
-0.108105
-0.433037
-0.216275
0.160301
0.142262
-0.298149
-0.206102
0.103530
0.012372
0.118011
0.134464
-0.045809
-0.400588
0.108290
0.241814
-0.218088
0.028413
0.046775
0.048757
0.022320
0.169221
-0.163533
0.110699
-0.003207
0.330651
0.104059
-0.078693
0.367190
-0.144873
-0.211867
0.052185
0.042251
-0.104237
-0.156314
-0.013005
-0.031716
-0.008074
-0.027415
-0.238470
-0.202683
0.330954
-0.313638
0.067183
0.303819
0.234146
0.171668
-0.086963
0.129463
0.402099
0.034248
0.029033
-0.109254
-0.140319
0.046459
-0.059011
0.093450
-0.047059
-0.179432
0.094174
0.199801
0.079930
0.015107
-0.377100
0.282923
0.013412
-0.150110
-0.063383
0.249717
0.326568
0.041995
-0.112725
-0.257138
-0.160834
0.013311
0.053725
-0.003733
0.012764
0.191056
0.063821
-0.058339
0.102561
-0.376028
0.170124
-0.012990
0.012736
0.172180
0.064375
0.085999
0.431901
-0.049390
0.203604
-0.012005
0.065404
0.118374
-0.073846
0.088753
-0.008447
0.044245
0.045406
0.219812
-0.209136
-0.023967
-0.005386
-0.032007
0.142988
0.249942
0.029948
-0.085617
-0.126832
-0.169123
-0.205615
-0.081614
0.440256
-0.116759
-0.231014
-0.108127
0.408812
0.164878
0.170603
-0.241379
0.317492
-0.255755
0.128739
0.273322
-0.060137
-0.163783
0.000558
-0.298223
0.219993
-0.221656
0.040286
-0.083334
0.110548
0.129119
0.154587
-0.183097
-0.334836
0.207236
-0.184743
0.073018
-0.088917
0.248139
0.044841
0.333332
0.311729
-0.423903
-0.037808
-0.090694
0.314915
0.090757
-0.170337
-0.036884
0.016343
0.299429
-0.080878
-0.406932
0.037601
0.245713
-0.040822
-0.024650
0.038018
-0.219202
-0.300446
-0.047880
0.015542
-0.217726
-0.320580
-0.125746
-0.073562
-0.175506
-0.279561
-0.165626
-0.075766
0.156030
0.034549
0.254726
0.098379
-0.011057
-0.159926
-0.102584
-0.327345
-0.045418
0.131373
-0.014770
0.175247
0.173880
-0.165246
-0.152990
-0.196943
-0.023658
-0.233363
0.231808
-0.166093
0.060805
-0.161094
-0.200822
0.088026
-0.222778
-0.181253
-0.004636
0.032701
0.376718
-0.087590
0.113604
-0.426318
0.017719
0.008587
0.167994
0.150839
-0.096400
-0.071112
0.018071
-0.212695
-0.056859
-0.149399
0.229746
0.236372
-0.162991
0.221596
-0.140143
-0.069424
0.024862
0.021613
-0.129048
-0.191218
0.177403
0.333114
0.370781
0.128317
0.099433
-0.021106
-0.045200
-0.006912
0.222538
-0.086946
0.023578
-0.021834
0.024491
0.028790
-0.040860
0.557697
0.020412
0.113228
0.150106
0.211638
-0.178416
-0.126555
-0.304190
-0.087842
0.186733
-0.169502
-0.028967
0.309815
-0.215690
-0.133694
0.246418
-0.298636
0.118695
0.357651
-0.152525
-0.192833
-0.167900
-0.035489
0.043445
-0.077893
-0.150594
-0.263715
-0.129341
-0.070306
-0.095170
0.038947
0.083022
0.034834
-0.178506
