0.377766
0.071539
0.080492
-0.105462
-0.092894
0.063340
0.345821
0.128621
0.018360
-0.269736
0.055257
-0.134859
0.157430
0.132900
0.238086
-0.005283
0.123483
-0.172299
0.289484
-0.171795
0.028675
-0.059713
0.095141
-0.075766
0.185500
0.152184
0.063570
0.027766
-0.216368
-0.129172
0.341502
-0.143753
-0.127737
-0.107370
0.376030
0.023272
0.142737
0.037787
-0.094557
0.110250
0.422222
-0.513087
-0.006327
0.233023
0.023207
0.082735
-0.227408
0.092952
0.184171
-0.127364
0.092906
-0.024273
-0.032889
0.269767
0.100383
0.037094
-0.046434
-0.040434
0.095532
-0.439572
-0.211146
-0.130622
0.037347
0.041829
-0.284227
0.321377
0.025146
0.121398
0.029138
0.123136
-0.226163
-0.010005
-0.071519
-0.194471
-0.199365
0.457307
-0.107478
0.102478
0.085236
-0.047004
-0.099023
-0.308144
-0.312865
-0.005776
-0.152315
0.249979
-0.216513
0.053393
-0.010377
0.485903
-0.172546
0.020520
0.013237
0.219461
-0.076291
0.121468
-0.189151
0.290129
0.032269
0.255455
-0.205733
-0.064825
0.054716
0.244670
-0.361928
-0.145942
0.052634
-0.114246
-0.035220
-0.060170
0.120559
-0.044583
-0.038510
-0.120285
-0.039168
0.078561
0.164516
0.161090
0.029860
0.139026
-0.092618
-0.030108
0.150412
0.274601
-0.006370
0.019553
0.018400
0.010022
-0.341033
-0.262268
-0.334340
-0.339690
-0.235651
0.168852
0.122346
-0.043058
0.014006
0.138814
0.164823
-0.106371
0.017441
-0.101775
-0.182575
-0.013728
0.040743
-0.403137
0.041285
-0.225412
-0.033569
-0.057102
-0.162483
0.005826
0.061662
-0.136267
0.289664
0.021059
0.018648
-0.109559
-0.134571
-0.041611
-0.168416
-0.086114
0.148729
-0.265078
-0.097412
0.156802
-0.019451
0.027601
-0.024346
-0.029557
-0.147988
0.060244
-0.057094
-0.007413
-0.233526
0.008174
-0.188533
0.011048
-0.254004
-0.299264
-0.100508
0.269024
-0.035467
0.083407
0.012009
0.136828
-0.254854
0.228316
-0.024959
-0.256961
-0.182971
0.227103
0.040847
-0.182503
-0.372493
-0.196174
-0.213421
0.124950
0.067291
-0.008135
-0.169762
-0.183805
-0.455868
-0.022167
-0.204886
-0.381792
0.102660
0.185682
0.044262
-0.191649
0.123553
0.166443
-0.109089
-0.138647
-0.354735
0.027831
-0.524604
0.093019
-0.530522
0.234961
0.040578
-0.083293
0.197443
-0.200025
-0.105631
-0.001653
-0.168787
-0.291939
-0.058179
0.345321
-0.189721
0.066043
0.060564
0.328321
0.098398
0.365679
0.202018
-0.023569
0.051732
-0.089301
0.189510
-0.023357
-0.245475
-0.030753
-0.364273
-0.115041
0.176616
0.009574
0.022408
0.232295
-0.077174
-0.273737
0.301692
-0.061804
0.047843
-0.135910
0.154155
-0.124521
-0.175705
-0.028049
0.276319
0.047841
0.092545
-0.418733
-0.049801
-0.213083
0.016570
-0.182541
0.038015
0.181439
0.169992
-0.249162
0.049696
-0.080975
0.048453
0.074031
-0.123066
-0.102949
0.449737
0.193003
0.339176
-0.193534
0.160663
-0.165178
-0.130561
0.485874
-0.171196
-0.151899
-0.165895
-0.119768
0.089347
0.090063
-0.352978
0.174985
0.113386
-0.174031
-0.038769
0.150578
0.031555
0.121632
-0.130492
-0.147798
-0.161031
0.127215
-0.315379
0.292179
-0.080093
-0.045347
0.064363
-0.321498
0.514570
0.088568
-0.010263
-0.091182
-0.012194
0.161919
-0.241280
0.282210
0.214369
0.137777
0.283588
0.078785
-0.167419
-0.032884
0.059118
0.161279
0.053105
-0.165226
-0.031165
0.320079
0.138759
0.081774
-0.297022
-0.145453
0.099846
0.161555
-0.079604
-0.386937
0.078420
-0.015842
0.056310
-0.013684
0.133971
-0.183612
-0.008984
-0.031726
0.083625
0.016313
0.506416
0.051888
0.233072
0.062254
0.003577
0.080276
-0.709565
-0.152545
0.005710
-0.079460
-0.031972
-0.073411
-0.068127
0.047559
0.136130
0.012663
0.232050
0.082489
-0.420213
0.316657
0.133798
0.453765
0.176285
0.357943
-0.116754
0.006580
-0.292068
0.120325
0.000158
-0.292793
0.193203
-0.021335
0.144160
-0.091170
-0.142330
0.140161
-0.028892
0.193247
0.051686
0.158797
0.195692
0.400328
0.253882
-0.072620
-0.198679
0.028511
-0.054307
0.132093
0.020489
0.151554
-0.301523
-0.184165
0.073185
0.075436
-0.109085
-0.079791
-0.169214
-0.183295
-0.270775
-0.218006
-0.105168
0.471739
0.042645
-0.161573
0.153171
0.085334
0.342348
-0.128654
-0.448148
0.088788
-0.200575
0.080035
0.104322
0.022910
-0.139255
0.255185
0.371151
0.204747
0.293490
-0.073354
-0.035795
-0.115553
-0.011092
-0.487274
0.115001
-0.254261
-0.204453
-0.197545
0.047290
-0.153552
-0.122655
-0.026510
0.083483
-0.192443
-0.130236
0.010604
0.017943
0.298237
0.052883
0.095617
0.139526
-0.125241
0.189067
0.270611
-0.055789
-0.135290
0.235673
0.342924
-0.500653
0.177687
-0.301029
0.103564
0.089393
-0.136478
-0.088682
-0.114138
-0.043672
-0.073341
0.310912
0.159732
-0.179778
-0.162216
-0.303604
-0.151664
0.003436
0.156919
-0.327873
-0.089127
-0.070358
0.139250
0.280384
-0.187480
0.020226
0.328624
-0.374568
-0.033934
-0.011787
-0.136723
0.152823
-0.426761
-0.216214
-0.037499
0.184532
-0.060354
0.214694
0.107794
0.043621
-0.276915
-0.002460
0.049948
0.025997
0.178898
-0.187177
0.063529
0.258312
0.209542
0.135198
-0.130745
-0.093526
0.213421
0.123102
0.243999
-0.010694
-0.105563
-0.291938
0.184660
-0.008616
0.038039
0.220012
-0.149603
-0.060983
0.237170
0.044952
-0.216524
0.033006
0.384150
0.042621
0.213478
0.109780
0.060861
-0.233279
-0.113253
-0.092164
-0.242008
0.128134
0.086059
-0.243059
-0.001101
0.001852
0.030398
-0.270900
0.442261
-0.089175
-0.023027
0.096052
-0.172805
0.080601
0.099688
0.377285
0.191299
-0.039017
-0.115360
-0.065733
-0.068366
-0.048653
-0.325980
-0.048486
0.097812
0.316881
0.100175
0.170177
0.024742
0.337655
0.123271
-0.008185
0.221005
0.155942
-0.142767
-0.247579
-0.205174
-0.198547
0.454182
0.132601
-0.074483
0.401299
0.302418
-0.420759
0.022659
0.198766
0.002152
-0.386901
0.180827
-0.016040
0.112023
0.002578
-0.017930
0.301281
-0.326056
-0.132930
-0.217093
0.243745
-0.230072
-0.096722
-0.086108
-0.073015
0.121228
-0.388387
0.019206
-0.203416
0.110864
0.115831
0.053551
0.100717
-0.015904
-0.134729
-0.215823
0.333822
-0.064920
0.179881
-0.092077
0.086174
-0.138002
-0.047459
-0.152852
0.107138
0.218280
0.136574
0.203985
0.080537
0.100259
0.012504
0.025754
0.194862
-0.203694
-0.219976
-0.104443
0.115470
0.160022
-0.388054
-0.428708
0.047391
0.282335
0.044043
-0.032420
0.292723
0.124336
0.298832
0.253736
0.082322
-0.100828
0.334495
-0.419205
-0.140159
0.039997
-0.255150
0.022650
-0.306221
-0.285502
0.018859
0.057837
0.029403
-0.058449
0.100457
0.067238
-0.043809
-0.053212
-0.018343
-0.148158
0.062711
-0.084833
0.079899
0.082849
0.275883
-0.055650
0.170884
0.004143
-0.394394
-0.023214
-0.209162
0.005340
-0.143616
0.126975
-0.002573
-0.423561
0.198936
0.062377
0.296009
-0.165009
-0.033330
0.388688
0.282609
0.175882
-0.083801
0.092495
-0.302685
0.078744
-0.249555
0.024450
-0.026835
0.064430
0.246580
-0.343999
0.209634
0.312563
-0.265519
0.133791
-0.288488
0.211360
-0.018101
-0.099860
-0.177714
0.037949
0.286975
0.190300
0.024951
-0.202920
-0.180710
0.165664
0.507618
-0.040717
-0.086111
0.210690
-0.348677
0.023890
-0.260225
0.128326
0.146307
-0.170101
0.305645
-0.024174
-0.175062
0.085511
-0.004356
0.240606
-0.168626
0.029243
0.235281
-0.128470
-0.228801
0.163136
-0.110730
-0.208476
-0.005087
-0.061771
0.018847
0.065304
0.069270
0.033817
0.024894
0.142715
0.100033
-0.008235
0.052734
-0.016877
0.215135
0.035656
-0.095792
-0.320385
-0.175440
0.051819
0.212968
0.065288
0.166219
0.111712
-0.208233
-0.170068
-0.308754
0.386971
0.008946
-0.116785
0.091602
0.291915
0.178050
0.188037
0.279649
-0.253146
0.080193
-0.192138
0.313983
0.332242
0.190131
-0.191409
0.101791
-0.158174
0.263310
0.401185
-0.188859
0.064802
-0.111235
-0.184028
0.512695
0.179467
0.061854
-0.094377
-0.071068
0.086217
-0.017278
0.026140
-0.081449
-0.366865
0.179070
0.022110
0.107526
0.113574
-0.274432
-0.019757
0.060721
-0.205422
0.149846
-0.007822
0.175824
-0.061873
0.133223
0.062628
-0.024169
0.077356
0.120056
-0.264156
0.206229
0.100463
0.141652
-0.075407
0.321024
-0.112186
0.165673
-0.087475
0.073872
-0.140614
0.183097
0.187746
0.072395
0.115083
-0.022465
0.200528
-0.074878
-0.458792
-0.082507
-0.352468
0.105640
0.136677
-0.160466
0.109711
0.130554
0.289931
0.260549
-0.112365
0.119580
-0.060812
0.296255
0.255910
-0.000669
0.056819
-0.042126
0.048310
-0.101493
0.215511
-0.155106
0.362451
0.201154
0.184796
-0.172404
-0.167706
-0.145691
0.088104
0.135743
-0.239339
-0.016243
-0.115240
0.109461
-0.332643
-0.151545
-0.176755
0.332693
0.090748
-0.026663
0.002120
-0.022025
-0.238036
0.016592
-0.087620
0.069972
0.373707
-0.142433
-0.273368
-0.212001
-0.219216
-0.044643
-0.408305
-0.298113
-0.477779
-0.184961
-0.215534
0.263447
-0.035216
-0.176550
-0.001811
0.088509
-0.159161
0.044983
0.110781
0.291307
0.059543
0.087932
0.280288
-0.308704
0.013157
0.349385
0.014948
-0.336283
0.363091
0.050390
-0.033123
-0.180736
0.485655
0.215263
-0.072153
-0.079697
0.165313
-0.199053
-0.090368
0.011764
-0.300402
0.124059
0.268680
-0.031098
-0.069309
0.171308
-0.071426
0.207227
0.097977
0.203638
-0.139325
0.272808
0.152776
0.066986
-0.054493
0.533725
0.245711
0.003258
0.061669
-0.423466
-0.004835
0.133543
-0.159320
-0.238941
0.072455
0.249155
0.227872
-0.008042
0.153707
-0.132591
0.175210
0.007587
0.058462
0.149927
0.228623
0.100620
0.088268
-0.244825
-0.277222
-0.161629
-0.312628
0.345229
-0.052990
-0.137024
-0.004023
0.003308
-0.071975
-0.216889
-0.191259
0.051637
-0.001707
-0.008118
-0.078077
0.279045
0.492205
-0.247603
-0.223594
0.300165
-0.062575
0.277790
0.183674
-0.096485
-0.197575
-0.057932
0.067189
0.005984
-0.150637
-0.097666
-0.115200
-0.260712
-0.206591
0.502491
-0.022938
0.066311
0.329397
-0.294983
-0.061862
0.191710
0.225474
0.019400
0.008358
-0.158710
-0.282308
-0.025969
0.331274
0.107390
-0.283774
0.010022
-0.222184
0.167752
-0.027680
0.186616
0.162210
-0.197303
-0.076766
0.151470
-0.322540
0.012085
0.219233
-0.251405
0.285344
0.010826
-0.087953
0.123889
-0.083817
0.022174
-0.197004
-0.053051
-0.027461
0.058307
-0.039921
-0.242202
-0.270610
0.029537
0.220169
0.239898
0.348142
-0.063341
0.066531
-0.227807
0.303973
-0.038400
-0.333489
0.418935
-0.495781
-0.045112
0.072577
0.205522
0.055334
-0.170533
-0.080057
0.083184
-0.386294
0.027857
-0.102373
0.018593
-0.122992
-0.158767
-0.181816
0.122537
0.196946
-0.221641
0.039404
0.211500
-0.157888
-0.105526
0.025653
-0.188063
-0.166452
-0.090589
0.169237
-0.057259
-0.274504
-0.335628
-0.001286
0.166038
0.102229
0.048411
-0.118240
0.133481
0.071828
0.198481
-0.005750
0.022458
-0.269913
-0.321067
0.137146
-0.091201
0.211175
-0.155208
-0.170022
-0.175108
-0.127335
-0.298270
0.101648
-0.063248
0.081476
0.106818
-0.291102
0.376212
-0.132795
0.281996
0.591468
0.012750
0.009938
0.072462
0.032369
-0.123059
-0.058984
-0.343527
0.122420
0.102080
0.198408
-0.055291
0.033924
-0.082724
0.174940
0.126286
0.229293
-0.111596
-0.094917
-0.126218
-0.109875
-0.009241
-0.152985
-0.011380
-0.167360
0.053253
0.240643
-0.011896
0.144422
0.181150
-0.108711
0.044333
0.089210
0.220643
0.057577
0.264298
-0.037013
-0.065650
0.147088
0.210618
0.527283
0.145929
0.394073
-0.019296
0.026342
0.038547
-0.276643
0.329854
0.152940
-0.079561
0.117040
-0.157333
0.124169
0.232523
-0.170991
-0.012969
0.036587
-0.188028
-0.288103
-0.027831
0.004081
0.028232
0.013427
0.371954
0.069448
-0.073414
0.198290
-0.159996
0.348233
-0.134891
0.232480
0.306814
0.184603
0.213254
0.029721
0.280596
0.124253
0.049512
-0.062516
-0.088215
-0.111542
-0.317577
-0.059967
-0.281117
0.180833
-0.012419
0.216410
0.026574
-0.292504
0.022487
-0.042986
0.137847
-0.322830
-0.004269
-0.125458
0.026468
0.169796
-0.004939
0.039293
0.022882
0.080975
0.011949
0.179429
-0.571312
0.064912
-0.155514
-0.116055
-0.094482
-0.328463
0.191468
0.036262
-0.130519
0.129784
-0.140151
0.077344
-0.165410
0.262708
-0.298514
-0.028094
-0.084765
0.305705
-0.322063
-0.288093
-0.292343
0.156333
-0.219903
0.482900
0.127970
-0.203793
-0.182315
0.002949
0.027007
-0.105790
0.044799
-0.006305
0.175374
0.164542
-0.229698
0.055110
-0.053098
0.332365
-0.249877
0.011722
-0.185024
-0.119365
0.254097
0.183761
0.147192
-0.053438
0.235746
0.106192
0.042163
0.202361
-0.073081
-0.313439
-0.312158
-0.519793
0.006032
-0.089333
-0.474494
-0.105892
-0.231963
0.007952
-0.093339
-0.254391
-0.363485
0.318100
-0.016773
-0.098436
0.219047
-0.073947
-0.243408
-0.080763
-0.308428
0.094299
-0.241048
0.199101
-0.088968
0.035202
0.186763
0.272683
-0.021132
-0.404037
-0.184426
-0.148411
0.225443
0.202807
-0.095580
0.216443
-0.108954
-0.070755
-0.325135
-0.007385
0.329879
0.136570
-0.254310
-0.002210
-0.027674
0.178280
-0.263622
0.290303
-0.173856
0.075641
-0.168555
0.287826
0.461472
-0.286605
-0.034408
0.107096
-0.095180
-0.202637
0.067243
-0.087223
-0.227065
-0.222760
0.072971
0.201877
0.183210
0.092496
0.166904
-0.233028
-0.070268
-0.376048
0.019085
-0.223038
-0.115091
0.193402
0.026073
0.082775
0.073371
-0.153062
0.048790
0.094276
-0.083118
0.220898
0.193172
-0.315279
0.165499
-0.060352
-0.095081
-0.175913
0.114135
-0.028345
0.197134
0.023220
-0.022610
0.128188
0.109869
-0.153632
0.249428
0.215389
0.082144
0.068774
0.222004
0.013254
-0.033951
-0.102388
-0.190329
0.317799
-0.213772
-0.034909
0.198541
0.151059
0.054300
0.148676
-0.178155
0.066947
0.135322
-0.039125
-0.330287
-0.094633
0.377087
-0.002971
0.026160
-0.140891
-0.306558
-0.189380
0.285050
0.135851
0.102205
0.044423
-0.001514
-0.045508
0.173191
0.100422
-0.020956
0.093455
0.085927
-0.105323
0.327131
0.081478
0.128796
-0.009506
0.016211
-0.111982
0.073554
0.060017
0.058085
-0.049358
-0.126670
0.020071
0.143202
0.358037
-0.253588
-0.130373
-0.052849
-0.191987
0.192554
-0.079548
-0.175028
0.165384
-0.022844
0.308956
0.156840
0.089242
-0.090816
-0.077624
0.205312
-0.022149
0.170700
-0.028728
0.265108
0.180429
0.015629
0.162273
0.168337
-0.080461
0.040758
-0.178168
0.136872
0.311132
0.026525
-0.223899
0.125818
-0.084380
-0.113537
-0.200449
-0.360246
-0.136694
-0.079252
-0.235492
-0.114262
0.039372
-0.004061
0.026193
0.207581
-0.210402
0.063607
-0.167306
0.157567
0.248554
0.089464
0.293204
0.063005
0.021378
-0.052402
-0.148034
-0.210880
-0.153345
0.067697
0.244926
-0.184231
-0.462854
0.278434
0.052075
-0.342571
0.121618
-0.232314
-0.028896
-0.012391
0.174137
0.103342
-0.072875
0.225044
-0.134476
-0.054311
0.138288
0.068822
-0.145232
-0.166076
-0.075111
0.182718
-0.157268
0.120982
0.401472
-0.145178
-0.245363
0.056339
-0.117949
-0.171598
0.165145
0.092117
-0.080996
0.075223
0.062924
-0.107035
-0.047811
0.035452
-0.183804
-0.253308
-0.217997
0.047762
-0.201259
0.284526
0.049497
0.149696
-0.104294
-0.456167
0.351188
0.169549
-0.056506
0.156026
0.144052
0.021651
0.067391
0.088863
-0.021851
0.168676
0.286959
-0.013171
0.244719
-0.385437
-0.033768
-0.002038
-0.156358
0.048712
0.243943
0.374661
0.305746
-0.015337
-0.055551
0.030055
-0.068802
-0.236040
-0.166402
0.413499
-0.098741
-0.139851
0.087691
-0.155529
-0.388369
0.199105
0.089172
0.207692
-0.205663
0.182655
0.115803
-0.123809
-0.030857
0.148760
-0.068551
0.004763
-0.104101
-0.067470
0.514856
-0.137918
0.178875
-0.078942
-0.078073
0.084565
0.075986
0.073365
0.255344
0.212500
-0.144379
-0.023817
-0.451844
-0.067589
0.208720
0.081684
0.017233
-0.005331
0.101914
-0.262014
-0.128083
0.117208
-0.177565
0.078573
0.096350
-0.079389
-0.032933
-0.265127
0.082795
0.069000
0.015527
0.165793
0.133801
0.091195
0.017372
-0.107902
0.366840
-0.253628
0.112915
0.139679
-0.138604
-0.108543
0.062384
-0.128711
0.039620
0.127072
0.064864
-0.006917
-0.486778
0.191710
-0.110558
-0.291798
-0.043696
-0.156188
-0.312128
-0.050937
0.205055
0.128113
0.111193
0.185173
0.315765
0.405114
-0.201775
0.089671
-0.046896
-0.163347
0.004093
0.194222
-0.186646
0.024440
0.099899
-0.181787
0.296142
-0.220242
0.375657
-0.050629
0.303484
-0.203351
0.236698
-0.134707
-0.005921
0.104458
-0.047925
-0.198710
0.046724
-0.232794
-0.147408
0.162984
-0.079856
-0.189511
0.129247
-0.167733
-0.035993
0.084843
-0.184459
-0.060132
-0.226074
-0.136448
-0.056718
0.066020
0.144548
-0.090736
0.257533
-0.000760
0.027021
-0.006114
0.149295
0.189848
0.259226
0.220741
0.343680
-0.121990
-0.312112
0.012798
0.196509
-0.083267
0.258861
-0.093874
-0.194928
0.028343
0.089112
0.053498
-0.127154
-0.173086
0.034388
0.046977
0.061313
0.092383
0.343685
0.206668
0.257028
-0.465820
0.160694
-0.190548
-0.230493
-0.152591
-0.052862
-0.140184
-0.141050
0.164887
-0.078592
-0.142580
0.138004
0.009309
0.101250
-0.126155
0.362850
0.041620
-0.187334
-0.051716
0.292087
0.106680
0.017238
-0.150047
-0.239579
0.248983
0.011172
-0.367694
0.036375
-0.098810
-0.288989
0.099414
0.167706
0.193932
-0.134292
-0.055471
0.424366
0.188086
-0.330374
0.207836
0.127929
-0.035419
0.135983
0.154541
-0.171837
-0.079948
-0.005873
0.237818
0.191125
-0.089601
0.157283
-0.203549
-0.164506
-0.206288
0.055428
0.245267
0.261917
0.058262
-0.042202
0.117402
-0.160023
-0.140599
-0.053985
0.241791
0.006517
-0.035351
-0.012627
-0.164614
0.037345
0.111501
0.107898
-0.356965
0.235021
0.142852
0.087703
0.099057
0.202774
-0.119140
-0.153721
-0.134349
0.034828
-0.107074
-0.212236
-0.018153
0.184580
-0.274916
-0.260003
0.050759
0.234892
-0.128838
-0.284992
-0.128838
-0.216580
-0.009208
0.105557
0.077172
-0.433284
0.477049
0.056925
-0.384977
-0.358277
0.444790
-0.104156
-0.101303
0.044721
-0.229575
-0.103873
0.185443
0.364454
0.001035
0.105029
-0.153735
0.118539
0.027986
-0.111872
0.014863
-0.054203
0.241297
-0.044923
0.294012
0.008179
0.087310
0.172353
0.199028
-0.051158
0.141117
-0.028031
-0.257307
0.211683
-0.183980
-0.165976
0.053864
0.253734
-0.438908
0.271530
-0.104075
-0.418742
0.278030
-0.343407
0.251636
-0.028142
0.025988
-0.035062
-0.205679
-0.363988
-0.442061
0.093441
0.002213
-0.216617
0.033710
0.146339
0.075552
0.003560
-0.361282
0.024571
-0.267057
0.256577
-0.090410
-0.320578
-0.102850
-0.400560
0.143342
0.126188
0.123981
-0.182513
0.066240
0.212561
0.249453
-0.052536
-0.077306
-0.159666
-0.262869
0.160242
-0.008135
0.211309
-0.061043
0.023218
0.321877
0.018525
0.129074
0.193489
0.144142
-0.040340
-0.172265
-0.388702
0.001038
0.068748
-0.100888
0.106315
0.220413
-0.020082
-0.070394
-0.022235
-0.286343
-0.259828
0.407970
-0.003341
0.314794
0.254125
-0.040888
0.092374
0.007481
0.091372
-0.050898
0.080463
0.112898
-0.015614
0.153365
-0.113891
-0.172498
-0.202940
-0.075799
0.139250
0.004868
-0.093135
0.182061
0.105213
0.041806
0.017917
0.252846
0.405519
0.156265
-0.031214
-0.082925
0.010461
0.089148
0.155688
-0.006543
0.131356
0.027807
-0.027296
0.020476
-0.449255
0.236265
0.026013
-0.053278
0.104415
-0.003295
0.035649
-0.367536
0.070779
-0.095760
-0.123090
0.159497
-0.047580
0.065156
-0.082370
-0.193698
0.139285
-0.143938
0.014098
0.031613
0.241012
0.036716
0.225968
0.436284
0.346584
-0.422110
0.121002
-0.591419
-0.151453
-0.314202
-0.202056
-0.144676
-0.178804
-0.418099
-0.081378
0.114294
-0.216099
0.434055
-0.007243
-0.396028
0.288523
-0.158654
0.072707
0.092375
-0.147768
0.100452
-0.232309
0.031098
0.080087
-0.025196
-0.111122
0.124673
0.221485
0.461691
0.104497
0.235908
0.028448
0.173982
0.104102
0.323835
0.316212
0.116466
-0.146853
-0.338070
-0.018913
0.073162
-0.352115
0.060382
-0.304741
-0.050860
-0.183396
0.237374
0.263119
-0.113473
-0.057857
0.064835
-0.125924
-0.089651
0.029871
-0.172861
-0.209522
0.522871
0.061283
-0.276141
-0.180763
0.227290
-0.203972
0.194755
0.053786
-0.086353
0.243678
0.252040
0.147456
-0.142689
-0.313171
0.037628
-0.129793
0.126910
-0.288494
-0.314686
0.050130
-0.060204
-0.123229
-0.040645
-0.427405
0.045728
0.113590
0.394914
-0.265317
-0.233658
0.280909
0.126154
0.066299
0.288269
0.114861
-0.120404
0.255837
-0.044092
-0.072784
-0.303855
-0.033734
-0.050948
-0.035957
0.264711
0.047634
-0.090091
0.114919
0.169774
0.237052
0.013762
0.025196
0.140804
-0.062558
0.070795
0.075796
-0.039453
-0.427373
-0.223978
0.149135
0.195673
-0.089204
0.127783
0.258205
0.200454
-0.227265
0.012594
0.084097
-0.057901
-0.521749
0.015353
-0.139301
0.075440
-0.093841
0.431169
0.131253
0.074580
-0.162841
-0.067932
-0.157076
0.148912
-0.348594
-0.232555
0.277199
0.245662
-0.082996
0.211920
0.017978
0.073631
0.005601
0.206854
0.177492
0.336371
0.242014
-0.193560
0.167302
-0.326799
-0.426530
-0.183287
-0.094889
0.060600
0.031949
0.065046
0.027909
0.002714
-0.180377
-0.106368
-0.445843
-0.013576
0.272173
-0.167086
-0.142465
-0.004335
-0.302311
-0.245896
0.018541
0.332963
0.161226
0.121999
0.109801
-0.028446
0.010523
-0.143458
-0.110240
-0.057671
0.260075
-0.157351
-0.198103
0.279400
0.134962
0.182862
-0.117897
0.059317
0.008699
-0.308896
0.371519
-0.192985
-0.121542
0.194084
-0.162827
-0.017060
0.013105
0.078931
0.250930
-0.237453
0.300371
-0.176326
0.135676
-0.191580
-0.020773
0.042773
0.164608
-0.018560
0.159577
0.007692
0.007007
-0.011065
0.290911
-0.159806
0.131773
0.071245
0.144236
0.275733
-0.050199
0.334487
0.095864
0.130358
0.085284
-0.357111
0.302464
-0.003622
-0.000492
0.122654
0.281347
0.177052
-0.274859
-0.000030
0.064728
-0.065105
-0.508272
0.140788
-0.043325
-0.078984
-0.099757
0.012216
-0.047283
-0.213952
0.077617
-0.360278
0.058416
-0.235005
-0.023463
-0.274573
0.238636
0.061809
0.107176
-0.079115
0.103889
0.125916
0.201912
-0.102930
0.055934
-0.038259
0.298893
0.091650
0.358444
-0.016147
-0.129447
-0.024073
-0.212197
0.371788
-0.109796
-0.002352
-0.029401
0.033816
-0.026494
0.366750
0.116869
0.049487
0.081193
0.151147
0.320526
0.033543
0.052657
0.245815
0.266656
0.060577
-0.052111
-0.003877
-0.164752
-0.151064
0.004273
-0.150149
-0.079177
-0.113362
0.129028
0.330756
0.045200
0.168917
0.208069
0.364465
0.065296
-0.079875
-0.018173
-0.251941
-0.331348
-0.166558
0.036849
0.221780
0.282371
0.077781
-0.353661
-0.000820
-0.060021
0.307572
-0.022317
-0.260008
-0.411816
0.396931
-0.061050
-0.137609
0.166815
0.314585
0.062177
0.104416
-0.214190
0.120608
0.006195
-0.156292
-0.320783
-0.268367
0.112008
-0.202144
-0.179443
-0.022412
0.146974
-0.101921
-0.093540
0.129148
0.170393
0.465806
-0.035806
-0.137143
-0.009701
0.091621
0.093232
-0.312977
0.315620
-0.121301
0.291242
-0.133743
0.136455
-0.095106
-0.099355
0.415578
-0.038933
-0.029444
0.093454
-0.028656
0.177881
0.240789
-0.060173
0.395277
-0.104215
-0.081169
-0.277748
0.174387
0.012221
-0.027004
0.256996
0.119301
-0.054083
-0.093946
0.022525
0.098059
-0.229580
-0.197976
0.153609
0.009061
-0.108479
0.068327
0.096218
-0.011008
-0.073365
-0.317549
-0.428718
0.155262
-0.140496
-0.201747
0.113047
0.293185
-0.187436
0.224773
0.162408
-0.036403
0.001588
0.093023
-0.211540
-0.199179
0.004527
-0.227502
-0.187028
-0.331527
0.178271
-0.100221
-0.087958
-0.136702
0.059252
-0.145824
-0.122777
0.319024
0.226580
0.040128
-0.155189
-0.068168
-0.201199
-0.192676
0.344509
0.101099
-0.155648
-0.214755
0.009849
-0.055233
-0.109810
-0.257482
-0.251193
0.649920
0.295532
0.146187
0.219248
0.093477
-0.143654
-0.027979
-0.299907
0.091779
0.096778
0.208927
-0.020524
0.057168
-0.020020
0.498650
-0.004773
0.443408
0.014366
-0.104041
-0.408441
0.086480
-0.062665
-0.246968
-0.093674
-0.212647
0.042633
-0.030220
-0.631675
-0.477997
0.413841
0.160086
-0.156966
0.312830
0.140764
-0.004718
-0.024296
0.146111
0.098642
0.085458
0.212030
-0.150526
-0.233304
-0.165765
0.070740
-0.308500
0.056438
0.384967
0.160603
-0.137007
-0.121448
-0.184886
-0.117793
-0.086223
-0.256500
-0.351317
-0.029386
-0.262284
-0.110698
0.031686
0.153163
-0.082771
-0.117378
-0.454717
-0.137616
-0.187561
0.051392
0.252668
-0.284611
0.010490
0.179189
0.172565
-0.117603
-0.205969
-0.245566
0.458884
0.474223
0.102106
0.033723
0.246387
0.329879
0.144176
0.269238
-0.271510
-0.233887
0.042646
0.243169
0.080118
0.286592
-0.284551
-0.219389
0.271814
0.213723
0.081702
0.291250
0.147294
0.297830
-0.010900
0.195314
0.305872
0.067340
0.261367
-0.095821
0.298317
-0.088363
0.135019
-0.298604
-0.284147
-0.277299
-0.144000
-0.281485
0.118651
-0.011453
-0.111659
0.030741
0.031754
-0.281265
0.206711
-0.159467
-0.020942
-0.139721
0.408171
0.124868
0.080440
-0.023076
0.214288
0.049964
0.145952
-0.021476
-0.105848
0.040812
-0.159996
0.187296
0.084968
0.241834
-0.192722
0.219948
0.097013
-0.271784
-0.093955
0.035643
-0.011059
-0.000598
0.112761
-0.175036
-0.127072
0.368445
-0.187528
0.219001
0.358032
0.192775
0.008950
-0.131707
0.070900
0.186943
0.079797
-0.071959
-0.373497
0.043798
0.311046
0.225629
0.071661
0.045228
0.223982
-0.082987
-0.352262
0.217464
0.128078
-0.068118
0.067812
0.006168
0.011896
0.282947
0.364929
-0.100860
0.210986
0.260410
-0.353188
-0.130413
0.184111
-0.220841
0.124816
-0.147735
0.095851
-0.352331
0.026681
-0.318119
0.166395
-0.014733
-0.008432
-0.035985
0.100092
0.212946
-0.035584
0.062251
-0.110930
-0.030632
-0.349117
-0.255595
0.194472
0.279052
-0.162475
-0.162776
0.180113
0.135899
0.075032
0.181480
-0.240163
0.192145
0.279228
-0.361916
0.012368
0.114224
-0.091118
0.117067
0.395814
0.027113
0.010234
-0.247885
0.063222
0.248861
0.336150
0.218392
-0.141196
0.083183
0.130805
-0.094720
0.304583
-0.177767
-0.065346
-0.302405
-0.095440
-0.001390
-0.063366
0.268183
-0.197360
-0.023946
0.306164
0.295077
-0.156621
0.078888
0.014383
0.023363
-0.023531
-0.052702
0.108863
0.500734
0.209790
0.085017
0.151755
0.116780
-0.061374
0.305939
-0.030752
-0.128438
-0.164662
-0.057833
-0.164372
0.098866
0.040841
0.000330
-0.215832
0.223683
0.497940
-0.508914
0.293586
0.043876
-0.199855
-0.339654
0.041568
-0.213425
0.037333
-0.130625
-0.046863
-0.528162
-0.177762
-0.109463
0.164542
-0.034148
-0.147175
0.216760
0.236621
0.046381
-0.204162
0.134664
-0.201588
0.126683
-0.172771
-0.049258
0.106955
0.329254
0.201041
-0.133669
-0.048509
0.293022
0.045274
0.200243
-0.170556
0.197379
0.076440
-0.138381
0.076479
0.138915
-0.135467
0.116601
0.184718
-0.147079
-0.266943
-0.211940
-0.066703
-0.306005
-0.172650
0.039907
-0.231088
-0.305535
-0.090800
-0.001198
0.166520
-0.245689
-0.083124
0.102427
-0.070655
0.147078
-0.167679
0.274119
-0.140597
0.007023
0.100471
0.308489
0.271254
0.107337
-0.018033
-0.112929
-0.152204
-0.210657
-0.050692
-0.137408
-0.133093
-0.353740
0.026924
-0.263070
0.121264
-0.297171
0.242903
-0.032895
0.329533
-0.010220
-0.110414
0.099278
-0.007624
-0.297075
0.020881
-0.291556
-0.191708
0.128116
-0.075568
0.345750
0.016168
-0.254081
-0.024720
0.322210
0.099860
-0.430179
-0.096754
-0.002679
-0.003208
-0.064375
0.401193
0.132982
0.034643
-0.142139
0.280832
-0.176898
0.019003
0.161355
0.045575
-0.005875
-0.173713
-0.155686
-0.070799
-0.229350
-0.197050
-0.019656
-0.291396
0.046689
-0.111867
0.034721
0.164784
0.175512
0.120863
-0.325893
0.153886
0.274456
-0.057179
-0.205738
-0.081791
-0.264872
-0.355483
-0.140250
0.055415
0.130661
-0.240845
-0.231882
0.017412
-0.052804
0.229511
-0.023830
0.133902
-0.042760
0.449187
-0.261254
-0.192199
0.120756
-0.132020
-0.045593
-0.412023
-0.003518
-0.220290
-0.210111
-0.027365
-0.147674
0.017095
-0.046673
0.261728
-0.110688
-0.211662
-0.098714
0.121857
-0.250861
0.135646
-0.071364
-0.160304
0.166084
-0.227390
0.326702
-0.305440
-0.274511
-0.110177
-0.014959
0.033932
0.084051
-0.482844
0.207404
0.113830
0.216248
0.438726
-0.050167
-0.080177
0.109966
0.430591
0.531800
0.298316
-0.077625
-0.392519
-0.066295
0.229239
-0.372233
0.113570
-0.179188
-0.044972
-0.258541
-0.103880
0.148929
0.162052
-0.361025
0.323036
0.142261
-0.091273
-0.066401
0.183425
0.252153
0.058524
0.054472
0.338899
-0.253428
0.314608
-0.063186
-0.098201
-0.260234
0.093778
-0.263950
0.061529
-0.045838
0.287571
0.091708
0.260832
-0.067745
-0.103673
0.273710
0.262342
-0.125052
0.187994
-0.202040
-0.036690
-0.463873
0.122849
0.194045
0.104137
-0.066450
0.201704
0.199211
-0.096899
-0.073625
-0.014694
0.074752
-0.121994
0.304119
-0.015369
-0.014808
-0.223726
0.109847
-0.127695
0.281250
0.167672
-0.209290
0.056046
0.051098
0.482145
0.286433
0.126286
0.215129
0.199576
0.130474
-0.123986
0.031011
0.105172
0.012455
0.207600
0.215135
-0.241713
0.418750
0.394302
0.097376
-0.482755
0.193861
0.248002
-0.084554
-0.045949
-0.166236
-0.495971
0.129789
-0.128408
-0.130967
0.193924
-0.223604
0.004795
-0.080279
0.154491
-0.142346
-0.012673
0.185802
0.037610
0.568268
-0.444926
0.174465
0.073468
-0.017855
-0.062448
0.166997
-0.326276
0.010977
0.168239
0.075771
0.257024
-0.195846
0.196695
0.282690
0.412695
0.133121
0.085844
-0.175586
0.065411
-0.385401
-0.019245
0.168242
0.021567
-0.172366
0.295557
0.010244
0.331540
-0.038066
-0.077978
0.299118
0.074702
0.411471
0.151443
-0.113820
0.131595
-0.048320
-0.238199
-0.091786
0.195906
-0.162972
0.156125
-0.061459
-0.060704
-0.039585
-0.253881
0.005879
-0.061470
0.140250
-0.050099
0.067055
0.394797
-0.100471
-0.226621
0.162334
0.138182
-0.206244
-0.243095
0.176236
-0.067214
0.080925
-0.002463
0.018325
-0.435025
-0.019570
-0.265824
-0.075875
0.146505
-0.144289
0.325846
-0.300109
-0.048489
-0.003973
-0.125622
0.086676
-0.187517
0.102539
0.021965
-0.107738
0.220393
-0.150673
0.066815
0.093522
-0.131069
0.032006
-0.018721
-0.069496
-0.094988
0.077766
0.039801
0.089479
-0.067671
-0.060196
-0.318795
0.069401
-0.062616
-0.052674
0.412035
0.068400
-0.161053
-0.233464
-0.176706
-0.292329
0.198589
0.015184
-0.069988
-0.003250
-0.015929
-0.278169
0.263528
-0.063438
0.106417
-0.007685
0.125545
0.154617
0.218909
0.249655
0.253787
-0.119284
-0.210990
-0.179572
0.115667
-0.161063
-0.225304
0.253328
0.215903
-0.164455
-0.055156
-0.158975
-0.298697
-0.242348
0.258185
0.337388
-0.027543
-0.019812
0.290687
-0.072956
0.230953
0.219473
-0.019742
-0.123730
0.423014
0.153635
0.012081
0.041535
-0.165700
-0.037034
-0.193923
0.326187
0.262810
-0.147042
-0.092825
0.166167
-0.367384
-0.615812
0.286803
0.177434
-0.061566
0.068593
-0.225745
0.320576
0.022615
-0.001106
-0.080209
-0.156204
0.123434
0.275504
-0.045697
0.054859
0.159246
0.259533
0.096226
-0.180488
0.074244
-0.074629
0.366429
-0.271964
0.174681
-0.148882
0.105790
0.177934
-0.014627
0.360356
-0.195502
0.114748
-0.213148
0.128602
-0.082461
-0.161842
-0.092925
-0.415633
-0.020100
-0.138913
-0.122571
-0.119347
0.112388
-0.079782
0.110388
-0.027076
-0.024166
-0.023389
-0.101667
0.115842
0.265645
0.071736
0.341548
-0.049522
-0.186565
-0.215094
-0.079755
-0.163292
-0.103129
0.224970
-0.154742
-0.250822
-0.183999
0.340880
0.215091
0.085498
0.297512
-0.265246
-0.143164
-0.108467
0.445337
0.077550
-0.175150
0.146230
0.186050
0.066198
-0.259405
-0.323078
-0.041615
0.212390
0.301219
0.200034
-0.187750
0.307349
-0.211141
0.001479
-0.140957
-0.067292
-0.115074
-0.050913
-0.107127
0.563907
-0.233715
-0.153082
-0.272965
-0.032820
-0.171846
-0.030579
0.067617
-0.254919
0.213524
0.015073
-0.296654
-0.057126
-0.244811
0.132845
0.034877
0.340142
0.057244
0.366983
-0.040084
-0.169476
-0.072249
0.051915
-0.247198
0.082962
-0.076393
0.067618
0.084735
0.178410
0.103750
-0.103412
0.022375
-0.129584
0.145317
0.015497
0.000279
0.014984
-0.041392
-0.329870
-0.123372
0.035489
-0.209627
-0.180689
-0.059120
-0.051540
0.040474
0.043903
0.279390
0.284412
0.274198
0.045370
-0.135225
0.270217
0.207057
-0.446109
0.323463
0.051195
-0.276020
-0.021839
-0.302768
0.006322
0.276303
0.141638
0.105566
0.131713
0.005625
-0.085223
0.316540
0.206629
0.065087
0.013952
0.132638
0.330986
0.134240
0.207229
0.009621
-0.266764
-0.005457
-0.043732
-0.397687
-0.167404
0.162475
-0.170858
-0.012113
-0.528107
-0.209450
0.015963
0.449622
0.330561
0.127755
-0.338709
0.102255
-0.208299
0.120120
0.177754
-0.068286
0.047683
0.196550
-0.060039
-0.156546
0.128140
0.047592
-0.188041
0.006300
-0.565653
0.035788
0.153206
0.184633
-0.272421
0.008745
-0.418811
0.208999
-0.059470
0.375767
0.331421
0.101794
0.119712
0.151874
0.057494
0.108334
0.150296
-0.300808
-0.175111
-0.001088
-0.190375
0.299944
-0.233085
0.212067
0.176521
0.010350
-0.126750
0.402646
-0.204023
-0.114743
0.168652
0.372206
-0.187387
-0.203410
0.036634
0.181669
-0.159483
0.037190
-0.058467
-0.248724
-0.049229
-0.180344
-0.137202
-0.257795
0.132219
-0.112669
0.161207
-0.293657
-0.158131
-0.115068
-0.132375
-0.028019
0.092636
-0.297433
-0.014577
-0.191152
-0.114393
-0.020878
0.040858
-0.093491
-0.178241
0.272596
0.018310
-0.198132
0.050281
-0.114792
-0.249648
-0.126887
0.022479
0.221907
0.188576
0.117402
-0.154947
-0.248516
0.144263
0.024991
0.446014
-0.074434
-0.016016
0.015595
0.255873
-0.169902
0.158973
0.175460
0.048243
0.112307
-0.230497
0.279559
-0.170141
-0.055331
-0.113531
-0.095809
0.044853
-0.162731
-0.070729
-0.036860
-0.012324
-0.367954
-0.263860
-0.284691
-0.094428
-0.077457
-0.340594
0.069553
-0.100326
-0.083789
0.083950
0.026756
-0.056466
0.414378
-0.352376
0.047932
0.082677
-0.103206
-0.041034
0.026612
0.355715
0.019034
0.050409
-0.361471
-0.174022
-0.102069
-0.033807
0.295984
-0.026202
0.133794
-0.103388
-0.063099
0.196298
-0.067048
0.058310
-0.088676
0.022784
-0.140003
-0.051270
0.179076
0.071154
0.205477
0.167158
-0.127838
0.050346
0.206425
-0.019481
0.071483
-0.047277
-0.018485
0.374569
0.019328
-0.074092
0.069640
0.227586
0.094440
-0.089215
-0.064878
-0.182571
0.423060
-0.101069
-0.041742
0.402071
-0.112056
-0.174099
0.367330
0.020455
0.176574
0.014673
0.219247
0.358684
0.024370
0.352827
-0.103484
-0.085316
0.069492
-0.183665
0.008689
-0.229587
0.282332
0.010988
0.134226
-0.068503
-0.326490
0.245473
-0.038695
0.121302
-0.156576
0.312629
-0.061502
0.273295
-0.114428
0.172526
0.138014
0.202447
-0.082269
0.142573
0.268237
0.022356
-0.249845
0.347719
0.044798
0.240083
-0.064369
-0.323719
-0.022839
-0.139542
0.095298
0.443353
-0.469081
0.050430
-0.195302
0.189567
0.036239
-0.429285
-0.190150
-0.407049
-0.129887
0.220600
0.034025
0.103397
0.265997
0.059417
0.525769
-0.358976
-0.067446
-0.130195
0.086483
-0.034619
0.420842
0.312760
0.038242
0.075473
-0.550236
0.091924
-0.344010
0.044688
0.303958
-0.123773
-0.075696
-0.137809
-0.220825
-0.210487
-0.031851
-0.239306
0.137348
-0.151594
0.109978
-0.165729
-0.244383
-0.061856
-0.057113
0.067082
-0.215403
0.166203
0.172327
-0.171100
0.082760
-0.160159
-0.221234
-0.197509
-0.377012
-0.058302
0.071584
0.346289
0.019469
0.022407
-0.185125
-0.027354
-0.071113
0.348377
-0.018188
0.210434
0.157870
0.045124
0.074942
-0.011901
-0.091135
-0.364375
-0.224846
0.172913
-0.187622
0.043965
-0.306731
0.104642
-0.138184
-0.146132
-0.079952
-0.046945
-0.167482
-0.113182
0.374591
-0.248452
0.255471
0.089384
0.464402
0.405151
-0.308950
0.043618
-0.284004
0.004837
-0.394130
0.237013
0.071516
0.254178
0.364458
-0.015796
-0.247491
-0.249770
-0.155656
0.056775
-0.053453
0.243741
0.183447
-0.112642
0.043377
0.207109
-0.066187
0.032862
0.052536
-0.115712
0.000281
0.359666
-0.106170
-0.327568
-0.081046
-0.456212
-0.162693
0.122987
0.185557
-0.171023
0.037826
0.053072
-0.073917
0.200883
0.213393
-0.051422
-0.015881
0.084909
-0.267657
-0.226859
0.071533
0.153039
-0.161546
0.215375
-0.006183
0.395621
0.011752
0.051804
0.106616
0.086864
-0.109156
0.121159
-0.048644
0.246931
-0.439692
0.010469
-0.102377
0.134111
0.068366
0.208656
-0.010975
0.352681
0.103050
-0.209741
-0.096818
0.091877
0.164813
-0.234385
-0.553796
0.079035
0.118707
0.018836
0.305586
-0.278723
0.127027
-0.211435
0.334856
0.085570
0.281419
0.115425
0.028244
-0.057273
0.216493
0.030588
-0.059192
0.037263
-0.113180
0.091292
-0.096518
-0.227018
-0.058986
0.128399
0.302768
-0.233937
0.190983
0.223486
-0.301900
0.000410
0.304692
0.118075
-0.028728
0.118621
-0.013832
0.019973
0.207910
0.325128
-0.061758
-0.301832
-0.110067
-0.349037
0.054781
0.369869
0.046524
0.055758
0.048255
-0.152197
-0.208211
-0.189848
-0.216292
0.070891
-0.142982
0.071455
-0.061312
0.051211
0.204448
0.183646
-0.120109
-0.081027
0.107331
0.456107
-0.050858
-0.013550
-0.197993
0.225649
-0.159169
-0.048752
-0.179345
-0.252662
0.081721
0.384743
0.292641
0.068293
-0.319566
-0.006752
-0.117504
0.108306
-0.318668
-0.354417
-0.027595
0.349339
0.124251
0.037322
0.268279
-0.153698
-0.021883
0.002513
-0.076626
0.152044
0.364684
0.143969
-0.172376
0.113974
0.104018
-0.308340
0.106568
0.091708
-0.153778
0.070220
0.274735
-0.199774
0.074824
0.245662
-0.097889
0.071664
0.386038
0.125669
-0.082677
0.135253
-0.213583
0.195195
-0.092524
-0.306353
-0.185144
-0.175754
-0.326598
-0.043280
-0.321353
-0.022528
-0.088549
0.180162
-0.047431
-0.112334
0.162809
0.017168
-0.033133
0.157081
0.224867
-0.115695
-0.024100
0.105631
0.220289
0.118590
0.028780
0.062893
0.378869
-0.063042
0.013006
0.241955
0.034844
-0.170956
0.100536
0.055943
0.134740
0.023521
-0.427532
-0.130950
0.028481
-0.111258
0.069136
-0.010834
0.191692
-0.148455
0.083668
0.050919
0.018846
-0.166009
-0.051856
0.092069
0.345610
0.000194
0.001066
-0.153731
-0.283143
0.375850
-0.257425
-0.006669
-0.082069
0.170307
-0.276499
-0.006788
-0.192445
-0.426275
-0.175349
-0.055979
0.174721
-0.226298
-0.143317
-0.126433
-0.230425
-0.224089
-0.117930
-0.086914
0.108779
-0.208094
0.095953
-0.292743
0.119932
0.221839
0.040066
-0.071032
0.028323
-0.391717
0.156467
0.002534
-0.039734
-0.418958
0.138825
-0.149629
0.029930
0.119292
0.017444
-0.323971
0.113388
-0.001301
0.006497
0.296334
-0.030905
-0.467315
0.176600
-0.124050
-0.288695
0.499398
-0.073303
0.018254
-0.092845
0.290700
-0.072928
0.109625
0.141648
0.281811
-0.251752
-0.143845
0.262942
-0.226528
-0.180815
0.363323
-0.015819
-0.472484
-0.188144
-0.140846
-0.134435
-0.278651
0.043943
-0.131383
0.228172
0.370939
0.260411
-0.274422
0.128860
-0.060504
0.054877
0.261650
0.406156
-0.430386
-0.225271
-0.246837
0.291940
0.350422
0.140184
0.161018
0.267448
0.088395
0.079677
-0.104419
-0.001157
0.017987
0.094335
0.156809
-0.289352
0.180179
-0.237456
-0.125322
0.043750
-0.021840
0.066282
-0.062261
0.324789
-0.269298
-0.355353
0.026870
-0.132863
0.093645
-0.313171
-0.122911
0.002892
0.020671
-0.069922
-0.164535
0.158537
-0.376424
0.011111
0.049765
-0.147401
-0.165879
0.080702
0.078971
-0.129844
-0.178769
-0.124045
-0.049949
-0.245531
0.195648
-0.186994
0.063182
0.379768
-0.134287
-0.014283
-0.052005
0.055754
-0.086888
0.122213
0.002243
-0.102328
0.334815
0.170967
-0.172822
-0.162921
0.068443
-0.342942
0.083184
0.185915
-0.011666
0.132212
-0.032233
0.201054
0.416340
-0.151465
-0.103978
0.409040
0.074533
-0.278648
0.103817
0.135445
0.098472
0.433633
-0.156094
-0.108587
0.017296
0.190135
-0.198937
-0.505593
-0.111252
0.130926
0.028062
-0.087075
0.203164
0.226115
-0.487981
-0.134041
-0.187468
0.140209
0.185426
-0.275288
-0.088989
0.088645
0.207709
0.404217
-0.047391
-0.204110
0.016536
-0.178055
0.187345
0.103896
0.047365
-0.014667
-0.070076
0.127472
0.145262
-0.348344
-0.157369
0.353683
0.091917
-0.237303
-0.150858
-0.018937
-0.202791
0.170175
-0.114183
0.252955
-0.086673
-0.125443
0.261041
-0.255845
-0.165117
0.253252
0.010510
0.124005
0.030966
-0.464977
0.109028
-0.367932
0.027715
-0.056739
0.006840
-0.506730
0.157211
-0.269590
0.131145
0.183835
0.208645
-0.094003
-0.087948
0.148319
-0.210710
-0.097402
-0.404094
-0.181849
0.021583
0.168127
-0.138414
0.226888
0.032944
0.051918
-0.099943
-0.057426
-0.031730
0.007833
-0.282066
-0.086153
0.128629
-0.294610
-0.230964
0.000566
0.231891
0.139967
-0.062838
-0.104877
0.123430
-0.151985
0.141270
0.208815
0.095632
-0.261902
0.204942
-0.102982
0.161439
0.000468
-0.363722
0.035317
-0.003510
0.048275
-0.152689
-0.305234
-0.046429
-0.126584
-0.328921
0.002700
-0.212480
0.130261
0.151788
-0.097160
-0.070067
0.144230
-0.170800
0.027204
-0.213765
0.101638
-0.210028
0.103054
-0.218811
-0.159017
0.152796
-0.004899
-0.043412
-0.021150
-0.410354
-0.286940
-0.201019
-0.150708
0.092833
0.072907
-0.357367
0.106934
0.089384
-0.018387
0.173136
0.062860
-0.064684
-0.172025
0.241027
-0.394975
0.019760
0.146109
0.192314
0.010177
-0.268865
0.255392
-0.093747
-0.042911
-0.216138
0.058856
0.100246
0.508038
-0.079177
0.035062
-0.096895
-0.018829
-0.394664
-0.120931
-0.246532
-0.057655
0.410492
-0.159143
-0.234959
0.109218
-0.026939
0.069826
-0.138600
-0.226256
-0.281184
-0.204246
0.049770
-0.391474
-0.191670
-0.091643
-0.131182
-0.177027
0.122298
-0.010882
-0.056407
-0.178546
-0.096563
0.355729
0.252422
-0.158441
-0.177652
-0.191569
0.071627
-0.145741
0.367411
0.204181
0.214960
-0.081655
-0.016951
0.351998
-0.245317
-0.184125
-0.310588
0.015732
0.034902
-0.262027
0.097284
0.155829
0.066463
-0.079043
0.379317
-0.187376
-0.386490
-0.006270
0.175571
0.060393
0.080975
0.067440
-0.203487
-0.049019
0.013142
-0.375482
-0.253416
0.238861
0.365260
-0.451464
-0.217597
-0.164905
-0.003231
-0.191760
-0.107313
-0.001953
-0.196101
0.120558
0.281687
-0.226988
0.143036
-0.358616
0.181519
0.012706
0.071615
-0.240853
0.266999
0.163894
-0.075370
0.110557
-0.164380
-0.201013
-0.271210
-0.047733
-0.087189
0.205665
0.020444
-0.161418
-0.266963
0.006275
0.084827
0.177643
-0.271721
-0.109925
-0.039985
-0.070994
-0.527656
0.046256
0.219211
-0.034890
0.121699
-0.090230
-0.235634
-0.607937
-0.103148
-0.286436
-0.077610
0.166134
-0.034795
-0.229636
0.128446
0.002869
0.502046
-0.097124
-0.030123
0.164571
-0.364439
-0.107239
0.044021
0.015951
-0.146443
0.019392
0.342807
-0.324706
-0.365306
0.016590
0.003896
-0.055038
-0.092901
0.019287
0.079894
-0.036961
0.021496
0.091013
0.212315
-0.439552
-0.215805
-0.113731
-0.219339
0.283669
0.009348
0.118150
0.071962
-0.200167
0.103216
0.057165
0.271781
-0.084111
0.229486
0.111834
-0.373607
-0.128359
0.235225
-0.361605
0.278798
-0.233725
-0.149982
0.197426
0.375749
-0.201989
0.071246
-0.098569
0.173763
-0.273947
0.263409
-0.112616
-0.299709
-0.090491
0.210529
-0.298988
0.237036
0.284565
0.151870
-0.150022
-0.102565
0.191129
0.023343
-0.015331
0.182891
0.017060
-0.146288
0.125269
-0.294197
-0.162211
0.082612
-0.229659
0.079577
-0.151761
0.218069
0.313989
0.167509
0.122561
-0.156023
-0.152045
-0.006862
-0.229110
0.093112
0.081286
0.334123
-0.271818
0.373592
-0.079477
-0.071903
-0.137052
-0.073421
-0.252689
-0.239021
-0.146132
-0.237479
0.072296
-0.089615
-0.008048
0.129257
0.161799
-0.283564
0.019001
0.261486
-0.242217
0.010633
-0.075103
-0.292124
0.096216
-0.025212
0.416359
-0.051651
-0.136502
-0.107882
-0.128096
-0.082662
-0.290711
0.298822
0.278126
-0.028001
-0.154641
0.077824
0.160422
0.117738
0.074667
0.034070
0.008449
0.088868
0.120050
0.280062
-0.344980
-0.307558
0.052852
-0.031580
-0.133919
0.454733
0.124335
0.351844
-0.026933
-0.200877
-0.318075
-0.213808
-0.347346
-0.120020
-0.017098
-0.064540
-0.007689
0.185694
-0.148682
-0.334466
-0.094176
0.156964
-0.191266
0.077414
0.074136
0.050189
-0.049822
0.299415
-0.120900
0.330485
0.010550
0.128070
0.161128
0.190158
0.215136
0.037919
-0.211134
-0.132001
0.184306
0.401790
0.003534
-0.163412
0.050715
0.132210
-0.245140
-0.419362
0.522937
0.027335
0.020679
-0.049939
0.042974
-0.134419
-0.037341
-0.300825
-0.076451
0.231134
-0.012051
-0.183722
0.086058
0.165609
0.232037
0.017341
0.181752
0.031422
-0.130421
0.300882
0.044592
-0.059998
0.188272
-0.110595
-0.180338
-0.342452
-0.225056
-0.060310
0.495361
0.197163
0.164505
0.019444
0.082400
-0.017179
-0.270455
-0.064262
-0.128736
0.116628
0.038219
0.000813
-0.231718
-0.117415
-0.259927
0.471991
0.114842
0.032011
-0.199112
-0.276218
-0.200911
0.055471
-0.127024
-0.052130
-0.132047
-0.196348
-0.031279
-0.049631
-0.053909
0.035673
0.116093
0.087675
-0.084882
0.139082
-0.122355
0.117551
0.092166
0.000017
-0.080558
-0.066528
-0.019657
-0.094068
0.128182
0.306027
0.337068
-0.200734
-0.143065
-0.138007
0.219830
0.067041
0.051779
-0.214823
0.307060
-0.013955
-0.165375
-0.103357
0.139917
-0.336378
0.074377
0.378627
0.161644
0.386779
-0.216889
0.109784
-0.304968
0.184453
-0.323700
-0.124643
0.033070
-0.193163
-0.087057
-0.056754
-0.277429
0.328081
-0.010999
0.075787
-0.414869
-0.025704
-0.000278
-0.274431
-0.487625
0.014732
0.269073
-0.216903
0.221510
0.556095
0.086309
-0.080381
0.024971
0.049150
-0.055778
-0.048513
-0.024859
-0.048330
-0.522135
0.210096
-0.139220
0.151466
-0.133205
0.143010
-0.272403
0.206781
0.333889
-0.007103
0.192700
-0.027791
-0.265060
-0.353022
0.032700
-0.168792
0.181090
-0.151027
-0.023169
-0.213396
0.425406
-0.026587
-0.207740
0.443054
0.022635
-0.242879
-0.028911
0.047189
0.061996
-0.060190
-0.468044
-0.059269
0.020075
0.343605
0.010591
-0.214258
0.033994
0.079530
-0.348326
0.174299
-0.439150
-0.188737
0.231490
0.176315
0.058443
0.012705
-0.037790
-0.055816
0.026401
-0.184427
-0.173123
-0.245643
0.178474
-0.042157
-0.134046
0.178075
-0.053686
0.022370
0.147963
0.420426
-0.093417
0.237251
0.389798
-0.221140
-0.266750
-0.152710
-0.012616
-0.484208
0.027101
-0.075809
0.090530
0.187271
0.279744
0.011587
0.094056
-0.039655
-0.203578
-0.013496
0.193882
0.153125
0.165688
0.165619
-0.116388
0.024614
0.262902
-0.068115
0.402199
0.008653
0.106335
-0.177945
-0.031971
-0.221011
0.207572
-0.114915
-0.210690
-0.042562
-0.113985
0.011660
-0.114714
-0.284860
-0.085353
0.088967
0.293573
0.141920
0.269886
-0.209181
-0.366335
-0.080076
-0.310151
0.286008
-0.067037
0.082908
-0.244746
-0.007582
-0.050411
-0.058484
-0.044188
-0.014849
-0.256891
-0.523673
-0.029298
-0.175047
0.113439
0.232424
0.110230
-0.136771
-0.204057
0.257983
-0.290514
-0.013837
0.199568
0.176805
-0.042116
-0.015942
0.121702
0.425928
-0.243679
-0.103350
0.209054
0.112280
-0.133752
-0.130318
-0.030095
-0.059959
-0.261205
-0.146935
-0.197857
0.126828
-0.103335
-0.271732
-0.061984
-0.108835
0.139885
0.223800
-0.203612
-0.090139
0.314172
0.251713
0.309843
-0.016489
-0.268486
-0.374106
-0.099905
0.209613
0.058960
-0.060101
0.098821
0.000104
-0.139630
-0.129815
0.132589
-0.253257
0.127527
-0.358601
-0.447700
-0.325115
-0.340808
0.135120
0.161939
-0.059065
-0.063079
0.125963
0.292869
-0.125460
-0.097457
-0.134511
0.071630
-0.002531
0.160683
0.143564
0.314276
0.134378
0.139563
0.130177
-0.231717
-0.210063
-0.024293
0.020789
0.227950
-0.272165
0.196801
0.152685
0.134104
0.237411
0.081836
-0.100706
-0.356016
0.102872
0.115943
0.135489
-0.200053
-0.240962
0.066025
-0.144633
0.113526
-0.189218
0.180728
-0.126192
-0.324340
-0.207660
0.185643
0.295642
-0.050973
-0.078860
-0.334415
-0.070637
0.017258
-0.061084
-0.300987
0.076202
0.112375
-0.116521
0.383835
0.277569
0.162067
-0.080403
-0.047227
-0.075334
0.087067
0.222886
0.023283
0.223895
0.155781
-0.001842
0.232086
0.284330
-0.085361
0.063180
-0.153783
-0.254513
-0.121930
-0.301263
0.052307
0.217218
-0.172682
0.138375
0.009427
-0.385959
0.089740
-0.047732
-0.082261
-0.120362
-0.162951
0.038279
-0.257216
-0.002448
-0.124800
0.211883
0.231664
-0.133105
0.196471
0.230100
0.046169
0.186923
0.388713
0.003855
-0.074008
-0.072160
0.103645
-0.076205
-0.161242
-0.108032
-0.201214
-0.031750
0.021955
-0.039918
-0.172828
-0.228029
-0.020465
-0.074746
-0.077431
-0.296756
-0.154502
0.088065
-0.059043
0.334158
-0.113029
0.126510
-0.085448
0.109187
0.331571
-0.363736
-0.142619
0.343285
0.159592
-0.312356
-0.044661
-0.171665
0.175816
0.161547
0.011109
0.086810
0.252052
0.208833
0.153917
0.212174
-0.029288
0.065310
-0.164578
-0.225672
0.009596
-0.117348
-0.239459
-0.270741
-0.055079
-0.045251
0.065460
0.017811
0.145049
-0.181968
-0.177167
0.247866
-0.070381
0.175157
0.299635
0.354363
-0.109390
0.061170
-0.069745
-0.201200
0.092511
-0.162466
0.064132
-0.295639
0.099101
0.163833
0.166266
0.075888
-0.108413
0.331164
0.128173
-0.082411
0.192709
0.042436
0.071283
-0.121392
-0.046199
-0.094136
-0.104667
-0.212072
-0.021268
-0.076611
0.044490
0.338889
0.290425
0.113914
-0.204857
-0.142235
-0.145488
0.002694
0.149193
0.545045
0.109985
0.102684
-0.191604
0.007776
-0.197069
-0.070376
0.127322
0.034669
-0.124755
0.142131
-0.199754
0.150960
-0.001054
-0.152476
0.268894
0.027718
0.055689
0.013588
-0.174554
-0.111010
0.163954
0.307183
-0.089506
0.234093
-0.048220
0.141221
-0.073645
-0.090427
-0.370680
-0.229823
-0.031458
-0.132424
-0.000024
0.289441
-0.398526
-0.164723
0.088694
0.412940
0.210141
0.083417
-0.171230
0.234094
0.126347
-0.130829
0.066164
0.175643
0.158878
0.020601
0.022666
-0.085530
-0.182325
-0.032614
0.273582
0.474401
0.115094
-0.041269
0.160115
0.151807
0.060706
0.561932
0.298013
-0.303191
-0.521847
-0.072480
-0.162749
0.085306
-0.038518
0.167822
-0.094322
-0.002495
-0.033125
0.147283
0.115919
-0.173510
-0.400934
-0.225869
-0.099158
-0.147312
0.177344
-0.112989
-0.118205
-0.199773
-0.387156
0.284664
0.013836
0.282579
0.027350
0.190615
0.038410
-0.127009
-0.050009
-0.211470
-0.255368
0.127587
-0.061252
0.161454
-0.235397
-0.153288
-0.045444
0.116511
0.026558
-0.013361
-0.350731
-0.035394
-0.213008
0.225369
0.046491
-0.139522
-0.238742
0.202032
-0.277021
0.382061
0.218048
-0.164502
-0.341118
-0.234452
-0.408332
-0.003746
-0.367642
0.095219
0.020098
0.046143
0.107058
0.057864
-0.252753
-0.081957
-0.035429
0.042471
0.465533
-0.047073
-0.438150
0.333815
0.251117
-0.100618
0.011182
0.138897
0.065011
0.322356
0.370986
0.260263
-0.054066
-0.041059
-0.051945
-0.412824
0.236294
-0.010531
0.063594
-0.455103
-0.398499
0.009072
-0.325209
0.034036
-0.061445
0.371372
0.011489
0.015544
-0.067091
0.472006
-0.217729
-0.322308
0.358671
0.224792
0.265442
0.131749
0.133007
0.317827
0.056256
0.131013
-0.500111
0.362100
-0.113578
-0.330389
0.388962
-0.191680
-0.502960
-0.163648
0.122171
-0.099444
0.178295
-0.414411
-0.306040
0.119270
0.007085
0.280754
0.263072
-0.097339
0.000095
-0.122989
0.261694
0.031748
-0.043015
-0.201338
-0.224470
-0.008514
-0.346867
-0.086893
0.075498
0.056634
0.289444
0.239798
-0.150282
-0.026836
-0.085092
0.326636
-0.119652
-0.296094
0.028730
-0.227011
0.026697
-0.178726
0.220530
0.026630
0.256408
0.282478
0.042135
0.114113
-0.781678
-0.247026
0.319175
-0.220762
0.027806
-0.368917
-0.030262
0.035348
-0.047147
-0.431324
0.190613
-0.197834
-0.232625
0.242257
0.217480
0.284524
-0.105948
-0.380334
-0.128409
0.279563
0.418903
-0.195020
-0.059326
-0.252537
0.046313
-0.153783
-0.023161
-0.379985
-0.538837
-0.076812
-0.317083
0.009932
-0.130652
-0.030898
0.079481
-0.132663
-0.080779
-0.060169
0.011355
-0.061626
-0.074869
0.194968
0.159780
-0.238410
0.312521
0.077214
0.387523
0.321421
-0.128453
-0.257486
-0.252797
0.086263
0.433571
-0.048628
-0.070956
0.151256
0.063154
-0.369196
0.088836
0.625131
-0.013779
0.194492
-0.012682
-0.000978
-0.040813
0.067910
0.476663
0.156761
-0.094891
0.126774
0.051123
0.013446
-0.070727
-0.310414
0.130149
0.011854
0.128979
-0.106538
0.022401
-0.006809
0.106988
0.058432
0.171899
0.133375
0.218116
-0.212067
-0.089920
0.155727
-0.102322
0.136824
-0.116407
-0.149232
0.064309
0.302944
-0.335573
0.040850
0.144288
0.173439
0.042764
0.153685
0.304009
0.137677
-0.062339
0.000823
-0.135470
-0.079062
0.316837
-0.151091
-0.133361
-0.217195
0.067235
0.329611
-0.020998
0.151291
-0.032594
0.076930
-0.093223
0.037115
0.162009
-0.118785
0.267134
0.100578
-0.257324
0.045785
0.306218
-0.301889
0.172454
-0.121092
0.158513
-0.092025
0.197814
0.146814
-0.156363
-0.223292
0.004780
-0.026889
0.048314
-0.342916
0.115722
0.017521
0.182968
-0.095010
0.120337
0.033618
0.106177
-0.030581
0.098454
-0.155297
0.035648
-0.033383
0.203688
0.169322
0.521025
-0.072867
-0.079976
-0.137138
0.141477
-0.200467
0.198192
-0.155573
0.214816
0.044659
0.333942
0.197867
-0.047084
0.264384
-0.452553
-0.262455
-0.377923
-0.261513
0.061605
0.147589
0.063619
-0.157193
-0.129256
0.140790
0.033470
0.118663
0.078143
0.235348
-0.148084
-0.037765
0.021709
-0.171211
-0.157973
0.100917
0.159441
0.416565
-0.171096
-0.224884
0.103834
-0.169821
0.030302
0.392365
-0.035115
-0.162743
-0.285690
-0.028316
0.016493
0.078708
0.209612
-0.010722
-0.345788
-0.025913
0.517210
-0.522700
-0.023163
0.005156
-0.230885
0.286057
-0.066598
0.004710
-0.340465
-0.276070
0.056323
-0.082658
-0.036741
-0.016811
-0.040232
0.164439
-0.177341
-0.005299
-0.145219
0.324913
0.004288
0.215810
0.260617
0.172779
0.141166
0.176639
-0.016027
-0.010849
-0.280628
-0.141641
-0.041685
-0.082047
-0.163157
0.056608
0.130848
0.098654
0.002045
0.011715
-0.143148
0.178106
0.326636
0.053813
0.137786
-0.226590
0.105695
0.140059
0.050559
0.085016
0.216740
-0.328236
0.004830
0.077231
-0.082831
-0.092056
-0.066241
-0.268213
0.250365
-0.298909
-0.109924
0.250522
-0.173580
0.582495
-0.074724
0.271853
0.274766
-0.189187
-0.314367
-0.109714
-0.105576
-0.005325
0.173184
-0.007445
-0.176801
0.170912
0.237156
-0.125941
-0.120259
-0.134032
0.117184
0.063034
-0.165368
-0.198207
-0.338329
0.353103
0.206371
0.035718
-0.223754
-0.431545
-0.101492
0.186756
-0.045228
-0.028792
0.074986
0.018757
0.332220
-0.263659
0.125012
-0.088849
-0.291108
-0.319396
-0.155674
-0.071386
-0.332598
0.149744
-0.083697
0.191613
-0.000188
-0.047886
-0.070379
-0.011693
0.211612
-0.097932
-0.037121
-0.163136
-0.333000
0.266731
0.047163
0.363777
0.057975
0.106857
0.030821
0.105004
-0.021255
0.012182
0.281894
-0.200126
0.267320
-0.294157
-0.247024
0.050451
0.175535
-0.033309
-0.264488
-0.051781
-0.344833
-0.163295
-0.076206
-0.164354
-0.269195
-0.059889
-0.275481
0.108725
0.118196
0.117242
-0.057348
0.117598
-0.048597
0.110918
0.086839
-0.113096
-0.197099
-0.267258
0.230103
0.212663
-0.391027
-0.254891
0.226990
-0.046153
-0.125283
-0.329698
-0.085192
0.161568
-0.328683
-0.061761
-0.211890
-0.228857
0.124705
-0.214447
-0.215032
0.224926
0.063454
-0.191461
-0.132750
-0.055711
0.465421
-0.291376
-0.129933
0.162670
0.022055
-0.112406
-0.149568
0.159000
-0.039041
0.100870
0.174060
-0.113410
-0.072678
0.237975
0.260399
-0.463779
-0.199393
-0.067183
-0.260131
0.071606
0.131318
-0.102668
-0.073465
0.044299
-0.037938
-0.062101
-0.030312
0.181447
-0.203710
-0.062135
-0.033561
0.041549
0.005899
-0.142911
-0.092468
0.217662
0.392872
-0.185134
-0.048539
0.154226
0.030452
-0.064240
0.420445
-0.134652
0.025311
0.282714
-0.008087
0.222328
-0.094501
-0.379180
0.049727
0.096515
0.044038
0.056042
-0.128657
0.072183
-0.314889
0.218816
-0.233751
0.193730
0.111755
-0.131602
-0.064109
0.043152
-0.014500
0.015027
0.084387
-0.197181
0.023709
0.251157
0.149022
-0.028041
0.078289
0.065382
0.028160
0.111174
-0.112581
0.246028
0.016968
-0.038891
0.152304
-0.042461
0.297550
0.056946
-0.214397
0.080360
-0.233695
0.341126
-0.241989
0.076243
-0.076894
0.318748
0.010559
-0.103435
0.117332
-0.045873
-0.087748
0.264690
-0.062785
0.049329
0.133316
0.033705
0.054912
0.127675
-0.048828
0.035565
-0.116762
-0.108939
-0.097518
0.208572
-0.081544
-0.075707
0.388293
-0.018334
0.128580
0.063429
-0.159851
0.062466
0.296559
0.281152
0.258185
0.095355
-0.075031
-0.451558
-0.157318
-0.028965
0.145768
-0.037782
-0.273801
-0.052348
-0.037321
-0.318757
0.328957
0.204742
0.270781
-0.368761
0.192016
-0.421719
0.073326
0.266182
0.416060
-0.111356
-0.377257
0.101439
-0.216499
0.170113
-0.138647
-0.174105
-0.075739
-0.080106
-0.383468
0.345481
-0.044547
0.027429
-0.404412
-0.019867
-0.503443
-0.539580
0.134869
-0.051041
0.136253
0.249724
0.303256
0.391694
0.073591
-0.083321
0.127575
0.229787
-0.120211
-0.010356
0.256586
-0.045214
0.100450
0.347233
-0.209648
0.078300
0.128666
0.373814
-0.135850
0.356426
0.015352
0.046977
0.217068
0.114910
-0.131716
0.203345
-0.017403
-0.453443
0.297950
-0.148112
0.325148
0.077973
-0.138104
-0.162612
-0.013469
-0.483139
-0.036714
-0.360187
0.107535
0.008137
0.331616
-0.095305
0.046409
0.272714
-0.262473
-0.048145
0.391914
-0.064576
-0.283639
-0.044462
0.001530
-0.179766
0.083269
0.463992
0.167043
-0.116339
-0.002483
0.141656
-0.360038
-0.032606
-0.152362
0.067059
0.226898
-0.199448
-0.236240
0.163025
-0.001442
-0.247998
-0.145935
-0.155196
-0.094968
-0.042219
-0.128721
0.361143
-0.191730
-0.174251
-0.028932
-0.151507
0.149778
-0.279938
-0.072854
-0.146409
0.147517
-0.121745
-0.018896
0.045203
-0.082098
-0.002688
-0.070581
-0.001214
0.325001
0.059270
-0.072162
-0.099987
0.185486
-0.163257
-0.094001
-0.268694
0.005171
-0.187235
-0.174269
-0.187073
0.337078
-0.086704
0.147615
-0.125018
0.212651
-0.182925
-0.509870
0.204194
0.271293
0.038694
0.375516
-0.320085
0.345367
-0.251595
0.376305
-0.149158
-0.044090
0.331586
0.131270
0.096654
-0.091490
-0.058691
-0.096039
0.194906
-0.096528
-0.030627
-0.347587
0.288261
0.055593
-0.211213
-0.027359
-0.113480
0.308664
0.213399
0.078199
-0.366166
0.009664
-0.091020
0.056146
0.021042
0.073864
-0.239259
0.044368
0.185190
-0.080563
-0.419793
0.217431
0.239788
-0.090938
-0.189078
0.186158
0.028477
-0.048213
0.436810
-0.267439
-0.269595
-0.072951
-0.012512
-0.127518
-0.222841
0.169009
-0.123129
0.130761
0.039521
-0.053259
0.091993
-0.044203
0.222115
-0.262041
-0.014828
0.003310
-0.092142
0.039957
-0.140785
-0.328709
-0.249982
-0.088201
-0.191483
0.035621
-0.022962
0.056088
0.322072
0.124518
0.176728
-0.002147
0.061416
-0.000406
-0.039061
0.366442
0.475951
0.132042
-0.012092
0.302837
-0.066153
0.178264
-0.149025
0.034992
0.175457
0.035335
-0.090824
0.052705
-0.340739
-0.027828
0.137588
-0.142227
-0.392317
-0.090167
-0.064892
0.266173
0.294541
0.101020
0.082592
0.095250
-0.368327
0.120645
-0.053923
-0.189368
-0.278195
-0.319069
0.132528
-0.201247
-0.183946
-0.183673
0.177254
-0.182727
-0.191936
-0.085002
0.005035
0.183942
0.259984
0.109324
-0.076129
0.088883
-0.155195
-0.335933
0.348077
0.278347
0.136808
-0.100704
-0.266276
-0.231919
-0.242040
-0.195493
0.212981
-0.071185
0.111921
-0.109507
-0.054901
-0.193612
0.085442
-0.170388
0.114199
-0.046927
0.193749
-0.029683
0.106511
-0.065860
-0.161507
-0.099398
-0.058843
0.230383
-0.133574
-0.112218
0.090934
-0.329659
0.256401
0.224648
-0.381911
-0.037075
0.182548
-0.032742
0.207588
-0.147708
-0.140619
0.109814
0.001739
-0.368152
-0.026700
-0.005817
0.053818
-0.187173
-0.001278
0.217352
0.258972
0.277378
-0.040600
0.122906
-0.380286
0.229792
-0.042165
-0.070471
-0.203099
-0.201854
0.005193
0.302474
0.501876
0.163855
0.113521
0.029462
-0.037417
0.512215
-0.381093
-0.017586
-0.311226
0.124390
0.034225
-0.139556
0.007955
-0.295624
-0.233561
0.292907
-0.025258
0.358379
-0.330843
-0.087894
0.251241
0.013011
0.187689
0.007704
-0.168685
0.182755
0.114215
0.055063
0.033078
0.236580
-0.086563
0.299511
0.123357
-0.048658
-0.014788
0.273715
0.205517
0.378593
-0.095714
0.038120
0.113730
0.283520
-0.372965
-0.009703
0.130041
-0.451727
-0.059336
0.139870
-0.270339
0.072535
-0.153737
-0.237854
0.108396
-0.214247
0.312616
-0.324545
0.282424
-0.062184
-0.166107
0.343446
0.269278
-0.093870
-0.062045
-0.193212
-0.586922
0.124607
0.012595
0.107725
0.140525
0.301028
-0.171677
0.371346
-0.011853
-0.267673
-0.153151
0.017752
-0.063774
-0.026005
0.000456
-0.270168
0.209262
-0.004386
0.166767
0.124864
0.122320
-0.135626
0.283368
-0.137482
-0.409723
0.200083
-0.092999
0.152715
-0.112897
0.384459
-0.467860
0.007720
-0.070505
-0.136402
-0.224784
0.274304
0.150270
0.423450
0.484720
0.243556
-0.293681
0.194822
0.057520
-0.081251
0.053944
-0.136877
0.041774
0.256185
-0.102770
-0.280404
0.220582
-0.021453
-0.383528
-0.011798
0.151700
-0.044350
0.199216
0.156491
0.287720
-0.017579
0.245694
0.097297
-0.082132
-0.098471
0.222950
-0.004440
0.002385
-0.170555
0.371863
0.305292
-0.098644
-0.544284
-0.114106
0.283486
-0.097914
0.035549
-0.346532
0.109409
-0.199867
0.132486
-0.323008
0.009951
0.219513
-0.081292
0.235111
0.172319
-0.074373
-0.227899
-0.173028
-0.300114
-0.460858
-0.095280
0.156992
0.222102
-0.236691
0.054485
-0.105130
-0.118464
0.373516
0.051377
-0.225490
-0.049622
-0.043631
0.410558
0.261093
0.104100
-0.536602
0.018316
-0.120394
0.229948
-0.036920
0.248566
0.032516
-0.058508
0.342488
-0.163012
0.200161
0.221414
0.108774
-0.178288
-0.083336
-0.427618
0.079816
0.202778
-0.069833
0.140567
-0.209320
-0.224456
-0.048980
0.466436
0.191897
0.066312
0.331937
0.041039
0.241238
0.256842
-0.102703
0.081620
0.091287
0.108477
-0.292270
0.464427
-0.282437
0.165560
-0.058084
0.089356
0.243747
-0.046601
-0.164541
0.100418
0.023853
-0.025091
-0.033684
0.190105
-0.133499
0.189689
-0.090994
0.002354
0.166690
-0.222867
0.126103
0.108757
-0.298924
-0.141291
-0.185985
0.056528
0.306968
0.100623
0.104623
-0.081518
0.023033
-0.111980
0.149037
-0.049351
0.023536
0.259876
-0.056933
-0.128846
-0.011339
0.321844
-0.102535
0.069674
0.008322
0.226784
-0.137170
0.199609
0.008044
-0.096279
-0.180000
-0.272030
0.098999
0.160368
0.037369
0.062574
0.090179
0.065560
-0.010135
0.199366
-0.103198
-0.148624
-0.058489
-0.334219
0.145787
-0.444106
-0.275658
0.092880
-0.031582
0.045527
-0.007551
-0.270159
-0.246517
0.151211
0.094950
0.003845
-0.187726
0.154877
-0.108966
-0.433200
0.034773
-0.079491
0.156824
0.124732
0.543919
0.115455
-0.022575
0.058626
-0.049175
0.178089
-0.187337
0.309802
0.040836
0.188437
-0.345568
0.471281
-0.087872
-0.041070
-0.134029
-0.110674
0.060346
-0.091207
-0.172802
-0.359563
0.136879
0.004348
0.531032
0.330638
0.174214
-0.597699
-0.198230
-0.103944
-0.125216
-0.177801
0.436335
-0.126725
-0.130185
-0.229242
0.110644
-0.064031
-0.044328
0.401925
-0.114557
-0.220446
0.187299
-0.103492
-0.318488
0.271888
-0.120266
-0.110230
0.209033
-0.061254
-0.114172
-0.378901
0.103830
0.135912
0.129924
-0.078956
-0.422649
-0.137749
0.118195
0.075149
-0.057222
0.409402
0.301620
-0.235041
-0.299736
0.416835
0.100935
-0.071750
0.208758
0.142824
-0.017973
0.046026
-0.198486
0.041104
-0.371636
-0.338762
0.061014
-0.071301
0.310220
0.351247
-0.136927
0.208393
-0.193434
0.182388
0.277616
0.146851
-0.145923
-0.228979
0.317776
0.169854
0.039223
-0.317628
-0.047866
-0.008586
0.285656
0.146649
0.088584
0.145417
-0.176647
0.310721
0.155792
-0.067502
0.179573
0.214520
-0.485543
-0.108844
-0.211509
-0.226965
0.038110
-0.164329
-0.133498
-0.265578
0.118965
-0.136726
-0.074126
-0.050393
-0.353835
0.201208
0.062720
-0.267887
0.261085
-0.039727
0.112132
-0.021109
-0.185788
0.157630
0.210879
-0.208744
-0.132871
0.023508
0.162799
0.021101
0.010608
-0.090288
0.313867
0.293154
-0.006840
-0.075362
-0.230998
0.324201
-0.131275
-0.273131
-0.020172
0.284301
-0.025500
-0.135892
0.204000
-0.136973
0.093411
-0.522848
-0.111494
0.333911
0.232498
-0.223019
-0.130199
0.213157
0.083948
-0.400683
-0.089322
0.108880
0.329475
-0.161550
0.054536
-0.009483
-0.375669
-0.535353
-0.126324
0.036281
0.213673
-0.366567
0.029108
-0.225261
-0.103023
0.014381
0.245462
0.218303
-0.135007
0.006192
0.351365
0.361264
0.556623
0.396891
0.262261
-0.054862
-0.103231
-0.076797
-0.001856
-0.243463
-0.060747
-0.086585
0.021062
-0.322365
-0.079700
-0.267858
-0.126342
0.231433
-0.217299
-0.015549
-0.122711
0.464563
-0.140179
-0.051322
-0.158631
0.169041
-0.087245
0.282047
-0.350827
-0.079779
0.079072
-0.112047
0.049345
0.099299
0.136608
0.207590
-0.123455
-0.226901
-0.059466
0.167797
0.192744
0.102676
-0.148629
0.028498
-0.214166
-0.161530
0.277333
0.284216
0.183255
-0.256191
-0.334985
0.069436
0.011999
-0.096759
0.002520
-0.071137
0.292573
-0.204405
0.136287
0.233762
-0.150547
0.207266
0.029962
-0.110929
0.205235
-0.348514
-0.083269
-0.154429
-0.146464
0.060380
0.007984
-0.255653
-0.038848
-0.004429
-0.072456
-0.205331
0.074422
-0.119585
0.130508
-0.004604
0.015380
0.294038
-0.041569
0.034722
0.336432
0.287068
0.062405
-0.129657
-0.109699
-0.033032
0.035432
-0.394104
0.072298
-0.219157
0.098718
0.228975
0.289747
0.045450
0.049701
0.397121
0.585806
-0.161494
-0.244673
0.212532
0.110959
-0.043536
-0.022444
-0.102230
0.226816
0.381718
0.087353
0.204069
-0.016963
0.121926
0.140638
0.060341
-0.102638
0.132061
-0.013850
0.082173
-0.117441
-0.278077
-0.002915
-0.420858
-0.081943
-0.066078
-0.263028
-0.195819
0.181428
0.391945
0.091462
0.010681
-0.109713
-0.122020
-0.005586
-0.113572
-0.119814
-0.147543
-0.209785
-0.074530
0.067682
-0.090504
-0.217902
-0.237937
-0.227223
-0.152688
-0.225129
0.068918
-0.365987
-0.056529
0.065682
0.248327
0.229532
-0.461728
-0.194634
0.011982
0.011273
0.025713
0.252680
0.046734
0.056849
0.360121
-0.069862
-0.072947
0.130135
-0.126974
0.095636
-0.044757
0.271403
-0.093248
0.320256
0.220176
-0.062229
0.189989
-0.053715
-0.111681
-0.186267
-0.189125
-0.101960
0.035058
-0.035418
-0.493755
0.157893
-0.218634
0.082971
-0.300202
0.038443
-0.080614
0.122021
0.108802
0.414903
-0.291875
-0.061157
-0.056690
0.043171
0.040083
-0.230526
-0.201066
0.135431
-0.157516
-0.096520
0.306803
-0.084043
-0.177086
0.093849
-0.125774
0.224465
-0.001256
0.086034
-0.058928
0.260046
0.042937
-0.013637
-0.399684
0.195038
0.000926
0.003635
-0.095344
-0.311468
-0.012432
0.057105
0.351794
-0.157242
-0.201402
0.015655
0.039199
0.099676
0.220095
-0.116942
0.236206
-0.121439
0.232417
0.354104
0.233633
0.011485
-0.310265
-0.323300
0.125785
0.245397
-0.118946
0.304310
-0.106178
-0.113066
0.006950
-0.268071
-0.051088
0.068313
0.141084
-0.181840
0.296444
-0.275036
0.000027
-0.054658
-0.218631
0.354520
0.082561
0.052607
-0.101628
-0.016622
-0.249437
-0.118970
0.227594
-0.051594
-0.223307
0.280996
-0.035139
0.093591
0.019591
0.368270
-0.016816
0.115552
0.115197
-0.413377
0.044246
-0.102934
-0.020177
-0.135942
0.284472
0.284599
0.200348
0.147942
0.350830
-0.073041
0.220767
0.099910
-0.022621
-0.144103
0.169382
0.164048
-0.387770
0.079585
-0.263630
-0.288958
0.229229
0.019417
-0.035935
0.256679
-0.025498
0.122782
0.048023
0.199995
0.134549
-0.268090
-0.161050
0.118349
0.031531
0.062895
0.194180
-0.045638
-0.194705
0.013278
0.222616
-0.013702
0.096066
0.123539
0.120977
-0.040879
-0.577664
0.302082
-0.122679
-0.015432
-0.029285
0.075764
0.262215
0.561209
0.076477
0.217097
-0.060640
-0.291902
0.191387
-0.079681
-0.268897
0.218671
0.255163
0.193133
0.310993
-0.048780
-0.187980
-0.197598
0.104781
0.301494
0.042837
-0.037504
-0.102269
-0.168249
0.057492
0.037844
0.172091
-0.286645
0.120984
-0.054173
-0.055194
-0.222151
-0.052784
-0.067420
-0.018129
0.322860
0.017957
0.231600
0.119026
-0.128392
-0.025952
-0.226955
-0.039092
-0.316707
0.139794
-0.123573
0.244610
0.406268
0.087202
-0.001105
0.338561
0.076543
-0.185447
0.163132
0.058568
-0.216159
0.261778
0.154733
0.152682
-0.259570
0.255695
0.153908
-0.127865
-0.074291
-0.075631
0.342686
0.043235
0.036076
0.176832
0.028872
0.154464
-0.119280
0.026556
0.171157
-0.287841
0.248223
-0.098007
0.075391
-0.121977
-0.129273
-0.087291
-0.203486
-0.052569
0.101660
0.145564
-0.099364
0.105613
-0.173605
-0.093899
0.031385
0.197577
0.014700
-0.022311
-0.195829
-0.056647
0.346391
0.343594
0.056187
0.025815
0.162503
0.271014
-0.021062
0.085946
0.061435
0.321302
0.111626
-0.130754
-0.023158
-0.250719
-0.052579
0.203585
0.030032
0.249552
-0.083946
-0.109183
-0.095621
-0.033685
0.215262
-0.246826
0.123638
-0.134424
0.176715
-0.048197
-0.011623
0.456111
0.072335
0.225002
-0.013299
-0.319819
0.417096
-0.330446
0.281244
0.244283
-0.172125
-0.354290
-0.146604
-0.115974
-0.341125
-0.127086
-0.182077
0.263651
0.107384
-0.118343
0.105082
-0.018865
0.091047
0.014610
-0.000079
0.132245
-0.070602
0.086568
-0.077798
0.060454
-0.002963
0.360441
-0.179295
-0.143838
0.033626
-0.053085
-0.390617
-0.431548
0.027937
0.064820
-0.052857
-0.071151
-0.050920
0.340102
-0.144609
-0.259068
-0.056973
0.282408
0.111484
-0.313966
-0.057962
-0.361223
0.070736
-0.037104
-0.249657
0.143402
0.000422
-0.189603
0.151160
-0.029814
-0.221796
0.215551
-0.379798
-0.145816
0.090038
-0.119544
0.055865
-0.285303
0.262231
-0.292652
-0.124105
0.099351
-0.009314
-0.036030
-0.203568
-0.261097
0.173968
0.327588
0.195051
-0.151807
-0.120693
-0.174141
-0.078698
-0.149545
0.247241
0.116881
0.342673
-0.227680
0.071127
-0.051899
-0.001616
-0.134781
0.180397
0.061382
-0.007362
-0.204426
-0.102856
0.278954
0.118933
0.270165
-0.047384
0.157834
0.252017
0.032317
-0.029107
-0.085123
0.156718
0.164696
0.254667
0.270101
0.222373
-0.391333
0.031646
0.212620
-0.074283
0.156982
0.314797
0.305438
-0.376260
0.034822
0.249786
0.037894
0.122731
0.048333
0.179517
0.003464
0.089994
-0.144487
-0.112265
0.098072
-0.113153
0.218683
-0.285166
-0.162262
-0.061569
0.343912
-0.034377
0.065662
0.063984
-0.042518
0.105474
-0.035129
-0.267113
0.174110
-0.124244
0.293437
0.031598
0.062867
0.005729
-0.089764
0.138225
0.115506
0.079589
0.202889
-0.150570
0.279524
0.026411
0.292590
0.172184
-0.243266
0.077728
0.091670
-0.126184
0.136894
-0.178329
0.106641
0.127864
0.029914
0.062053
0.074438
0.078360
-0.309469
0.106553
0.188937
0.038315
0.448161
-0.212198
-0.154144
-0.162429
-0.055033
-0.024328
0.343467
-0.258919
-0.026375
0.177245
-0.045771
-0.034524
0.078286
0.074291
0.300872
-0.090745
-0.054676
-0.186644
0.031498
0.318024
-0.338617
-0.143767
0.044854
-0.148351
0.073453
0.166513
-0.436964
-0.146735
0.194747
0.278493
-0.185163
-0.122905
0.101174
-0.374253
-0.216855
0.070009
-0.032055
-0.035783
0.046340
0.121779
-0.057613
-0.186050
-0.075142
-0.307711
0.054501
0.303092
-0.047273
-0.090020
0.052530
0.108152
-0.250635
-0.140289
-0.065389
0.250787
0.211826
-0.381557
0.044288
-0.083889
-0.207791
0.127297
-0.196392
0.124107
-0.041235
0.064380
-0.085017
0.262003
0.212976
-0.145024
0.161119
-0.173420
-0.119285
0.155177
-0.032222
0.153899
-0.214259
-0.188149
0.001643
0.190809
0.045658
0.074179
0.127982
-0.071280
0.212583
0.188003
0.004735
0.134001
0.070723
0.022452
0.043696
0.534488
-0.102995
-0.158609
-0.218597
-0.294327
0.093005
-0.403248
0.107829
0.066300
-0.137398
0.234744
-0.241376
0.109866
0.040091
-0.025331
0.333215
0.194282
-0.164273
0.050508
-0.043516
0.054223
0.005346
-0.115380
0.139910
0.176802
-0.130089
-0.096612
-0.129869
-0.089441
-0.120864
0.113436
0.368348
-0.068545
-0.138312
0.169735
-0.032757
0.221900
-0.067726
0.289626
-0.108986
0.368782
0.181527
-0.157239
-0.070820
0.215336
-0.084674
-0.102295
-0.061725
-0.099456
-0.054693
-0.040090
-0.127677
-0.166221
-0.156825
-0.332396
-0.260156
0.181173
0.064037
0.050783
0.035212
-0.107809
-0.331311
-0.020709
0.199695
0.148615
-0.115814
-0.057470
0.230931
-0.162543
0.529912
-0.210210
0.113491
0.149597
-0.090403
0.233762
0.027790
-0.002469
-0.021178
-0.025832
-0.054664
0.292251
-0.130414
-0.119975
0.157111
0.376881
0.299509
-0.248497
0.016533
0.107003
0.012349
0.324094
0.070722
0.409703
0.365270
-0.045956
-0.052732
0.211037
0.002022
-0.126056
0.193681
0.002319
0.015919
-0.069428
-0.179709
-0.108996
0.077274
0.231715
0.133913
-0.253762
-0.232255
0.225436
0.259971
0.314681
0.139590
-0.065458
-0.479380
-0.007693
-0.048739
0.173170
0.384389
-0.040571
-0.312808
-0.249815
-0.157254
0.087445
-0.124842
-0.233734
-0.052743
0.111078
-0.451658
-0.053774
-0.167199
-0.047834
-0.216295
0.028351
0.111268
0.116827
0.052948
0.145091
0.185000
0.414802
-0.010807
-0.165290
0.095674
0.200349
-0.105558
-0.061495
0.194448
0.377528
0.146257
0.324368
0.048433
-0.275629
0.136866
0.347656
-0.318429
0.106195
0.380108
0.001128
0.347275
0.164469
-0.181422
0.158145
0.099605
-0.293617
0.096582
-0.144691
0.194552
-0.017528
0.049070
-0.103980
0.131352
0.101218
0.128147
0.138214
0.373531
0.115084
-0.101521
0.010051
-0.010646
-0.093926
-0.186476
0.153499
0.068976
0.312862
0.075244
0.048288
-0.138048
0.182181
0.341576
0.231281
0.067983
-0.209837
0.147413
0.326934
0.061232
0.014028
-0.230330
-0.115918
-0.099542
0.464496
-0.090949
0.253914
0.227509
-0.479621
-0.222523
0.119719
-0.075803
-0.332610
-0.049493
0.052708
0.221380
0.159722
-0.218374
-0.038640
0.098037
-0.008218
0.002588
0.266021
-0.038380
-0.058561
0.031453
-0.087502
0.354689
-0.048813
0.043437
-0.338907
-0.039543
-0.054997
0.182287
0.182163
-0.211854
-0.323925
0.062819
-0.227206
0.016044
0.145621
-0.116225
0.180905
-0.194298
0.071821
-0.350248
-0.372025
-0.100966
0.127000
-0.164386
0.045761
0.139678
-0.033273
-0.250173
0.134409
-0.314553
-0.031334
0.497090
0.136614
0.288806
-0.009674
-0.154234
-0.109380
0.014178
-0.134267
-0.293390
0.136340
0.208909
0.118145
-0.309480
-0.147391
-0.064042
0.394667
0.098362
-0.315458
-0.339756
0.170121
-0.197349
0.044347
0.294987
0.348339
-0.073599
-0.115681
0.275820
0.147453
0.165627
0.056609
-0.149530
0.180177
0.109049
0.241223
-0.144843
-0.465326
0.198960
0.075306
-0.249308
-0.037801
0.169842
-0.126664
-0.419694
0.059157
0.135100
-0.285253
0.168078
0.208164
-0.075025
-0.163803
0.011909
-0.010317
-0.170235
0.032676
0.147928
0.283574
-0.495531
-0.202275
-0.185127
0.333311
0.250847
0.007231
0.180448
-0.236303
0.182930
0.221229
0.134362
0.053211
-0.103900
-0.138587
-0.369516
0.077194
0.001109
0.221464
-0.003072
-0.124861
0.098747
-0.006455
-0.032884
-0.249448
0.123625
0.195930
-0.006904
0.123841
-0.372727
0.066692
-0.343307
-0.023872
-0.020342
0.140745
0.016178
-0.144422
0.127417
-0.020433
-0.341104
0.109762
-0.328349
0.213679
0.103503
0.030577
-0.014605
0.049400
0.054271
-0.259696
0.114642
-0.068767
-0.007315
0.047848
-0.500549
0.037921
-0.159800
0.054756
-0.271238
0.107696
-0.117429
-0.179851
-0.162653
-0.179904
-0.117687
-0.123153
0.042856
0.156847
0.019223
-0.295182
0.027346
0.020178
0.200048
0.191132
-0.170894
0.497337
0.067546
0.059315
0.063887
-0.019899
-0.261679
0.249104
0.369029
-0.174471
-0.218216
0.102571
0.099970
0.311431
0.207213
-0.013248
0.279491
-0.322302
-0.147142
0.180933
0.023371
0.068345
0.088334
0.412358
-0.417777
-0.074717
-0.445131
0.174211
0.089818
0.034268
-0.229673
-0.172000
0.158680
-0.117556
-0.280277
0.235673
-0.297845
-0.049025
-0.184029
0.131424
0.234221
0.151133
0.058548
0.224809
-0.233169
-0.093723
-0.000903
-0.160786
-0.036125
-0.197338
-0.244734
-0.371936
-0.144681
-0.062529
0.157226
0.185803
0.313745
0.134581
-0.287107
0.206784
-0.216975
0.367284
0.193426
0.202199
-0.001557
0.215673
-0.253915
-0.069170
0.080480
-0.155492
0.212729
-0.019642
0.187811
-0.046210
0.104524
-0.104700
0.065019
0.039748
0.421521
-0.164364
0.184097
0.125800
-0.360953
-0.015289
0.266111
0.067378
0.315291
0.054623
-0.163626
0.031429
-0.075712
-0.033323
-0.397367
0.193996
0.253377
0.007092
-0.430830
0.224138
0.007435
0.119923
-0.101904
0.201110
-0.187222
0.066179
0.032863
-0.064175
-0.272779
-0.051603
0.000314
-0.184955
-0.010891
0.169112
-0.163167
-0.009073
0.072628
-0.320239
-0.008571
-0.261250
0.016590
0.166998
0.454845
-0.040584
0.103227
0.171409
-0.140364
0.000107
-0.298795
0.270603
-0.128500
-0.277167
0.128100
0.519280
-0.154321
0.125156
-0.413241
-0.019007
0.277739
0.097416
0.149415
-0.289938
0.062360
-0.309223
0.023788
0.159703
0.165828
0.042177
0.019121
-0.072375
0.025761
-0.296300
0.052527
0.125355
-0.278629
-0.237874
0.001941
-0.054930
0.060425
0.139040
0.346872
-0.115469
0.438993
-0.313591
0.108669
0.174096
0.152026
-0.383429
0.238362
0.064540
0.166392
-0.133909
0.135512
-0.173143
-0.010316
-0.163297
-0.005287
0.096309
0.197602
0.189033
0.266529
-0.121251
0.171573
0.048805
-0.325195
-0.230306
-0.004690
0.039552
0.053505
-0.203665
-0.079700
-0.092562
0.392706
-0.170146
0.012850
0.209887
-0.197734
0.177608
0.226807
-0.138073
-0.191366
-0.440630
-0.019925
0.039918
0.414671
-0.067269
-0.185672
0.372469
0.122029
-0.001425
0.219268
0.361848
0.003717
-0.253107
-0.106397
0.250939
-0.415989
0.234616
-0.045007
0.109527
0.111795
0.155466
-0.197650
-0.315297
0.196673
-0.129879
-0.280089
0.028432
-0.229655
0.289444
-0.342849
0.151294
0.291007
0.215414
-0.194081
-0.484896
0.026719
0.334222
0.091999
-0.287269
-0.067443
-0.103366
0.087117
0.152815
-0.229875
0.147297
-0.096295
0.109086
0.026109
0.041243
0.282020
0.091482
-0.015262
-0.023261
0.070995
0.151418
-0.022897
0.225649
-0.230199
0.138430
-0.358792
-0.193542
0.187613
0.087352
-0.049847
0.111427
0.092468
-0.169638
-0.117236
0.057603
-0.200241
0.006070
-0.170801
-0.104311
-0.089516
-0.007760
-0.291509
0.328922
-0.189111
0.206077
-0.098408
-0.317874
0.115924
-0.320477
-0.010800
-0.069130
-0.354942
-0.217641
0.354564
0.106921
0.119482
0.375689
0.218025
0.158254
0.101439
-0.144520
-0.045183
-0.112909
-0.257599
-0.280202
-0.301622
-0.049850
-0.348876
0.156960
-0.158891
-0.334246
-0.152403
0.069968
0.319300
-0.074488
-0.398205
0.022264
0.290614
0.117747
-0.044225
-0.096860
-0.108075
0.003152
0.018580
-0.147823
0.037041
0.267018
0.050599
-0.187023
-0.259538
-0.213641
0.035944
0.045923
-0.297239
-0.030916
-0.364494
-0.231169
-0.343534
0.175236
-0.258541
0.288819
0.058745
0.041650
-0.428523
0.175852
0.236627
-0.153014
-0.164242
-0.369456
0.010146
0.456426
-0.025983
-0.023768
0.157674
-0.320378
0.034571
-0.114137
0.075039
0.097879
0.071982
0.231386
-0.499130
0.040493
-0.040192
-0.336404
0.036355
0.134460
-0.069669
0.210160
0.244191
0.112680
0.160862
0.275009
0.338601
0.101920
0.170856
0.479684
0.204675
0.070452
0.325232
0.447490
0.022908
-0.270006
0.079972
0.016131
0.097430
0.001069
-0.194570
0.091407
0.221932
-0.288269
-0.024432
0.106213
-0.199543
-0.091690
0.173835
-0.010176
0.289393
-0.239408
-0.025077
-0.012111
0.145478
-0.125392
0.347852
0.192152
-0.117604
0.128213
0.099744
0.066577
0.151247
0.092645
-0.235583
-0.361167
0.166441
0.045550
0.192000
-0.060246
-0.182559
0.087918
-0.247996
0.393762
-0.263783
-0.066456
-0.195450
0.106099
0.358759
-0.075646
0.038058
-0.032166
-0.043431
-0.168486
-0.311320
0.274463
-0.349368
-0.179448
-0.191042
-0.129658
0.131249
-0.004423
-0.203436
0.034592
0.435771
0.177988
-0.223928
0.142787
-0.512728
0.127336
-0.178334
-0.165946
0.347938
-0.309616
-0.111065
-0.408145
0.007294
0.263775
-0.109551
-0.029171
-0.079375
-0.120363
0.132848
-0.080617
0.031828
-0.135704
-0.004404
0.072100
-0.132179
0.113789
0.125670
0.031509
0.155665
0.496619
0.027152
0.085442
0.338064
0.017097
0.004631
-0.058502
0.136071
-0.354908
-0.169412
0.398819
-0.119342
-0.206600
-0.048346
0.155292
0.282424
0.073296
0.554157
0.156832
-0.149704
0.071151
0.459399
-0.164492
-0.232099
0.027918
-0.015075
-0.151297
0.263553
0.040769
0.065483
-0.106296
-0.156484
0.120003
0.174906
-0.536411
-0.372533
0.415735
-0.045096
-0.320870
-0.307512
-0.377891
0.077561
-0.196291
0.348974
0.004864
0.386408
0.098504
0.085813
-0.125622
0.083436
0.075720
-0.095227
0.067664
0.387284
-0.242112
-0.202348
-0.056063
0.263273
0.059429
-0.269478
-0.135274
0.148657
0.220955
-0.184908
0.222628
-0.183443
-0.375852
0.318612
0.083171
-0.096643
0.117700
-0.236670
-0.120772
0.176556
-0.185307
-0.348008
0.173113
-0.392083
-0.211976
-0.255686
-0.338320
0.184781
-0.259405
0.137305
0.105908
0.123885
0.087347
0.328966
0.032436
0.003601
-0.143578
-0.206144
0.161941
0.028493
0.519080
-0.298233
-0.239824
-0.016731
0.250071
-0.079793
0.195490
0.021199
-0.118056
-0.103932
-0.000777
-0.109470
-0.496242
0.392834
0.011235
-0.100050
-0.223159
0.162093
-0.036086
0.003820
-0.164187
0.463404
-0.118279
-0.236279
-0.278583
0.331818
0.148428
-0.083586
-0.157796
0.034065
0.160244
0.077591
-0.119029
-0.220559
-0.006721
-0.223673
-0.005961
0.003819
0.240927
-0.352786
-0.068384
-0.435728
-0.329718
0.017146
0.074405
-0.201860
0.003623
-0.226505
-0.395456
-0.253006
-0.144413
0.217155
0.178575
0.096618
-0.533391
-0.189491
-0.110931
0.040812
0.260087
-0.140797
-0.162489
-0.276145
-0.201599
0.231775
0.064525
0.144019
0.480860
-0.141094
-0.135996
-0.352191
0.337044
0.139660
0.013814
0.078174
0.207967
-0.014101
-0.158827
-0.457007
0.072543
0.065975
-0.170123
-0.385487
-0.018843
-0.199605
-0.100176
0.245306
-0.111533
0.236943
0.267905
-0.100329
-0.237807
-0.052754
0.127119
0.095496
0.031017
-0.035756
-0.386237
0.037148
-0.089475
0.015845
0.000208
-0.122184
-0.087384
-0.229917
-0.057089
0.234523
0.220562
-0.081806
-0.279160
0.310321
0.495862
-0.005965
0.157534
-0.320846
0.019158
0.110297
0.107352
-0.121908
-0.114295
0.201642
-0.112048
0.245844
-0.238290
0.217849
-0.078064
0.128030
0.183332
-0.158515
0.296028
-0.162716
-0.136680
-0.336710
0.405691
-0.215254
-0.096388
0.114263
0.042731
0.279648
0.206093
0.227486
-0.089453
-0.310157
-0.168475
0.032890
-0.029030
0.176657
0.462310
-0.090748
-0.024935
0.187969
0.488653
-0.489732
-0.011962
0.093965
-0.335941
0.010479
0.095731
0.097004
-0.010283
0.135661
-0.078065
0.047905
0.244847
0.056365
0.020302
-0.085380
0.269105
0.196756
-0.024105
-0.281691
-0.017915
0.157033
-0.068554
-0.009594
0.191445
-0.149346
-0.203618
0.519669
-0.097709
-0.013415
-0.037041
0.232932
0.220187
-0.208969
0.054078
0.435388
0.058187
-0.049177
-0.366664
-0.251386
0.106746
0.077372
0.150200
0.026575
0.288954
-0.459048
0.112035
0.431095
0.120582
-0.149666
0.244375
0.156037
-0.133960
-0.093619
-0.036847
-0.124512
-0.130069
0.151866
0.041726
-0.016702
0.012720
-0.344675
-0.155382
-0.105779
0.024186
-0.280495
-0.147790
0.253329
0.152037
-0.321771
0.314923
-0.061174
0.314046
-0.149496
0.066482
-0.187761
-0.125679
-0.189715
0.074413
0.231130
0.242726
0.267410
-0.008604
0.325887
0.201983
0.055175
0.047321
0.125913
-0.517110
-0.137442
-0.116545
-0.020706
0.394219
0.170107
0.098460
0.176747
0.058714
-0.255636
0.317902
0.035818
-0.154444
-0.040057
-0.018072
0.214649
0.130123
0.029588
0.092718
0.078350
0.133064
0.051528
0.030160
0.207812
0.337705
-0.480260
-0.015798
-0.123597
-0.249906
-0.274420
-0.293671
0.060810
-0.203446
-0.351507
0.007746
-0.103066
0.092832
-0.188826
-0.179958
-0.031328
-0.009578
-0.087912
0.151552
0.186041
-0.038465
-0.193949
0.150591
-0.120629
0.113370
0.236308
0.070446
-0.128174
-0.267750
0.032158
-0.176044
0.049387
0.080501
0.179951
0.141549
0.103800
0.118340
-0.410827
-0.186544
-0.203105
-0.048829
0.194138
-0.289748
0.163958
0.135367
-0.284905
0.053781
-0.093682
0.192703
-0.249705
-0.280993
-0.136826
-0.038561
0.107619
-0.195138
0.075660
-0.078795
-0.018585
0.065252
0.097273
0.081969
0.069121
0.167372
-0.065999
-0.345866
-0.089957
0.305157
-0.219381
-0.278027
0.002002
-0.223949
0.088542
0.019680
0.414723
-0.028721
-0.190061
0.344397
0.150544
-0.085088
-0.045285
-0.436381
0.268848
-0.094313
0.134900
0.073577
-0.050469
0.255172
-0.057056
0.125257
0.165091
-0.158041
0.264383
0.461338
0.043485
0.015849
0.198564
-0.316156
0.007648
0.028252
-0.064565
-0.256865
-0.304384
-0.049261
0.058306
0.221784
-0.058181
0.120950
0.415466
0.095720
-0.279327
0.325214
-0.103144
0.004519
0.259021
-0.208528
-0.049861
0.284183
-0.328735
0.054005
-0.172137
0.538991
-0.138084
0.174989
-0.326895
0.026050
0.085837
0.180895
0.114862
-0.082727
-0.115046
-0.171922
0.088785
-0.078510
0.066498
0.186045
-0.321207
-0.464496
-0.143484
-0.165454
0.226201
-0.152590
0.275325
0.076704
0.111954
0.018019
0.184188
-0.019388
-0.471203
0.116520
0.049596
-0.347309
-0.090246
0.161104
0.078162
-0.027420
0.002538
-0.076782
0.076997
-0.297139
-0.105357
0.071045
-0.001185
-0.193047
-0.066659
0.055867
-0.116890
0.114419
-0.412352
0.359659
0.008849
-0.315287
0.253210
0.060522
-0.200542
0.070418
0.106606
-0.075601
-0.130159
0.419879
-0.094596
0.053950
0.168249
0.423402
-0.213830
-0.456144
-0.121876
0.027489
-0.171522
-0.036851
-0.219257
0.045631
0.103977
0.141070
-0.221533
-0.192112
-0.222939
0.023332
0.090603
0.083133
0.176914
0.133304
0.099899
-0.135377
-0.099918
-0.117272
0.197316
-0.126869
-0.072897
-0.103737
-0.093143
-0.220445
0.128642
0.136920
0.089914
-0.287616
-0.113809
0.051131
0.045794
-0.002479
-0.034500
-0.020948
0.064336
0.429878
-0.063381
0.245416
-0.484031
-0.436269
0.153781
-0.479834
-0.336824
0.151658
-0.477743
-0.237228
-0.023913
-0.664442
-0.035729
-0.042146
-0.177665
-0.241060
-0.051657
0.082556
0.032756
-0.328209
-0.078280
-0.380716
0.144907
0.152128
0.108912
0.209402
-0.044030
0.150140
-0.403209
-0.032497
-0.029707
0.365677
0.115823
-0.066911
-0.076754
0.306483
0.119301
0.176469
-0.089832
0.016491
0.295347
0.060904
-0.019877
-0.025795
-0.036356
-0.053649
0.093767
-0.371689
0.311245
-0.360940
-0.258962
0.257503
-0.007370
0.148033
0.158562
0.139604
-0.190715
0.115396
-0.265761
0.465506
-0.443425
-0.172134
0.262974
0.195875
0.602117
-0.148511
0.128331
0.072530
0.203256
-0.270717
-0.230301
0.203691
-0.186992
0.123599
-0.035618
0.027759
0.192880
0.031949
-0.075197
0.044885
-0.195361
-0.412317
-0.129910
0.266382
0.156594
0.243157
-0.288165
-0.145432
0.132871
0.369816
0.284906
0.070778
0.097430
0.022444
-0.108515
-0.080045
-0.377740
-0.204780
-0.132369
0.248618
0.062405
0.217500
0.385145
-0.021801
-0.188592
0.034855
0.017936
0.019257
-0.126612
-0.036426
-0.128936
0.155778
0.033743
0.319203
-0.002141
0.053120
0.193535
-0.060031
0.131354
-0.011614
0.098400
-0.354052
0.106770
0.071959
0.123841
-0.071105
0.191018
-0.174330
-0.061474
-0.023163
-0.089512
-0.456153
-0.363666
-0.074916
0.083917
0.034508
0.170969
-0.046790
-0.095390
-0.098553
-0.494392
0.226669
-0.170118
0.218560
-0.042439
0.118396
0.018269
0.413821
0.313436
0.026759
-0.389801
0.239647
0.215276
-0.351105
0.159214
-0.084329
0.015233
0.390997
0.013269
0.096111
-0.353767
-0.060228
-0.082964
-0.162923
0.017372
0.120225
-0.024024
0.104714
0.301050
-0.018928
0.116935
-0.029724
-0.226548
0.053737
0.140626
0.194959
-0.220915
0.052931
-0.280792
0.027683
0.000010
0.070405
-0.030797
0.094070
-0.269648
0.131823
0.216044
-0.051776
-0.063244
-0.275907
-0.068923
0.382139
-0.238538
-0.009921
-0.291428
0.184367
-0.312165
0.144724
-0.053969
0.261175
0.279897
-0.125240
-0.106133
-0.386000
-0.249280
-0.351284
0.069648
-0.169022
-0.243993
-0.000511
0.109787
-0.161498
-0.150556
-0.176051
-0.061857
-0.332149
0.074833
0.101871
-0.105861
-0.054834
0.194898
0.228211
0.181256
-0.265319
0.066406
0.249613
-0.189061
0.355974
-0.255613
-0.235322
0.045389
0.413894
-0.004559
0.043717
-0.340835
-0.260643
0.018200
-0.346597
0.029366
-0.097417
0.247116
0.263155
0.140533
-0.108335
-0.135235
0.020853
-0.202066
0.305703
-0.464685
0.451406
0.031465
-0.394070
-0.032137
-0.010037
0.253554
-0.201514
0.002462
-0.059522
0.034609
0.148275
-0.334276
0.420847
0.245726
-0.154234
0.142801
-0.106319
-0.239317
0.328698
-0.395687
0.082083
0.067758
0.322835
0.010815
0.277888
0.007358
-0.051496
0.041215
-0.013247
-0.288215
0.216915
0.150804
-0.325098
0.034272
0.038107
-0.343928
-0.027999
0.038784
-0.194322
-0.385121
-0.145359
0.303816
0.159278
0.203145
-0.450411
-0.083284
0.242929
0.193158
0.218972
-0.065448
-0.070453
0.062003
0.219565
0.295577
0.149949
-0.187592
0.321746
-0.058001
-0.302652
-0.071202
0.257931
0.067921
0.048458
-0.044617
0.237042
0.305286
-0.135457
-0.122094
0.074343
-0.075644
0.211732
-0.427366
-0.036618
0.164159
0.247631
0.076806
0.247516
-0.304258
-0.056154
0.185964
-0.032182
-0.030913
-0.289705
-0.064582
-0.008617
0.128579
-0.184715
0.028830
-0.151072
-0.022669
-0.485492
-0.031886
0.162342
-0.106578
-0.170406
0.183532
-0.114227
-0.024580
0.181124
-0.039476
0.171383
-0.335682
0.005326
-0.027185
-0.299921
0.182451
-0.261657
-0.048845
-0.117083
0.153314
-0.129082
-0.186761
-0.082982
-0.050849
0.166528
0.075644
-0.213509
0.143706
-0.012571
-0.065728
0.245580
-0.049333
0.084845
-0.051655
-0.068367
0.013036
0.226351
-0.051567
-0.154209
0.250601
-0.253666
0.123840
-0.082838
-0.062666
-0.205073
-0.118636
0.208912
-0.196048
0.109485
-0.401637
0.014487
0.216546
-0.058082
0.135609
-0.017742
-0.192149
0.128281
-0.202796
-0.381885
0.223248
-0.339366
0.098781
-0.177495
-0.355897
0.429893
0.097646
-0.193790
0.196098
-0.103941
-0.052772
0.170231
0.230018
0.003855
0.168746
-0.235022
0.212517
-0.150288
0.145652
0.029435
-0.366676
-0.285358
-0.343741
-0.091514
-0.035336
0.044248
-0.053961
0.148982
-0.133614
-0.133890
-0.201840
0.336849
0.183353
-0.006735
0.073925
-0.004361
0.042765
0.150556
0.360455
0.236936
-0.255302
0.236833
0.177387
-0.121311
0.213683
0.525651
-0.169924
-0.211841
0.213542
0.018163
0.156801
0.430003
0.007174
-0.231956
0.174478
-0.239568
-0.081040
-0.070380
-0.263731
-0.417719
0.059087
0.348006
0.555964
-0.211607
-0.092554
-0.248931
0.254065
0.305065
0.034308
-0.015500
-0.006076
-0.184743
-0.125016
-0.007754
-0.234424
-0.050178
0.044280
0.089327
0.111537
-0.126237
0.069996
-0.096025
0.040454
-0.345015
0.178562
-0.141322
-0.207527
0.046013
0.071864
-0.090629
0.204995
-0.307985
0.172937
0.038778
0.192124
0.180877
0.030590
-0.393158
-0.146978
0.178089
-0.082404
0.473446
0.038738
0.274122
0.330614
0.089580
-0.167529
-0.046656
-0.053187
0.041286
0.261004
-0.011226
-0.444224
0.014522
0.071938
0.189793
-0.225390
0.064387
0.090273
0.136424
-0.028289
0.145127
0.234657
0.034225
-0.022569
-0.123596
0.030724
-0.117687
-0.269665
0.389451
0.055900
-0.016305
-0.105992
0.117324
0.022803
0.187691
-0.106001
-0.192319
0.225904
-0.369634
0.145897
0.348423
-0.281526
0.311968
-0.008132
-0.156668
-0.192860
-0.180512
-0.370027
-0.039515
-0.263565
-0.251659
0.193498
-0.166606
-0.127354
0.039541
0.353243
-0.094083
-0.052362
0.105225
0.274938
-0.003922
0.012287
0.046638
0.350407
-0.071830
-0.151601
0.437420
0.133780
-0.259504
-0.017051
0.039491
-0.034071
-0.126804
-0.024173
-0.165722
0.002541
0.205971
0.097287
-0.003580
-0.231113
-0.182449
-0.165816
0.177987
-0.026873
-0.253287
-0.083377
0.260664
-0.192465
0.331932
0.330697
-0.007469
-0.449834
0.126589
-0.264720
0.403626
0.072715
0.013311
0.169136
-0.144807
-0.343896
-0.006210
0.281978
0.060594
-0.102734
0.061422
0.111138
-0.471714
-0.128403
0.041180
0.054142
0.036761
0.067791
0.066627
0.029749
-0.198030
-0.199176
-0.248545
-0.267758
-0.235722
0.267331
-0.036915
0.020268
-0.135684
-0.058403
-0.052333
0.088775
-0.019309
0.093778
0.054094
0.036770
-0.287649
-0.179688
0.380430
0.268457
0.177856
0.062793
0.201567
-0.074435
0.025432
-0.072263
0.016192
-0.079419
0.030290
0.279992
-0.235060
0.641591
-0.507576
0.292998
0.103821
0.582397
0.332652
0.134064
-0.428670
0.270713
-0.232216
-0.003590
0.278987
-0.036351
0.012278
-0.048119
-0.208307
-0.151927
0.000749
-0.022957
-0.239249
0.089596
0.105776
-0.242111
-0.097486
-0.283528
-0.191336
-0.228508
-0.134807
-0.042117
-0.061090
-0.303629
0.223169
0.379420
-0.102629
0.176042
0.126227
0.152417
0.160336
-0.187938
-0.196777
-0.035490
-0.170609
-0.187751
0.310993
-0.046832
-0.061501
-0.099798
0.095458
0.280563
-0.102403
0.033004
0.328439
-0.034318
-0.067930
0.115553
-0.112261
0.025722
-0.087579
0.022231
-0.131382
0.039783
-0.392139
0.161460
-0.106140
-0.206094
0.138749
0.053070
0.196186
0.278223
-0.063805
-0.158536
-0.285877
0.274357
-0.148340
0.077993
-0.449099
0.093815
0.153612
-0.010951
-0.002637
-0.417584
0.146866
-0.136036
0.440981
0.035951
-0.139603
0.084802
-0.064812
0.106605
-0.110767
0.087589
0.008560
-0.034202
-0.091101
-0.264011
-0.363700
-0.044882
-0.207609
-0.078919
0.008841
0.025480
-0.018350
0.024566
-0.070239
0.396518
0.005327
0.279103
-0.111752
-0.266691
0.095135
-0.232162
-0.117744
0.374436
0.222452
-0.245996
0.312197
-0.202117
-0.267438
-0.302630
0.079300
-0.068376
0.042602
0.386933
0.161304
0.108592
0.000270
0.131627
0.458078
-0.082866
0.151377
-0.221336
0.275622
0.263129
0.173643
0.194201
-0.152863
0.368184
-0.176112
-0.116341
0.162541
0.043519
-0.160113
0.066772
-0.032306
-0.026662
0.014494
-0.235957
0.106129
-0.221761
-0.291164
-0.175241
-0.268615
-0.161678
0.150586
-0.281618
-0.052078
-0.045267
0.098705
0.363821
-0.182486
-0.205355
-0.094182
0.065723
0.137021
-0.147304
0.262066
0.029797
0.104246
0.243628
0.286896
0.179904
-0.066181
-0.051881
-0.039749
0.169721
-0.443141
0.028053
-0.209163
-0.130975
-0.106796
0.170338
0.245423
-0.114600
-0.166231
0.282561
-0.137138
0.038412
-0.251017
-0.368890
-0.107918
-0.173188
-0.122560
0.238123
0.317667
-0.194476
0.085367
-0.350422
-0.192730
0.058097
-0.146663
0.111467
-0.329328
0.107463
-0.140072
-0.301606
-0.232143
-0.218463
-0.232476
-0.465425
-0.035724
0.116745
-0.110222
0.219501
0.154424
-0.054716
-0.551584
0.403686
0.072478
0.193739
-0.192030
0.291565
0.264279
-0.063687
0.174726
0.558786
-0.057312
-0.006670
0.005834
0.368094
-0.041544
-0.106858
-0.000130
0.155100
-0.083394
-0.237858
0.013266
0.143850
0.162225
-0.002011
-0.029835
-0.009072
-0.157519
0.217930
-0.064446
-0.229565
0.004762
0.183661
0.067150
-0.224643
0.204100
-0.049959
0.178035
0.637626
0.093682
-0.240217
-0.070018
0.067945
0.217422
0.204707
0.239897
0.102860
-0.025338
0.140781
0.020356
-0.169856
0.269917
0.011259
0.090087
0.075191
0.051498
-0.014423
0.023646
0.268224
-0.024732
-0.128971
-0.127074
0.127694
0.147865
-0.126059
0.093329
-0.027620
0.040578
0.367842
0.170399
0.007396
-0.293285
-0.236336
0.135690
0.035916
-0.107244
0.034993
-0.136123
0.125436
0.235297
-0.200764
-0.144131
0.045503
0.049653
0.136235
0.020281
-0.185021
0.212784
0.123207
-0.376935
0.225285
-0.449076
0.127186
-0.233124
0.010330
0.493726
-0.209185
0.396298
0.562287
-0.128680
0.154237
0.148791
0.325227
0.298820
-0.182936
0.127464
-0.135586
0.007390
0.290426
0.194826
0.082059
0.155694
0.099954
0.034038
0.138837
0.306686
-0.184132
0.034773
0.041364
-0.215608
-0.306013
-0.303049
-0.160665
0.124123
0.108336
-0.021468
0.141765
0.078113
-0.122915
0.006375
0.297570
0.251926
-0.159832
-0.119572
0.078662
0.017909
0.056475
0.193905
0.180575
0.449397
-0.037446
0.102901
0.067412
0.107865
0.219751
-0.064933
-0.242868
0.390983
-0.227619
-0.040170
-0.131178
-0.152519
-0.184333
-0.093954
0.114107
-0.254533
0.273919
-0.290364
0.262313
-0.004249
0.188378
0.048517
-0.182742
-0.077180
0.077693
0.189314
0.228485
-0.021813
-0.094809
-0.008791
-0.265846
-0.380766
-0.166611
-0.347712
-0.103649
0.084012
-0.069184
-0.280841
0.014773
-0.006455
-0.033696
0.128808
-0.350795
-0.000372
-0.014175
0.194037
-0.104301
0.033680
-0.052201
0.310482
0.387781
0.138001
0.272223
0.084860
-0.091362
0.475944
-0.173449
-0.029900
0.027511
0.033312
-0.091272
-0.136151
-0.003930
0.093433
0.193354
-0.226522
-0.107473
0.169483
-0.421935
-0.089897
0.086656
-0.026103
-0.091571
-0.084585
-0.089256
-0.038457
0.136735
-0.427523
0.074954
0.175750
-0.182741
0.005131
0.037101
0.160027
0.144253
-0.061539
-0.335266
-0.010842
-0.243780
0.074076
0.056677
0.138562
0.346267
0.034205
-0.006614
0.070852
-0.098925
-0.009456
0.133891
-0.290242
-0.097117
0.198711
-0.011698
0.128537
-0.055404
-0.264299
0.126787
-0.090273
0.139601
0.085941
-0.117785
0.000604
-0.090329
-0.215871
0.230677
-0.007686
0.395228
0.242148
-0.099168
-0.175422
0.010125
0.386834
0.165160
-0.253855
0.209648
0.266445
0.233620
0.041649
-0.329402
-0.313222
-0.075765
-0.165639
0.132748
-0.038641
0.085676
0.002383
0.021516
0.067369
-0.104702
0.059796
-0.265423
0.096922
-0.006255
0.318524
-0.050149
-0.141775
-0.096144
0.391928
-0.227824
0.069369
0.053455
-0.311282
-0.211344
0.150952
0.008296
0.031835
0.013425
-0.176907
0.038080
0.124238
0.183932
0.121992
-0.009218
0.107129
-0.035677
0.290006
-0.020127
0.133545
-0.206967
-0.064363
-0.162566
-0.069917
0.199448
0.098031
-0.110590
-0.068729
-0.062004
-0.054049
0.383113
-0.125087
0.098692
-0.108556
0.002788
0.280891
-0.007610
-0.103694
-0.077107
-0.397323
-0.124585
-0.183344
0.038346
-0.104812
0.031946
-0.385750
-0.201170
-0.063822
0.050529
-0.275964
0.043842
-0.294103
0.205785
-0.082377
-0.085978
-0.195598
-0.039629
-0.126197
-0.133349
-0.097148
-0.126927
-0.129433
-0.267948
-0.525143
0.041436
0.141933
0.102090
0.006440
-0.190959
-0.139614
-0.153391
0.112043
0.157150
-0.216128
-0.009960
0.000447
0.215697
0.322322
-0.183851
-0.373669
0.261246
-0.188848
0.054797
0.061178
0.132404
0.273883
0.144964
0.199495
-0.176803
-0.054172
-0.026985
-0.017194
0.020594
-0.349749
0.026770
0.514322
-0.058945
0.175327
0.227379
0.226219
-0.026326
-0.038797
-0.045448
0.515411
0.292789
-0.383961
0.506618
0.011687
0.256490
0.298615
0.345986
-0.290193
0.515548
-0.085302
-0.057917
-0.004227
-0.183975
0.072490
-0.013588
0.033760
-0.056069
-0.195771
-0.043634
-0.545388
0.065320
0.249060
0.194749
-0.270441
-0.073584
0.151626
0.193137
0.418158
-0.070180
-0.226037
-0.157993
-0.025691
0.386657
0.069929
-0.050519
-0.094056
-0.175142
-0.027144
-0.275138
-0.129040
-0.192755
0.102630
0.161338
-0.013629
0.406321
-0.080474
0.098937
-0.240981
-0.165326
0.294324
-0.166827
-0.131107
-0.234103
0.289052
0.155444
-0.302199
0.015444
-0.038695
0.330621
-0.124033
0.069346
-0.493868
0.169664
-0.039276
0.056912
0.142784
-0.176098
-0.191372
0.118955
0.437200
-0.366073
-0.450800
-0.286046
-0.054286
-0.001231
0.106548
0.549640
-0.156599
0.079517
0.254390
-0.056738
0.126127
0.121313
0.253535
0.025356
0.139903
0.022289
0.160887
-0.292375
0.056185
-0.070200
-0.152657
0.224793
0.338345
0.070042
-0.142987
0.346428
0.058199
-0.264799
0.027796
0.331320
-0.126834
-0.150079
-0.427974
0.097848
0.241570
0.294246
0.099557
0.070594
-0.079655
0.204194
-0.393872
-0.225883
0.226694
-0.228382
-0.188267
-0.103225
0.188064
-0.239514
0.059205
-0.269587
0.099561
-0.237010
0.220899
0.414108
0.094113
-0.018403
0.069773
0.088128
-0.062945
-0.110650
0.079728
0.301568
0.439243
-0.008334
-0.058447
-0.317496
0.247127
-0.155031
-0.318293
0.128370
-0.143776
0.102724
0.277215
-0.335969
0.206086
0.021579
-0.295760
-0.104198
0.391364
-0.129670
-0.178864
-0.434860
-0.094940
-0.173516
0.311213
0.189485
-0.344032
-0.288138
-0.232993
0.017510
-0.499875
0.239288
-0.042377
0.169230
-0.171929
-0.212134
0.012089
0.186869
0.108858
0.442147
-0.056264
-0.182045
0.204160
-0.123119
-0.049071
0.392280
0.138292
0.131969
0.034549
0.113298
-0.125364
0.071114
0.157223
-0.276038
0.284148
-0.211434
0.206610
-0.054560
0.017471
0.084768
0.298196
-0.043120
0.086112
0.102613
-0.332164
0.137432
-0.063761
-0.015464
-0.006903
0.298112
0.060953
-0.338935
0.278420
-0.106262
-0.001793
0.131420
-0.253472
-0.311562
0.014106
0.090168
-0.140443
-0.191691
-0.138846
