0.030178
-0.254513
-0.030264
0.499583
0.078534
-0.281055
-0.382163
-0.632334
0.204882
-0.169332
0.261998
0.186703
-0.405718
0.381501
0.335408
0.444204
-0.031595
-0.155885
0.510838
0.081781
0.331213
0.078647
0.477115
0.562505
-0.692312
0.018855
0.378132
0.148424
0.413887
0.286390
-0.133824
-0.101060
0.262838
-0.194051
0.541063
0.184473
0.102559
-0.485372
-0.548306
-0.745111
0.438627
-0.599882
0.050223
0.515278
0.468894
0.466198
-0.678793
-0.439454
-0.272105
0.312604
0.084685
0.579502
0.065342
-0.134426
0.807312
-0.346399
-0.520272
-0.063475
0.236197
-0.388189
0.081679
-0.727288
-0.752062
0.176043
0.569005
0.378615
0.164219
-0.627350
0.153360
-0.316043
-0.113595
-0.347028
0.730865
-0.511063
-0.471918
0.684938
-0.826983
0.290278
0.546229
0.325995
-0.810624
0.309766
0.080500
0.322093
0.388919
0.270552
-0.312957
0.114382
-0.612903
0.159876
-0.512374
-0.003386
-0.012712
0.004405
0.204715
-0.089908
0.495693
-0.197249
0.391731
-0.002461
0.075126
0.560603
-0.210778
0.166512
-0.302662
-0.631263
0.395194
-0.133818
0.092615
-0.160444
-0.542596
-0.141656
0.480313
0.288865
-0.165513
0.444949
0.115852
-0.684966
0.483938
-0.012074
0.737428
0.338082
-0.562980
-0.150057
0.117613
0.206732
-0.108170
-0.305912
0.283447
-0.035073
-0.168432
-0.237812
0.069081
-0.057943
0.059618
-0.043221
0.013718
-0.445737
0.122836
0.229320
-0.417122
0.181982
0.334012
-0.052990
-0.770300
-0.037791
0.392157
0.336495
0.087344
0.003918
0.019925
0.408900
-0.295243
0.606606
-0.518861
-0.595257
-0.202595
-0.012910
-0.161877
0.372283
-0.017946
-0.044444
0.431690
0.679976
-0.086611
-0.252827
0.137784
-0.451834
0.503644
-0.066337
0.831048
0.307724
0.093752
0.257830
0.058682
0.304257
-0.542911
-0.610832
0.075925
-0.274939
-0.058548
0.564922
-0.451479
0.351354
0.253334
-0.646986
-0.439858
-0.142703
0.120728
0.343538
0.365904
-0.248392
0.005689
-0.614933
-0.695815
-0.600409
0.389461
0.160033
-0.090980
-0.005414
-0.657629
0.620159
0.019947
0.219278
0.030356
0.130502
-0.936341
0.159082
0.454738
-0.119310
0.413210
-0.071517
-0.621893
-0.288096
0.017116
-0.795238
-0.356285
-0.377095
0.379777
-0.672997
0.061522
0.127592
-0.492821
-0.084636
0.342552
0.176407
-0.181765
0.576112
-0.882192
-0.132757
0.138756
0.421101
0.748932
0.175590
-0.277338
-0.393290
-0.605066
0.335870
-0.051295
-0.584284
0.559272
0.224647
0.491482
-0.282335
-0.303563
-0.169346
-0.282314
-0.663605
0.361268
-0.438951
-0.402874
-0.043286
0.073151
-0.422537
-0.179814
0.130803
-0.728167
0.369694
-0.495271
-0.361659
-0.165135
0.589761
0.165964
0.332398
0.449166
0.539418
-0.230271
0.090568
0.145268
0.263621
-0.382178
-0.633892
-0.457269
0.325370
-0.737777
0.051632
-0.579484
-0.254007
0.423576
-0.609225
0.422218
-0.379643
-0.084678
0.246638
-0.323086
0.710426
0.023132
-0.537971
0.380236
-0.096428
-0.827430
0.057187
-0.680510
0.084909
0.024509
0.302756
-0.581101
-0.598485
0.172280
0.126768
-0.190647
-0.614764
0.282069
0.147598
-0.371192
-0.107446
0.168704
-0.060932
-0.329148
-0.135658
0.342081
0.392626
0.134792
0.115551
0.527617
0.157060
0.275339
0.456247
0.326133
0.415414
-0.599766
-0.869123
0.109997
-0.590691
-0.141948
-0.888163
0.201721
-0.250557
-0.428613
-0.379663
0.207280
-0.298383
-0.425961
-0.026214
0.515848
0.362083
-0.029878
-0.557662
0.476289
0.712271
0.302125
-0.295911
0.153899
0.348638
-0.265627
-0.360534
0.045927
-0.381356
0.080910
-0.468706
0.008831
0.599397
-0.788664
0.094033
0.460383
0.060248
0.764942
0.267674
0.595237
-0.109024
0.937706
0.603343
0.367963
0.073742
-0.013034
0.346007
0.161947
0.732137
-0.641906
-0.635092
0.093809
-0.235996
-0.127030
-0.248527
-0.299208
-0.752512
-0.409821
0.189839
-0.578882
-0.918955
-0.930448
0.776723
0.347297
0.267403
0.342913
0.043854
-0.440685
0.196451
-0.806748
0.809747
-0.916879
0.004993
-0.184805
0.456083
-0.271269
0.539903
-0.114478
0.384873
0.021373
-0.323347
0.402253
0.573358
0.095022
0.525402
0.189990
-0.265068
-0.163742
0.458943
-0.322532
0.327061
0.127402
0.202938
-0.204347
0.695063
0.208648
0.295937
0.661255
0.150136
0.251816
0.362057
0.406808
0.182435
0.032622
0.133552
-0.431523
-0.695179
-0.113371
0.089318
0.428876
0.263561
-0.001564
0.455436
-0.368142
0.372103
-0.677488
0.413139
-0.020356
0.253346
-0.416152
-0.079824
-0.196956
0.426480
0.112921
0.673283
-0.539781
0.115437
-0.132180
0.729175
0.310848
-0.541391
-0.256570
-0.922880
0.224544
-0.127782
-0.620752
0.241398
-0.109888
-0.363131
0.018759
-0.119404
0.391623
0.543818
0.075422
-0.314712
-0.166280
0.747969
-0.282022
-0.926315
0.481260
-0.179273
-0.202891
0.938560
-0.610208
-0.401292
-0.399747
0.656678
0.011999
-0.179515
0.471749
0.819573
-0.785886
0.552525
-0.710384
0.073840
0.284115
0.040281
0.060453
-0.372824
-0.712458
0.012640
0.243626
0.372729
0.060866
-0.449170
-0.911016
-0.151086
-0.250031
0.420603
-0.524346
0.383374
0.214428
-0.173988
-0.092915
-0.000709
-0.044475
0.134754
0.389242
0.584816
-0.268749
-0.154808
0.137190
-0.515900
-0.439696
-0.041722
0.190880
0.304775
0.039771
0.480187
-0.121241
0.025678
0.287350
-0.419675
-0.937603
0.264021
-0.102734
0.264798
-0.224626
0.333757
0.573070
-0.174979
-0.761857
-0.281006
-0.404549
0.103724
-0.437470
0.454353
-0.287010
-0.412726
0.384058
-0.050233
0.115261
0.028585
0.509190
-0.340199
0.032375
-0.312846
0.108617
0.413022
-0.010462
-0.069078
-0.633500
0.203312
0.210807
-0.021862
-0.213404
-0.146494
-0.063903
0.179984
-0.315981
-0.363330
0.359206
0.597221
0.338800
0.571632
0.210506
-0.011292
0.578433
0.135753
-0.439929
0.084388
-0.024059
0.246027
0.074515
-0.609228
0.247122
-0.064703
0.411013
-0.576408
-0.382154
0.084657
-0.602351
0.027021
0.330168
0.301456
0.002470
0.185207
0.777964
0.365177
-0.316746
-0.725425
0.462844
-0.206015
-0.361142
0.515920
0.197564
-0.055672
0.449350
-0.240175
-0.897046
0.335099
0.436684
-0.456873
-0.428972
0.683749
-0.794857
0.509058
-0.388359
-0.024524
0.125915
0.251466
0.226095
-0.182277
0.312151
-0.020755
-0.103654
0.221967
-0.367483
-0.194559
0.039511
0.428996
-0.153063
0.107346
-0.193297
0.376023
0.255162
-0.427205
0.537977
-0.664158
0.096716
-0.631538
-0.296221
0.580939
-0.474422
0.483544
0.364080
0.117370
-0.147048
0.426496
0.131901
-0.302658
0.161437
0.280657
0.297474
0.942546
0.036072
0.482319
0.432674
0.782343
-0.348311
0.687715
-0.015226
-0.053519
-0.131956
-0.193353
-0.286199
-0.063521
-0.149205
0.415589
-0.454757
0.265284
-0.056200
-0.280309
0.480794
0.266766
-0.001880
0.129907
-0.119597
-0.354637
-0.416693
-0.402930
0.556862
-0.311228
0.506195
0.044955
-0.632457
0.022627
-0.532816
0.788281
0.013729
-0.259810
0.352630
-0.242606
0.083515
-0.056036
0.129820
-0.228481
0.625919
-0.375238
0.453295
0.839484
0.577116
0.036998
-0.305855
0.117960
0.234624
0.563612
0.006867
-0.421358
-0.089065
0.282431
0.141839
0.233019
-0.125068
-0.399595
-0.660815
0.131424
0.236557
0.188122
-0.078265
-0.078615
0.496970
0.072271
-0.423367
-0.113194
-0.420503
-0.577042
0.347782
0.514321
-0.229948
0.171348
-0.109472
0.812585
0.010807
0.045863
-0.250690
-0.527067
-0.083155
0.026309
0.066381
-0.138346
-0.661422
0.020526
0.494918
-0.154094
-0.055703
0.684168
-0.327192
-0.688492
0.765376
-0.450967
-0.482591
-0.835881
0.430757
0.110722
-0.428862
0.264141
-0.600656
-0.401540
-0.587393
-0.512301
0.259865
0.180339
-0.415516
-0.283394
0.060745
0.389146
-0.558177
-0.000193
-0.617474
-0.272714
0.361150
-0.460872
0.236667
-0.371738
-0.845309
-0.101681
0.805779
-0.885408
-0.835974
0.369630
-0.273366
0.543402
-0.187669
0.160895
-0.116488
-0.051574
0.022372
0.612597
0.735856
0.389069
-0.211628
0.148205
-0.013598
-0.306017
0.147290
0.387927
-0.163037
-0.138276
0.265664
-0.486322
-0.462296
-0.784523
-0.322658
0.767697
-0.802426
0.219745
-0.295212
-0.301743
-0.132464
0.151507
-0.432398
-0.034088
-0.673751
-0.347661
-0.548917
0.132547
-0.190924
0.294372
-0.158771
-0.244515
0.666617
-0.266108
-0.127884
0.634348
-0.430400
0.024261
-0.331139
0.422518
-0.432314
-0.272712
0.040982
-0.051421
0.138727
-0.292038
-0.204098
-0.814567
0.220733
0.440655
-0.536790
0.535896
-0.670344
0.363964
0.163288
0.169629
0.061649
-0.332236
0.202171
0.011644
-0.614783
0.116781
-0.209265
0.253649
-0.023409
0.264630
0.152847
-0.479516
-0.242073
-0.716978
-0.547500
-0.046951
-0.151832
-0.205751
-0.527193
-0.304584
-0.330691
0.311473
-0.204135
0.521229
-0.181656
-0.158031
0.575083
0.356669
0.013977
-0.179543
-0.154951
-0.179129
-0.155855
-0.407798
0.110017
0.265673
-0.053921
-0.124449
-0.406551
0.220861
0.296420
0.141778
0.544859
-0.290890
-0.438828
0.031343
-0.772296
0.237342
-0.315965
0.757297
-0.076900
-0.149388
-0.528766
0.196170
0.208386
-0.436020
0.641967
-0.835011
-0.208782
0.736510
-0.183649
0.133812
-0.397410
-0.404892
-0.456535
0.343852
-0.135320
-0.582371
0.416663
0.739862
0.184964
0.154333
0.341422
0.152295
0.139302
0.391735
-0.308013
0.112441
-0.835682
0.333612
0.762200
0.535735
0.046076
0.599099
-0.129732
-0.122343
-0.531990
-0.498341
-0.250265
-0.332916
-0.253620
0.681334
-0.185537
-0.902104
0.680516
0.254629
-0.018458
-0.550304
-0.207952
0.044438
-0.462771
-0.706196
-0.136774
0.115990
-0.041098
-0.944540
-0.266510
-0.209746
0.064140
-0.185745
-0.368951
-0.730650
-0.421707
-0.712220
-0.000502
0.217677
0.599227
-0.285901
-0.006230
0.121629
-0.393617
-0.031361
0.110564
0.214899
-0.122104
-0.338444
0.247068
-0.194826
-0.083581
-0.826857
-0.119010
0.225085
0.337914
0.031712
0.503462
0.239623
0.185188
0.398262
0.275566
-0.134792
-0.461088
-0.393198
0.148663
-0.013221
-0.239919
-0.795539
0.399049
-0.515816
-0.605094
-0.133501
-0.347216
0.419711
0.317217
-0.716552
-0.116961
0.098676
-0.182178
0.517939
-0.508155
-0.945017
0.052557
-0.052532
0.125848
0.706163
0.189361
0.108187
0.361729
0.289092
-0.394405
-0.024163
0.180636
-0.422668
0.001992
0.012529
0.019892
0.697185
0.004283
0.373017
-0.077366
-0.525548
-0.191752
-0.252427
0.305051
0.211588
0.075904
0.050483
0.638759
0.116190
0.385440
-0.671106
-0.313156
0.855458
0.174605
0.392790
0.043457
0.704936
0.065660
0.677928
0.246708
-0.009640
0.266969
0.584425
-0.165741
0.258127
0.597210
0.180480
-0.221193
0.052139
0.638536
-0.106800
0.173526
0.684450
0.625146
-0.107038
-0.282858
-0.284270
-0.163404
-0.153657
0.373022
0.185795
-0.067401
-0.033652
-0.108859
0.182781
0.229899
0.739205
-0.241483
0.103808
0.413273
0.526095
0.271634
0.028071
-0.350033
-0.089912
0.450096
-0.568232
0.105209
-0.686242
0.015556
-0.723845
-0.728317
0.378953
0.357210
0.479673
-0.527080
0.107113
0.170382
0.392463
-0.028295
0.504987
-0.260743
0.941172
0.406931
0.056824
-0.626081
0.308532
-0.371740
-0.129776
0.712034
0.135352
0.100734
-0.058071
-0.732739
0.402544
0.440492
0.149462
-0.062710
0.468571
0.242360
-0.119342
-0.595151
0.141999
-0.177159
-0.156774
0.158559
-0.034569
0.181546
0.337143
-0.403343
0.136420
0.076064
-0.327413
-0.065905
-0.132175
0.663408
-0.644058
0.101549
-0.074898
0.049658
0.678563
0.651759
0.674224
-0.047071
-0.529922
0.589675
-0.296651
0.196976
0.100020
-0.015962
0.410516
0.069362
-0.329247
-0.203187
-0.033939
-0.131006
0.485062
-0.653501
0.399937
-0.102935
-0.098454
-0.042362
-0.331814
-0.028275
0.362286
-0.594702
0.869640
-0.301090
0.308277
0.595060
0.772417
-0.289482
0.188021
-0.120746
0.585562
0.144686
-0.106162
0.272090
-0.172386
-0.249934
-0.577247
0.288211
-0.496759
0.171257
0.225110
0.272035
0.149128
-0.400773
0.456059
0.329169
0.360247
-0.178849
0.315390
0.622438
0.588248
0.296635
-0.522421
-0.279244
0.263139
-0.338550
-0.117652
0.156572
-0.140351
0.438415
-0.938856
0.134375
0.023124
0.135482
0.183291
-0.180829
-0.352602
-0.266494
-0.107720
0.350841
-0.588936
-0.323799
-0.908595
0.317230
0.521885
0.535826
0.510417
-0.163621
-0.108465
0.129700
0.457649
0.455058
-0.692157
-0.681034
-0.302039
-0.508520
0.157146
-0.473999
-0.027407
-0.207768
-0.087484
0.621498
-0.605134
0.093413
-0.576287
-0.753282
0.281451
0.396921
0.537220
0.474576
0.172980
-0.862866
-0.037402
-0.508126
-0.568876
0.010775
-0.125905
-0.497050
0.472795
-0.521737
-0.640876
-0.097374
0.054552
-0.073710
-0.433860
-0.546701
0.598499
0.268515
0.027676
-0.458022
-0.332502
-0.298741
0.563168
0.531510
-0.155084
0.561348
0.125813
0.378247
0.155507
0.194747
0.126716
0.891406
0.461454
-0.298861
-0.102440
0.069337
-0.385141
0.326709
-0.733543
-0.263110
0.309729
-0.264716
0.594967
-0.572488
0.380888
0.358706
-0.707750
0.177185
0.100247
-0.260995
0.777883
0.037404
0.607190
0.326404
0.833605
-0.179096
-0.486019
-0.151785
0.206668
0.148355
-0.628772
-0.133718
0.438411
-0.023871
0.432603
0.159505
-0.462699
0.432599
0.638181
-0.254083
-0.634835
0.198588
-0.148994
0.497113
-0.245868
0.226386
0.452899
-0.396700
0.604372
-0.321011
0.118911
0.416596
0.005415
-0.592585
-0.040271
0.471134
0.136834
0.082762
-0.263329
-0.334039
0.254100
0.103683
0.296296
-0.557026
0.563165
0.630251
-0.632392
-0.019262
-0.525473
0.434804
-0.211516
-0.290249
-0.433862
-0.169103
0.839386
0.369803
-0.011260
-0.859578
0.426199
-0.114312
-0.362571
-0.727954
0.365935
0.289040
-0.069518
-0.868851
0.429102
0.686916
-0.112658
-0.437992
-0.583562
0.020329
0.499055
-0.191539
-0.303207
-0.534180
0.460639
0.744983
-0.405512
-0.067305
-0.406862
-0.375254
-0.025270
-0.441454
0.191727
0.441826
0.417614
-0.521955
0.913037
0.033026
0.679084
-0.672005
0.337782
-0.749870
-0.018067
0.070514
-0.273675
0.248832
-0.581540
0.509587
-0.229650
0.671738
-0.365651
-0.343615
0.598962
-0.776527
-0.096545
0.080228
0.237284
-0.680361
-0.560089
-0.016561
-0.039764
0.116801
-0.165750
0.257826
-0.252091
0.264926
0.025569
-0.342524
0.648910
0.370064
0.074428
-0.724312
-0.198053
0.757892
0.904811
-0.227947
0.419876
-0.164930
0.871105
0.865273
0.544167
-0.093678
-0.013771
-0.100468
0.388909
0.006601
0.705052
0.448916
0.447118
-0.568246
0.033229
0.192163
-0.161142
-0.450158
-0.225314
-0.122926
0.435816
-0.891617
0.505102
-0.039837
-0.502864
-0.540187
-0.059165
0.634451
-0.503736
0.095857
0.340259
0.026125
0.047175
0.500335
0.082411
0.434497
-0.117044
-0.555320
-0.220351
-0.089644
-0.316282
-0.281404
0.188501
0.715622
-0.410437
-0.382003
0.326648
0.826396
0.497880
0.153998
0.249242
0.290194
-0.154322
-0.046712
0.621080
-0.675440
-0.661205
-0.020926
0.050298
0.233072
0.022844
-0.537186
0.229413
0.566104
-0.517491
-0.627691
-0.529729
0.865942
0.380183
0.030899
-0.615065
-0.662210
0.406947
-0.375365
0.343230
-0.191627
0.465791
-0.526682
-0.036170
-0.253791
0.319674
-0.214628
0.047836
-0.782450
0.028052
-0.109549
-0.196812
-0.733172
-0.004795
0.564567
0.531081
-0.522560
0.919683
-0.342528
-0.310124
-0.377954
-0.443954
-0.355694
0.092765
-0.041384
0.003713
-0.225863
0.059684
0.263111
-0.047949
0.241376
-0.174565
-0.041274
-0.607499
0.113850
0.104177
-0.617210
-0.675054
0.507653
0.334761
-0.454051
-0.009797
0.561675
-0.027724
-0.470356
-0.003613
0.248118
0.180188
0.398988
-0.639817
0.428479
0.705828
-0.046344
0.261790
0.378994
0.207608
-0.165338
0.405022
0.110510
0.405166
-0.074413
-0.704482
0.859051
0.466545
-0.405607
0.425096
0.429911
-0.271156
-0.710465
-0.040576
-0.305853
0.222289
-0.160132
-0.537903
0.164043
-0.250301
-0.177848
-0.194692
0.080374
0.108735
-0.386321
0.064015
-0.215815
-0.208735
0.263445
0.172204
0.881895
-0.058240
-0.324732
0.428921
-0.362725
-0.030525
-0.067565
-0.613856
-0.574199
0.077519
0.220801
0.783011
0.040644
0.075510
-0.715018
0.190435
-0.728541
-0.467619
0.470898
-0.524145
0.450448
-0.764839
0.252282
-0.351619
0.423777
0.286249
-0.267322
-0.094567
-0.587009
0.004332
0.643070
0.143637
0.412380
0.690976
0.116673
0.223312
-0.516982
0.045806
-0.443608
0.197184
-0.029575
-0.131233
0.014808
0.502688
0.398228
-0.003926
-0.678083
-0.084306
0.349371
0.716365
0.313815
0.477046
-0.088062
0.087696
-0.753921
0.370283
-0.492821
-0.284188
-0.425061
-0.268919
-0.515188
0.306486
0.533220
-0.063078
0.037822
-0.017664
0.417429
-0.703756
0.001221
0.348790
0.912611
-0.676493
0.146625
-0.471511
0.490948
0.325274
0.135026
-0.136663
-0.879833
0.722617
-0.236997
0.140219
0.214442
-0.649091
0.570821
-0.441078
0.299236
-0.345549
0.483296
0.350962
0.061343
-0.115768
0.241523
-0.384534
-0.191118
0.154616
0.813580
0.375011
0.272853
-0.270099
0.437812
0.755347
-0.870339
-0.450078
-0.267169
0.010911
0.192552
0.021743
0.575749
-0.258339
-0.862023
-0.324826
0.059459
-0.058008
0.560624
-0.082692
-0.031012
-0.240666
0.110136
0.694302
0.134516
0.560648
-0.108440
0.043472
-0.189521
0.712684
0.147287
-0.535674
0.770403
-0.034487
-0.073910
0.647611
-0.072692
-0.380462
0.610845
-0.270524
-0.138835
-0.156885
-0.236897
-0.089021
-0.164185
-0.595090
-0.600416
0.035775
-0.184873
-0.462710
-0.230925
-0.168042
0.107421
0.308213
0.041196
0.479379
-0.139201
0.031495
0.239140
-0.230180
-0.384734
0.435566
-0.069545
0.122176
0.299439
-0.608116
-0.535303
-0.116211
0.369032
-0.214356
-0.463329
0.049401
-0.130974
-0.216254
0.124627
-0.089933
-0.797302
-0.609724
-0.000786
0.418114
0.499116
0.460475
0.554879
0.504599
0.004960
-0.812295
0.933538
-0.148605
0.783168
-0.144468
0.140620
0.542187
0.071527
-0.054266
0.034097
0.211538
0.537403
0.138081
-0.020808
0.034671
0.418772
0.103709
-0.732625
-0.222494
0.676185
-0.000334
0.388690
-0.262620
0.393441
0.268748
-0.445374
0.024314
-0.215164
0.578255
0.198857
0.449580
-0.163905
0.205085
-0.157127
0.029164
-0.192015
-0.026018
0.178574
0.385409
-0.038930
-0.352341
-0.226892
-0.017981
-0.151746
-0.443685
0.428283
-0.139496
-0.764383
-0.060941
-0.444431
0.045728
-0.728122
0.047067
-0.103111
-0.327321
-0.348790
-0.078010
-0.608048
-0.068959
-0.409689
0.776421
-0.603528
-0.519351
0.185455
0.192770
-0.261262
-0.749579
0.398609
0.696485
0.315120
-0.328564
-0.282790
0.063696
-0.117882
-0.625512
-0.270144
0.692478
0.017416
-0.016236
-0.231540
-0.147304
0.558694
0.318635
0.618160
0.095306
-0.208192
0.219361
0.204296
0.478573
0.000979
-0.350528
-0.418305
0.067043
-0.177362
0.941328
-0.529369
-0.324976
-0.107090
-0.516865
0.519364
0.260605
-0.190610
0.666699
-0.735510
-0.261156
0.604487
-0.316857
0.497091
-0.385297
-0.180903
0.265891
0.548091
-0.419090
0.095748
0.187047
0.093125
0.300509
-0.033193
0.076208
0.051357
-0.265165
0.597474
-0.006978
-0.052935
-0.626963
0.217644
0.097128
0.187664
0.231341
-0.629225
-0.636047
-0.003570
-0.493964
0.272535
-0.295464
0.132690
0.222833
-0.126903
0.620107
0.519830
-0.223450
0.144613
0.145387
0.209856
-0.328879
-0.030946
0.272476
-0.511537
0.358309
-0.055990
-0.362192
0.229807
-0.217003
-0.062684
0.204887
0.079558
-0.287347
-0.422428
0.212492
-0.169161
0.188875
-0.338160
-0.164388
-0.135775
-0.548249
-0.545992
0.140107
-0.434601
-0.429807
-0.498988
-0.085825
0.186937
0.521394
-0.354288
-0.343894
-0.600908
0.287315
-0.210917
-0.540396
0.007389
-0.368704
-0.099905
-0.779741
-0.307080
-0.195597
0.437271
-0.414760
-0.683442
-0.703173
0.282450
0.246892
0.205500
-0.247522
-0.225150
-0.336501
-0.616493
-0.039791
-0.339823
0.010163
0.633966
0.170042
-0.281865
-0.023806
0.415985
0.158780
0.141644
0.107190
0.234403
0.052737
-0.468554
0.029740
0.580658
-0.061930
0.285609
-0.367979
-0.345497
0.172090
0.245498
0.349778
0.339086
-0.469384
0.121162
-0.267723
-0.035364
-0.286593
0.378257
0.131473
-0.369870
0.249205
-0.354940
0.009490
0.093560
0.270361
-0.162167
0.030113
-0.252043
-0.368395
-0.724038
0.389378
-0.941737
0.507787
-0.089778
0.868228
0.051266
-0.207693
-0.173878
0.631002
0.177788
-0.265963
-0.421243
-0.398511
-0.498300
0.904726
0.021208
-0.599424
-0.352958
0.107813
-0.401890
-0.262245
-0.308849
0.468838
-0.581916
-0.771860
-0.597584
0.052973
0.267177
0.391199
0.642918
-0.359789
-0.372655
-0.265861
-0.154062
0.028222
0.109176
0.805626
-0.141893
-0.223948
-0.654931
-0.051094
0.005071
0.334939
-0.607458
-0.834330
-0.617191
0.089727
0.462269
0.572135
-0.555312
-0.315029
-0.065441
0.348336
0.317173
0.212459
-0.244893
0.014262
0.225345
-0.037264
-0.288289
0.095860
-0.157709
0.299572
0.589179
-0.026019
-0.877331
0.270728
0.352807
-0.531935
-0.432561
-0.458020
-0.682960
0.608333
-0.250791
0.270785
-0.566796
-0.111826
-0.080950
-0.131377
0.339392
-0.384063
-0.653099
0.356285
-0.197472
0.394031
-0.165823
-0.083795
0.182290
-0.386969
0.135003
0.014598
-0.289571
-0.065668
-0.322873
-0.161273
0.518291
0.170315
0.494954
0.354651
-0.200065
-0.761600
-0.356832
-0.187595
-0.126454
0.258381
0.038889
-0.020805
-0.172039
-0.738122
-0.234668
0.078226
-0.772028
0.810769
-0.300279
0.398384
0.150545
0.164148
-0.055778
0.627504
-0.031985
0.921853
-0.068160
-0.416018
0.127757
-0.329511
0.477664
-0.082617
-0.179166
-0.151203
0.000359
-0.267762
0.675815
0.775505
-0.383076
0.464575
-0.036808
0.313573
-0.415624
0.239141
0.604766
0.951096
0.447656
-0.011412
-0.084369
-0.592376
-0.175722
-0.449496
-0.543310
0.092993
0.056070
-0.834654
-0.353714
0.011662
-0.491596
0.077448
-0.757516
0.065251
0.213370
0.027603
-0.753556
0.147405
-0.072301
0.399555
0.403932
0.637344
-0.738832
-0.142631
-0.137834
-0.929338
0.286735
-0.219266
-0.194297
-0.035992
-0.119213
0.041748
0.149482
0.351613
0.330261
0.665776
-0.481329
0.687905
-0.158291
-0.007861
0.121130
-0.441483
-0.106389
0.235806
-0.371621
-0.459716
0.112545
0.402713
0.408090
0.539308
0.364332
0.298326
-0.078343
0.367956
0.366447
-0.805283
-0.268371
0.035623
-0.056179
0.297421
0.802360
0.135053
0.206037
0.221591
0.504536
0.159593
-0.012262
0.668294
-0.663922
0.004981
0.018209
0.071989
0.426958
-0.685859
0.446339
-0.337327
0.845124
-0.373837
0.599074
-0.478287
-0.029127
-0.598346
-0.318027
-0.505860
0.513356
-0.202459
0.108454
-0.297026
-0.410249
0.673450
-0.721196
-0.278465
-0.234825
0.025179
-0.026159
0.547942
-0.039736
0.179464
0.302192
-0.102814
-0.389688
0.062658
0.134360
-0.278231
0.032904
-0.072374
-0.130865
0.717869
0.434805
0.390070
-0.584731
0.544335
0.042715
0.352304
-0.026495
-0.238463
0.012584
0.068596
-0.252106
0.392744
0.008858
0.222011
0.277607
-0.129442
-0.119632
0.593621
-0.797760
0.019215
-0.255762
-0.143200
0.361070
-0.233146
-0.179406
0.779952
0.010316
-0.077144
0.553694
0.084130
-0.083565
0.295173
0.311906
-0.274391
-0.179275
0.326303
-0.254496
-0.271439
0.365739
0.392954
-0.723157
0.106308
0.377466
0.109561
0.113111
-0.643719
0.350568
-0.184559
0.125434
-0.207894
0.505338
0.215369
-0.120514
-0.230567
-0.124887
-0.123261
0.172626
0.493652
-0.699387
0.239009
0.013386
-0.582968
0.076324
-0.139366
0.235475
-0.825970
-0.025462
0.436090
-0.142650
0.109319
-0.321499
0.404705
0.156724
0.089239
0.015699
0.094282
0.233350
0.102588
0.250578
-0.717016
-0.356976
0.078970
0.378814
-0.026624
0.397417
-0.033798
0.150815
0.021575
-0.142815
-0.143359
0.759192
0.567469
-0.240856
-0.631817
0.617957
0.036079
0.401100
-0.445010
-0.802609
-0.613835
-0.276039
0.054610
0.028906
-0.093135
-0.027441
-0.897363
-0.150441
-0.082960
0.096111
0.923593
0.653107
-0.544071
-0.447392
0.349163
-0.589759
0.297117
-0.100731
-0.401881
-0.530047
0.469425
-0.402824
-0.088136
0.551320
-0.528444
0.244790
0.295239
0.067415
-0.105976
0.231751
0.045294
-0.622532
0.145929
0.372583
0.143207
0.542627
0.438592
-0.189579
0.039708
-0.818565
-0.152356
0.295123
-0.295491
-0.110579
-0.115157
0.379416
-0.549105
-0.218961
-0.271448
0.307886
0.224679
0.209988
-0.198487
-0.620783
-0.287495
-0.163912
0.521535
-0.493101
-0.022480
-0.279674
-0.221657
0.605436
-0.152530
-0.374749
0.032860
-0.393800
0.369354
-0.661935
-0.230099
-0.214168
0.477485
0.652615
-0.456059
0.398052
-0.321348
0.567859
-0.076106
-0.594096
0.010728
-0.340174
-0.272007
-0.004823
0.264336
-0.168240
0.062789
0.159833
0.569045
0.344117
0.157157
-0.392646
0.259871
0.125915
0.234390
-0.515441
-0.443773
0.086039
0.210747
0.243179
-0.051031
0.557654
0.429590
-0.856918
-0.517388
-0.283198
0.022922
-0.767473
0.248713
0.216056
-0.052284
-0.264469
-0.042737
0.378079
0.064388
-0.035180
-0.085723
-0.143727
0.554667
-0.065988
-0.053807
0.843214
0.043520
0.484089
-0.592750
0.013170
0.086619
0.416779
-0.491336
0.108166
-0.158916
-0.002508
-0.193768
-0.130649
0.802521
-0.387425
0.270426
-0.028592
0.728423
0.342649
0.761786
0.396388
0.313501
-0.779242
0.704640
-0.428306
0.311574
0.408240
0.193172
0.185674
0.541418
0.669569
-0.184887
0.080821
-0.259882
-0.533736
0.178952
-0.773560
-0.078575
-0.040271
0.165483
-0.108952
0.047959
0.363315
-0.536572
0.429289
-0.726690
0.133835
-0.022527
-0.259526
-0.119652
0.474419
-0.109097
-0.477608
0.555228
-0.531974
-0.694242
-0.247961
-0.156963
-0.358226
0.269002
-0.579321
0.350187
-0.317539
0.354677
0.491568
-0.102907
-0.156040
0.608551
0.098792
-0.220370
0.162651
0.470637
-0.257282
0.515874
-0.210648
-0.130154
0.514935
0.613982
-0.013825
-0.112681
0.266308
0.553020
-0.227935
-0.863378
-0.309434
-0.228449
-0.088143
0.931056
0.591280
0.480929
0.671440
0.519505
0.066577
0.256866
0.248520
0.454589
-0.598301
-0.674807
0.403228
0.024703
0.161662
-0.096313
-0.377371
-0.357602
-0.335131
-0.235896
-0.444580
-0.737512
-0.194904
-0.265858
-0.479495
0.589957
-0.042869
0.423149
0.345192
0.472960
-0.077922
-0.156087
-0.297607
0.683293
-0.103345
0.083502
-0.040173
0.829576
-0.537859
0.791589
0.784274
0.319135
0.293694
-0.222838
-0.380617
-0.693006
0.097589
-0.140910
0.498851
-0.596648
-0.179868
0.172747
-0.223481
0.342818
0.461625
0.335578
-0.112249
-0.269612
-0.161460
-0.475056
0.758571
0.426938
-0.370623
0.068585
0.040154
-0.302977
-0.178463
0.238609
0.164985
0.760237
-0.006610
0.231484
-0.085279
0.497497
-0.138058
0.288311
0.434136
0.229455
0.147341
0.519821
0.204486
-0.196836
-0.114723
-0.864901
-0.073554
0.587962
-0.372961
-0.019448
-0.232704
0.413638
-0.066065
0.370299
-0.545197
-0.297588
0.440003
-0.730489
0.772505
-0.304364
0.030113
0.756495
-0.497628
-0.093290
0.002434
-0.557488
0.334370
-0.453279
-0.094340
-0.760809
-0.259478
-0.700686
-0.803931
-0.280000
0.021125
0.142412
0.121042
-0.185761
0.305949
0.710498
-0.240106
0.299079
0.477293
-0.568559
0.072408
0.155590
-0.816128
0.003673
0.233009
-0.406096
-0.123121
0.412223
-0.034667
-0.260063
0.080558
-0.155714
0.698092
0.666556
-0.254187
-0.402768
-0.303205
0.800705
-0.037848
0.183096
0.897225
-0.955817
-0.479485
-0.020111
-0.107126
-0.566147
-0.748030
0.242591
-0.241812
-0.351253
-0.778752
-0.528644
0.254560
-0.888583
0.317876
-0.329768
0.265505
0.153821
0.508036
-0.033379
-0.764262
0.404056
0.003479
-0.482249
-0.237951
0.492829
0.095935
0.491189
-0.070264
0.309481
0.016819
-0.199714
0.303006
-0.805206
-0.153465
0.300133
0.353626
0.561178
-0.576832
-0.294988
0.086991
-0.015637
0.652710
-0.550168
0.187125
0.448405
-0.469558
-0.353833
-0.061833
-0.697034
0.030084
-0.293644
-0.445472
-0.146976
0.375679
-0.122966
-0.240177
0.197710
0.208460
-0.098852
0.269249
-0.220420
-0.390934
-0.358635
0.299118
0.519540
-0.021811
-0.654676
0.861859
0.285849
-0.872299
0.285376
0.389784
-0.304277
0.021086
0.403947
0.664050
0.246616
0.172533
0.250984
-0.531537
0.192197
0.354516
-0.542510
-0.073938
0.681575
-0.511244
-0.225848
-0.724933
0.700367
0.669906
0.099932
0.658525
-0.118076
-0.596005
-0.032557
0.041311
-0.383349
0.196477
-0.041544
-0.717700
-0.615998
0.167764
0.268557
0.180208
0.782431
-0.238147
0.905545
0.042498
-0.070160
-0.108458
0.800849
-0.057839
0.068982
-0.329354
-0.353716
-0.901530
-0.531360
-0.858506
0.316469
0.143504
0.421773
-0.046949
-0.293264
-0.082282
-0.100323
0.281421
0.691507
-0.454422
0.098366
0.894649
-0.060775
-0.277036
0.540458
0.440153
0.231832
-0.426323
-0.532205
-0.147865
-0.253709
0.529881
0.109815
0.133565
-0.017746
-0.020061
0.098584
-0.047493
0.589405
0.250415
-0.664409
-0.036406
-0.167323
-0.177789
-0.636944
-0.260359
-0.725138
0.475051
-0.246086
-0.355622
-0.108244
0.004714
0.075845
0.354820
0.463284
0.249482
-0.717460
0.619182
0.020363
0.165028
0.083779
-0.013529
0.236704
-0.598285
0.389670
-0.484829
0.373925
0.092916
-0.405309
0.457240
0.377449
0.109772
0.323888
-0.458025
0.233550
0.442219
0.280675
0.533774
-0.283503
0.312961
0.085739
-0.047376
0.006346
0.213669
-0.038749
0.008562
0.404849
-0.365076
0.653413
0.033587
-0.348724
-0.066799
-0.220068
-0.308439
-0.156094
-0.388455
-0.438303
0.258035
-0.344727
0.366771
0.647118
0.243781
0.253486
-0.636018
-0.196387
-0.293850
-0.651129
-0.539125
-0.110586
-0.391409
0.829064
-0.013774
0.033951
-0.069670
-0.655932
-0.632839
0.076454
-0.007794
-0.439076
0.074720
0.244001
0.107215
-0.360424
-0.299519
-0.415652
0.500731
-0.340197
0.003121
0.045891
0.195872
-0.109406
-0.485128
0.129950
0.194939
-0.521331
-0.124599
0.020882
0.174768
-0.232637
-0.015911
0.293965
-0.110299
0.794268
-0.344705
0.462451
-0.546084
-0.035658
-0.167631
-0.677767
0.396213
0.358571
-0.594819
0.520661
0.081427
-0.205824
0.515207
-0.251849
0.124033
0.172938
-0.152255
-0.547412
0.009646
0.396354
-0.344402
-0.472799
-0.036667
-0.036259
-0.135271
-0.157917
-0.062234
0.409536
0.574413
-0.942205
0.609469
-0.839062
-0.174040
0.725832
-0.436810
-0.440893
-0.362692
0.022397
-0.771212
-0.575340
0.160263
0.417391
-0.414736
0.312562
0.002920
-0.581134
0.576810
0.327159
0.215993
-0.030177
-0.464292
-0.806503
-0.405797
-0.215555
0.273030
-0.751844
0.157869
-0.708348
0.246136
0.831305
-0.146045
-0.550553
-0.008060
-0.145864
-0.235736
-0.421845
0.628707
-0.157531
-0.459873
0.120791
-0.220386
-0.044416
-0.047587
-0.130860
-0.158165
0.178358
-0.251591
-0.522276
0.096130
-0.627809
-0.333496
0.550289
0.153639
0.533146
-0.222100
0.166915
0.662224
0.144967
0.518427
0.355777
0.724883
-0.123295
0.344648
-0.374520
-0.186804
-0.751401
-0.066266
0.092084
-0.275626
0.409896
0.029886
0.123179
0.819057
-0.605446
0.470872
-0.419660
0.754441
-0.300308
-0.439212
0.779418
0.223840
-0.663335
-0.546075
0.260354
-0.810334
-0.605291
0.559374
-0.098535
0.148874
0.324005
0.188536
0.515057
-0.557248
0.570953
0.266342
0.049263
0.493140
-0.385385
0.018325
0.605905
0.184190
-0.428087
0.394924
0.002087
0.464914
0.309181
-0.146326
-0.611451
0.818641
0.753052
-0.203787
-0.487959
0.604375
-0.010461
0.206506
0.061645
0.308568
-0.327723
0.289902
-0.324057
0.724378
-0.035440
0.394963
0.696804
0.321416
0.410357
0.510765
0.782852
0.119433
-0.419509
-0.348171
0.840872
0.502125
-0.234382
0.167989
0.651091
-0.128697
0.064773
0.281656
-0.807403
0.078339
0.027554
0.910891
-0.305697
0.438053
0.313133
0.300946
0.594739
-0.274923
-0.177950
-0.216235
0.466781
-0.175081
0.773157
0.012043
-0.275795
0.159111
-0.347858
0.124889
-0.184973
-0.200720
-0.236249
0.053816
0.380506
-0.301697
-0.412522
0.228871
-0.392273
0.336745
0.215790
0.649629
0.077718
0.125526
-0.409482
0.334751
0.657948
0.044807
-0.545542
-0.378603
0.002049
0.333299
-0.594576
0.318352
-0.070873
0.026170
-0.344471
0.300073
-0.307517
-0.125318
-0.476689
-0.413284
0.006071
-0.290939
-0.028213
-0.485293
0.718073
0.416820
-0.062040
-0.040951
-0.498644
-0.414914
0.105225
-0.623635
-0.028531
0.295867
0.402434
-0.490113
0.199606
0.329836
-0.571534
0.046290
-0.203237
0.578221
0.944634
-0.101779
0.170696
-0.152510
0.037236
0.449513
0.617728
-0.243261
0.171033
-0.270658
0.099020
-0.106306
-0.223187
0.521904
0.470682
-0.360353
0.819862
0.172731
-0.542725
0.589325
-0.072337
-0.230028
-0.226378
-0.355973
-0.724609
0.105155
-0.399126
0.044374
0.490562
-0.161170
-0.028901
-0.022460
-0.285050
0.002949
0.004154
-0.579942
0.642568
-0.049380
0.534298
0.093504
0.108200
0.353469
-0.117911
-0.619034
-0.477028
0.625338
0.041967
-0.758163
-0.894764
0.315128
-0.147535
0.105194
-0.018477
-0.547042
0.074141
0.020303
0.142552
-0.011448
0.230020
-0.006003
0.074746
-0.125660
-0.865125
0.030047
-0.655936
-0.914134
0.630120
0.259903
-0.219801
0.284525
-0.285200
0.073968
-0.223325
0.154089
-0.116688
-0.918283
-0.321369
0.648454
0.717441
-0.349687
0.176729
0.268543
-0.019501
0.219689
0.058362
-0.077276
0.307852
-0.584352
0.239381
-0.094899
-0.584577
-0.038579
0.156521
0.327471
-0.379619
-0.231610
-0.073923
0.354550
-0.641774
-0.301285
0.252279
-0.543668
-0.334183
-0.331602
-0.805687
-0.558201
-0.504329
0.260355
0.468523
0.112905
-0.758728
0.513814
0.690760
0.449728
0.857961
0.149896
0.243796
-0.285960
0.325370
-0.237249
0.174957
-0.923130
-0.048484
-0.004441
0.319636
0.470691
0.160359
-0.731932
-0.499600
-0.657098
-0.335425
-0.012360
-0.558088
-0.278381
-0.287701
-0.210960
0.030553
0.493777
0.266930
-0.665913
-0.350870
-0.090864
-0.055539
0.424628
0.243608
0.432953
-0.295710
0.447665
-0.715055
-0.106701
0.414525
-0.073228
-0.380517
-0.413179
0.713056
0.200193
0.146192
0.836437
0.091467
0.740559
0.639732
-0.635514
-0.290321
-0.101261
0.206640
0.101021
0.157428
0.306861
0.512410
-0.249243
-0.653621
-0.362174
0.074137
0.025468
-0.292832
-0.595861
-0.225550
-0.650098
0.001744
0.204574
0.199566
0.162321
-0.445757
-0.193580
-0.404593
0.052616
-0.089823
0.125700
0.047379
0.140675
-0.254586
-0.909027
0.213894
-0.312548
-0.590790
0.051959
0.092106
0.164067
-0.453382
0.049639
0.578775
0.526994
-0.149216
0.240660
0.299890
-0.072201
0.817642
0.155978
-0.386547
0.089370
-0.163646
0.326229
0.045132
-0.463481
-0.434956
0.650192
-0.434132
-0.608700
-0.592522
-0.164147
0.462486
0.200474
-0.611370
-0.542202
-0.788374
-0.084330
0.426939
0.824132
0.277488
0.513752
0.018397
0.827055
-0.018956
0.228583
-0.197546
-0.514554
0.335118
-0.108517
-0.017745
-0.115751
-0.352792
-0.676712
-0.036969
0.261828
-0.085834
-0.415072
0.297940
-0.395991
0.180256
0.127580
0.332373
0.338647
-0.846980
-0.438958
0.618454
0.070387
-0.905086
0.040801
-0.269735
-0.086733
-0.420588
-0.266472
-0.371849
0.284566
-0.329883
-0.008156
-0.162408
0.275580
-0.456896
-0.364273
0.651047
0.648718
-0.629216
-0.040240
0.794153
0.328879
0.385957
0.041888
0.001317
0.892880
0.003946
0.154289
0.534672
0.114695
0.035131
-0.053083
-0.275806
-0.093252
-0.387765
-0.119658
0.210445
0.523377
0.347491
0.022202
0.174192
0.152954
0.300796
-0.274352
0.261609
0.119269
-0.173305
0.651552
0.116951
-0.061896
0.218629
-0.268284
0.418689
-0.208613
0.114089
0.057227
0.494141
-0.037123
-0.352005
-0.233209
-0.341300
0.018394
-0.332366
0.170498
-0.261363
-0.144857
0.524823
0.118355
-0.374668
0.505092
0.244575
0.171391
0.510593
-0.776958
0.189751
-0.667762
0.205817
0.014721
0.070608
0.102455
0.658853
0.128549
0.337268
0.011684
0.172574
-0.646657
0.730958
-0.185227
0.291510
-0.224706
0.222613
0.006154
-0.416329
0.168439
0.784038
-0.291672
-0.360663
-0.252569
0.472997
-0.137200
-0.480538
0.571090
0.933141
0.167681
-0.215364
0.316649
-0.079043
0.336182
0.201964
-0.062766
0.794537
0.029859
-0.048733
-0.481474
-0.262972
-0.071551
-0.016490
0.530665
0.091296
-0.155783
0.004244
0.135081
0.588967
0.563183
0.880355
-0.139957
-0.057520
-0.846820
0.493128
0.429278
-0.253825
0.308163
-0.355528
0.063881
-0.291215
-0.696696
-0.223641
-0.303031
-0.289985
0.021209
-0.428882
0.110664
0.936300
-0.569308
-0.739420
0.197997
-0.463396
0.465024
0.121876
0.431537
0.199136
0.054877
0.401845
0.576924
0.003564
0.096406
0.113433
0.309332
-0.345319
-0.162390
-0.738090
0.234213
0.699604
-0.367835
0.009651
0.185191
0.560366
0.151520
-0.298535
-0.323816
-0.456401
-0.507867
-0.074242
0.135955
0.379858
0.087688
0.535512
0.554983
0.316158
-0.561392
0.556501
0.434031
0.123710
0.741354
-0.610812
0.155241
-0.583397
0.778801
0.389405
0.356156
-0.237929
-0.087015
0.377449
0.689605
0.397797
0.434900
-0.282002
0.286463
-0.249328
-0.678647
-0.209597
0.027986
0.151084
-0.201706
-0.047458
0.602074
-0.078935
0.270773
-0.198850
-0.500386
0.457234
0.073935
-0.257178
-0.576063
0.583755
-0.115337
0.031259
-0.709012
0.500278
-0.412419
0.225021
0.560753
-0.485212
0.645684
0.711008
-0.317229
0.510398
-0.208784
-0.316935
-0.184657
-0.914610
0.184419
0.203459
-0.794689
0.823251
0.113719
0.409504
0.104597
0.858402
0.040521
0.061804
0.560455
-0.932258
-0.380229
0.277112
-0.404958
-0.073784
0.312017
0.088659
-0.120501
0.330599
0.515222
0.584778
-0.209349
-0.161721
-0.583553
0.745046
-0.346789
-0.381241
-0.011439
-0.451281
-0.439082
0.397248
-0.334878
0.126478
-0.596448
0.075070
0.735909
0.588678
0.164395
-0.094702
-0.450455
0.135446
0.039031
-0.273321
0.378449
-0.472357
-0.496378
-0.642542
0.045139
-0.165477
-0.252995
0.200131
-0.959675
-0.141804
0.505001
-0.321412
-0.605724
-0.062847
0.003784
0.005228
-0.405671
-0.202339
0.323014
0.779036
-0.233615
0.091193
-0.324468
-0.237069
0.651088
0.015196
0.054977
0.414626
-0.631987
-0.129839
-0.104667
0.619004
0.517904
-0.011879
-0.290209
0.256524
0.417697
0.051212
0.464969
0.008952
0.347115
0.358137
0.054926
-0.325298
0.531970
0.435757
0.679888
-0.177361
-0.284084
-0.246557
0.041548
-0.301268
0.332897
-0.268205
0.111781
-0.074487
-0.126220
0.433469
0.561276
0.035442
0.093855
0.815802
-0.233934
-0.051025
0.245067
-0.253742
0.001700
-0.317931
0.396515
-0.057894
-0.305255
-0.101429
0.467260
0.162407
-0.141873
-0.627962
-0.676543
0.539350
0.360938
-0.296980
-0.110819
-0.795650
-0.722570
-0.362517
-0.027126
0.106027
-0.428664
-0.422188
0.196767
0.022582
-0.292421
0.042858
0.100601
0.433371
0.044103
0.140333
-0.236069
0.699554
0.204439
0.465496
-0.061125
0.020037
0.017935
0.197041
-0.131012
-0.749434
0.571971
-0.075748
0.315007
0.244532
-0.369369
0.050720
0.280669
0.182303
0.147991
0.205164
-0.399937
0.528367
-0.127738
0.203541
0.309541
-0.661843
-0.242076
0.645068
-0.512490
0.187927
-0.555710
0.658180
0.184118
-0.324984
0.121049
0.036802
0.518022
-0.169161
0.067224
-0.022212
0.379725
0.459350
0.784332
0.166394
0.035226
0.881351
-0.471750
0.210962
0.625535
-0.540601
0.072396
-0.293053
-0.600596
-0.109557
0.445884
-0.721502
0.112407
-0.751157
0.264460
0.341887
0.592676
-0.163999
-0.707130
-0.040567
-0.107402
-0.027820
-0.046384
0.198381
-0.841721
0.079751
0.361942
-0.111679
-0.037554
0.493307
0.039115
0.599643
0.370807
-0.746064
0.121914
0.182058
-0.112781
0.125798
-0.679217
-0.621326
0.081186
-0.052653
0.550665
-0.152350
-0.465583
0.037746
-0.663166
0.478953
0.300538
0.620056
0.265228
-0.521675
-0.565422
-0.290145
-0.222952
0.137042
-0.605259
-0.441271
0.528173
-0.008985
0.129502
-0.227174
-0.820249
0.297200
0.446944
0.206383
0.701588
-0.190920
-0.161495
0.510873
-0.779101
0.244624
-0.558556
-0.268404
0.160969
0.072479
-0.298662
0.124078
0.286151
0.040510
0.608364
0.217277
-0.017216
-0.179405
-0.302403
-0.011583
0.896113
0.552427
-0.256100
-0.836253
0.419730
-0.126683
-0.357959
-0.185991
0.090017
-0.395235
0.369983
0.175361
-0.003517
-0.408402
0.257260
0.471735
0.003763
0.601091
-0.192300
0.548032
0.670020
0.278147
-0.139350
-0.218933
0.222725
0.306731
0.096126
-0.098248
0.479355
0.332918
-0.546950
0.417643
0.482910
-0.275266
0.225178
-0.031656
-0.205724
-0.684087
-0.748470
-0.040371
-0.597207
-0.148565
0.542328
-0.302517
-0.519194
-0.008072
0.055748
-0.486852
0.029250
0.052568
0.733233
-0.426235
0.030876
0.612106
0.186949
0.130638
0.156012
0.719943
0.055366
0.071244
-0.010344
-0.859415
-0.399248
-0.230300
-0.301246
0.312537
0.322631
0.364985
0.501031
-0.155177
-0.284898
-0.236520
-0.124224
-0.026478
0.798284
0.018922
-0.099842
0.017891
-0.356933
-0.351727
-0.146329
0.450210
-0.544419
0.007233
-0.518845
0.327565
-0.918919
-0.023288
-0.073157
-0.076667
0.025946
0.330893
-0.451677
-0.504134
0.845769
-0.634069
-0.655255
-0.521038
-0.537624
-0.226797
0.296144
0.000963
0.077798
-0.368311
-0.239772
-0.126692
-0.145839
-0.127210
0.139888
-0.640069
0.003287
-0.308994
-0.064332
0.317244
-0.233255
-0.433920
-0.072512
0.645902
0.361445
-0.121307
0.302920
-0.265015
-0.554842
-0.554748
-0.501000
-0.457929
0.890285
0.057830
-0.145782
0.263514
-0.304144
-0.429880
0.204543
-0.183933
-0.751378
0.457530
-0.261901
-0.047574
0.156468
0.274192
-0.037302
0.194673
0.706726
-0.046783
0.737742
-0.568102
-0.237543
0.085829
-0.617534
0.140182
-0.222479
-0.178263
-0.064879
0.665476
-0.169683
0.118555
-0.026499
0.405958
0.126113
-0.142080
0.128833
-0.243451
-0.194502
-0.021402
-0.358790
0.773372
-0.469212
0.215186
-0.020652
0.309858
0.367040
0.423369
0.050131
-0.083459
0.075730
-0.383102
0.000102
0.509080
-0.072187
0.272118
0.360271
0.501685
-0.293457
0.994124
0.092170
0.525391
-0.592847
-0.310306
-0.846237
-0.752254
0.302744
-0.591910
0.242317
0.657950
-0.957775
0.672150
-0.086396
0.729834
0.155347
-0.058076
0.153236
0.396782
-0.039967
0.050439
-0.560204
0.209839
-0.521675
0.458322
0.166129
-0.660219
0.175707
-0.012583
0.046264
0.552783
-0.386048
0.072670
0.257297
0.814023
-0.671791
-0.079720
0.485817
0.172331
0.642214
0.506223
0.350919
0.203587
-0.426239
0.139336
-0.079149
0.697748
0.014246
0.104718
-0.601158
0.458320
-0.036574
0.217753
-0.698308
0.013907
-0.089553
0.093433
0.039581
0.700686
0.627655
-0.320346
0.013905
0.112704
0.311990
-0.659346
-0.182882
-0.560833
0.089356
-0.736155
0.081308
0.212080
-0.395316
0.496063
0.219452
0.596000
0.480008
0.086913
0.435141
0.123253
0.313676
0.393252
0.607380
-0.372750
0.261628
-0.256202
-0.179934
-0.223543
-0.476466
0.162969
0.044955
0.661728
-0.005035
0.229021
0.337033
0.127975
-0.111520
-0.435332
0.313063
0.034990
-0.049256
0.289252
-0.472849
-0.908773
-0.251787
0.866228
0.297411
0.165731
0.139520
-0.441036
-0.156608
-0.193989
0.150264
0.020083
-0.160355
0.482876
0.609239
0.099406
0.020328
0.067667
-0.053807
-0.387341
0.147252
-0.055539
0.261689
0.072739
0.070459
-0.415487
-0.470946
0.108575
-0.480412
0.660338
-0.089343
0.358490
0.521198
-0.841674
-0.344890
0.208359
-0.073373
0.279197
-0.461145
0.395749
0.884728
0.466155
-0.034618
0.240422
0.529193
0.173889
-0.784412
0.612155
-0.681381
0.546425
0.310982
-0.088983
0.514635
0.435163
-0.300075
-0.611408
-0.051169
0.404252
0.574967
0.028039
0.161081
0.144494
0.142189
-0.204774
-0.852796
0.648671
-0.240253
0.094615
-0.162231
-0.301266
0.769428
-0.226856
0.102067
0.195464
-0.819848
0.145356
-0.233533
-0.006589
-0.690848
-0.598030
-0.208193
0.314462
0.698029
-0.122538
-0.333566
0.384109
-0.106549
-0.680017
-0.350288
0.109190
-0.264049
0.151436
-0.406851
0.228848
0.305949
-0.283769
-0.103382
-0.564438
0.389595
-0.524416
-0.589332
-0.035243
-0.012732
-0.739314
-0.359036
-0.110860
0.445658
0.724486
0.379675
-0.026741
0.011824
-0.248025
-0.446119
-0.271923
-0.518097
-0.138061
0.187499
0.189214
0.203519
0.162632
-0.693249
0.252876
0.387848
0.223766
-0.364175
-0.027125
-0.622719
-0.003221
-0.206283
0.096312
-0.039745
-0.497174
0.018228
0.442686
0.356794
0.419062
0.118821
0.244449
-0.084191
-0.329479
-0.054858
-0.328261
-0.022106
0.697302
-0.184224
0.650059
-0.236875
0.195804
-0.616571
0.610540
-0.101668
-0.680667
0.173516
-0.401356
-0.600469
0.521975
0.322550
0.114646
0.219520
-0.196287
0.564285
0.502589
0.299819
0.160034
-0.148064
-0.035380
-0.726553
0.518727
0.306379
-0.440099
0.247692
0.767193
0.283904
-0.265597
0.381026
0.345306
-0.004691
-0.877239
0.190201
-0.091371
0.136200
0.176715
0.640474
0.241269
-0.287201
-0.113735
0.174159
-0.176487
-0.268716
0.417122
0.165426
0.687598
0.076777
0.308684
-0.618467
0.069464
0.733930
-0.482405
0.090907
-0.636248
-0.685688
-0.318327
0.117639
0.615522
0.182997
0.258056
-0.155349
0.800280
-0.480566
-0.862258
0.276321
0.024177
0.795308
0.472516
0.611063
0.148078
-0.037567
-0.003170
-0.278273
0.426520
-0.432982
-0.772909
-0.004067
0.152741
-0.096543
-0.418553
-0.398647
-0.155158
0.524099
-0.392407
0.661975
0.798712
0.448281
0.130500
-0.473116
-0.555080
-0.840589
-0.006099
-0.417992
-0.323751
-0.763466
-0.168871
0.427284
-0.137200
-0.018025
0.230649
0.259530
0.809180
0.335551
-0.406869
0.499155
-0.587581
-0.833397
0.350355
0.057825
-0.180848
-0.412037
-0.482456
-0.189309
0.453224
-0.287967
0.406973
0.532084
0.601693
-0.300814
0.432014
-0.679415
-0.411658
-0.714651
-0.422442
-0.400371
-0.322885
-0.386029
-0.084647
0.295475
0.040836
0.155498
0.217255
0.155675
-0.626169
-0.153370
0.119118
-0.100638
-0.371634
0.394021
-0.449189
-0.252358
-0.156559
0.196312
-0.811705
-0.833235
-0.223130
0.849343
0.570952
0.562052
0.557259
-0.349938
0.024538
0.166557
0.359972
0.464398
0.579924
-0.292956
0.106434
0.152646
-0.360841
0.786323
0.617224
-0.030605
0.259815
0.685242
-0.347799
0.589062
0.516219
-0.038395
-0.179161
0.043062
-0.465280
-0.385977
-0.045985
0.325294
-0.087101
-0.089841
0.664110
0.224876
0.378263
0.458609
0.784718
0.563937
0.131151
-0.412879
-0.369560
0.130154
0.158942
0.707009
-0.007069
-0.148461
-0.831394
0.371010
0.171507
0.684355
-0.513171
0.051591
0.078251
-0.192918
0.613822
0.305705
0.363630
0.346570
0.334037
-0.274672
0.179994
0.079095
-0.248506
0.276061
-0.544618
-0.101375
-0.363666
-0.301219
-0.396705
-0.426831
-0.015867
-0.252427
-0.231034
0.738169
-0.350575
0.042359
-0.140273
0.636833
-0.122696
-0.477851
0.616939
0.038709
0.026870
0.180228
0.295127
0.140328
0.304491
0.496846
0.177656
0.139385
0.021641
-0.346485
0.222866
-0.005552
0.551238
-0.247718
-0.073747
-0.077592
0.484133
-0.014096
0.268174
0.211003
-0.522543
0.350047
-0.600417
0.571514
-0.331826
0.029344
-0.162134
0.084905
0.200339
-0.000370
-0.189073
0.289320
-0.585059
-0.077773
0.361855
-0.167808
-0.296733
-0.285665
-0.565152
0.221743
-0.175571
-0.328099
0.448036
-0.579327
-0.113929
-0.410320
0.504119
0.664200
0.079683
-0.003100
0.101263
0.172806
-0.089640
-0.236065
-0.138341
0.080393
0.301753
0.076147
-0.043166
0.361405
0.136020
0.244862
0.425964
0.260610
-0.024420
-0.524916
-0.305809
-0.583545
0.187510
0.397483
0.022565
0.006306
-0.504324
-0.062518
0.427030
-0.840782
0.537963
-0.386860
0.152760
0.545062
-0.683646
-0.012246
-0.522464
-0.482538
0.087087
-0.135015
-0.550149
0.261766
0.249873
-0.455984
-0.030607
-0.154374
-0.766855
-0.022484
0.007399
0.132470
-0.506908
-0.273409
0.591013
-0.702866
0.742197
-0.026432
-0.007328
0.318300
-0.377984
0.304952
0.061827
0.346620
0.648061
-0.501444
0.370840
0.866687
0.347960
0.209786
0.668470
-0.162622
0.652138
0.440971
-0.526854
0.303776
0.143713
-0.233620
0.722523
-0.303145
0.245686
-0.571493
-0.541491
-0.093889
0.976997
0.306116
0.428716
0.024543
-0.256560
-0.354335
-0.794330
0.259778
0.281538
0.028086
-0.688402
0.174746
-0.750354
0.095169
0.136820
-0.005237
0.120191
-0.459525
-0.287280
-0.017845
-0.001027
0.345529
0.197015
-0.007926
-0.168248
-0.306916
0.320041
0.248527
-0.696461
0.022214
0.299172
-0.627914
-0.047027
0.013054
-0.174051
-0.090345
-0.055740
0.370422
-0.636655
0.526780
0.137975
-0.218481
-0.125097
-0.172625
-0.377857
0.578079
-0.067558
-0.031607
0.842311
0.511415
0.280577
0.309852
0.215711
0.580119
-0.382009
0.725207
0.175049
-0.822928
0.046020
-0.334032
-0.253486
-0.125824
0.385409
-0.700528
-0.490506
0.083770
-0.542778
-0.082270
0.443298
-0.109013
0.055672
-0.512635
0.784477
-0.390738
0.201042
-0.084414
0.711182
-0.134082
0.777206
0.102936
0.068264
-0.176915
0.254313
0.605596
0.383013
0.297622
0.016354
-0.168231
0.046013
-0.732402
-0.776897
-0.128757
-0.216679
0.943812
0.510009
0.150149
0.267301
0.411328
-0.255087
-0.231765
0.070000
0.085723
-0.167068
0.020466
0.125033
-0.270932
0.164059
-0.096923
0.002096
-0.665442
0.314655
-0.399784
-0.326268
-0.728382
-0.119573
-0.393254
-0.482680
-0.871884
-0.015570
0.383417
0.915323
-0.277290
-0.282314
-0.574238
-0.281723
-0.176546
0.350278
-0.352792
0.046646
0.021236
0.843864
0.041652
0.129197
-0.449130
-0.363810
0.071790
-0.792892
-0.187935
-0.678074
0.193571
-0.281518
0.214637
-0.160180
-0.892526
0.144741
-0.478905
0.198322
0.009821
0.030771
0.260254
0.678816
0.593967
0.596264
-0.341563
0.885339
0.288455
-0.182764
0.299896
-0.233660
0.411360
0.169700
0.168752
0.073321
-0.131053
-0.272895
-0.194630
0.029847
-0.037790
-0.009063
0.307969
0.571276
0.514982
0.192737
0.524279
-0.349779
0.244732
0.192623
-0.273310
0.374764
-0.272387
0.464250
-0.511896
0.591797
0.116488
-0.808641
-0.350134
0.417494
0.306175
0.190815
0.010131
0.326622
-0.147489
0.429303
-0.453288
0.179073
-0.070994
-0.399287
0.207043
0.553100
0.627506
-0.516027
0.582421
-0.693348
-0.356348
0.070321
0.285126
-0.423537
-0.255420
-0.206401
0.573984
-0.854894
-0.334026
-0.594960
0.555490
-0.224859
-0.491119
0.806337
0.286826
0.211388
-0.151082
0.544661
0.130731
0.384410
-0.455398
0.334947
0.204757
-0.479194
-0.873997
-0.665854
0.675592
-0.346306
-0.344162
0.289926
-0.581418
0.655942
0.163368
0.440906
0.065390
-0.222657
-0.309101
0.525106
-0.039614
0.127547
0.125985
0.320208
0.547513
0.220110
0.524256
-0.147756
0.770595
0.106448
-0.130975
-0.511253
0.242909
0.131428
0.264487
0.859927
0.716431
0.418135
-0.465907
0.593884
-0.304551
-0.108162
-0.506567
0.498113
0.188022
-0.098995
0.217171
0.229957
0.621207
-0.059236
-0.038681
0.735284
0.221009
0.215582
-0.699898
0.080902
0.015726
-0.260294
0.177881
-0.722908
-0.191023
-0.371002
0.071750
-0.087324
-0.593925
0.572064
0.125165
-0.628668
0.302359
0.124472
-0.130946
-0.205879
0.121311
-0.547768
-0.024280
-0.261452
0.290782
0.566465
-0.421482
-0.815008
0.152775
-0.224349
0.339116
0.637595
-0.238298
-0.441020
-0.328764
0.264589
-0.111050
-0.045858
0.019990
0.576627
-0.113862
-0.275711
0.063544
0.062164
0.027862
0.695582
0.184702
-0.214543
-0.781742
0.205298
0.092824
0.208375
-0.027843
-0.506426
-0.702928
0.300388
0.247164
0.655384
-0.457453
0.121105
0.092519
-0.096158
0.454961
-0.545050
-0.372570
-0.596313
-0.910010
0.502216
0.282245
-0.123474
-0.230446
0.212727
0.503874
0.052279
-0.333353
0.034813
-0.187820
-0.082153
-0.791885
0.164859
-0.212503
-0.479156
-0.409591
-0.368349
0.533046
0.186810
0.837574
0.297788
0.722762
0.202598
0.282984
-0.327966
0.382961
-0.004346
-0.525783
0.144219
0.043944
0.013369
0.075569
0.402214
0.159024
0.492374
0.501209
0.006419
-0.083499
0.266966
0.369098
-0.090968
0.159919
-0.529694
0.014188
0.122005
-0.745226
0.213391
-0.425547
0.107990
0.069342
0.834271
-0.815634
-0.041892
-0.595867
0.122248
-0.237044
-0.021174
-0.131615
0.200816
0.407194
-0.265031
0.386291
-0.198602
0.138307
0.012325
-0.120509
0.199864
0.773830
0.286683
-0.002104
0.664084
0.589393
0.171522
0.161986
-0.810248
-0.727775
-0.226830
0.303579
-0.242371
-0.315152
-0.850462
0.364049
-0.595402
-0.094172
-0.119802
0.162352
0.623084
0.314558
-0.055807
-0.315601
0.076359
-0.377601
0.245270
0.731445
0.289541
0.163974
-0.413330
-0.083621
0.020834
-0.407727
-0.082799
-0.437833
0.714535
0.129957
-0.144788
-0.352624
-0.553311
0.520000
0.667749
-0.398980
0.468640
0.379185
0.216484
0.066748
-0.169987
-0.392322
-0.694682
0.472817
-0.200299
0.503482
0.191088
-0.233053
0.560863
0.332748
0.071263
0.575701
-0.618817
0.313316
0.162134
0.012533
-0.261570
-0.188855
0.105157
0.895405
-0.362916
0.186823
0.326915
-0.388569
0.512269
-0.256293
-0.404368
-0.784407
0.689445
0.059002
-0.203902
0.685565
-0.306437
0.003534
0.488085
0.440189
-0.190527
0.353101
-0.701659
-0.312137
-0.424871
-0.639612
0.036881
0.662161
-0.648925
0.880339
0.170926
-0.090511
0.131876
0.190056
-0.315150
-0.406795
0.409143
-0.221500
-0.561542
-0.099234
0.456660
-0.448892
0.192940
0.381960
0.448651
-0.013686
-0.445191
0.625469
-0.286636
0.352764
0.091424
0.193720
-0.577237
0.351207
-0.149403
0.144264
-0.518712
0.060477
-0.225224
-0.440309
-0.613463
0.379511
0.688643
0.385845
0.655682
0.443912
-0.443819
0.156481
-0.040654
-0.268106
-0.229514
-0.019747
-0.584649
-0.118542
-0.101074
-0.051975
-0.394741
0.534969
0.098538
-0.839259
0.185576
0.291758
-0.112157
0.042075
0.263113
-0.003977
-0.206398
0.078354
-0.136409
0.619866
0.129314
0.045835
-0.648359
-0.165158
-0.308582
0.350376
-0.206772
-0.536130
-0.235362
0.383062
-0.333140
-0.336480
-0.237971
0.134534
0.017562
-0.176011
-0.017891
0.596027
0.118764
-0.683295
0.308407
-0.130901
-0.164489
-0.012390
-0.310524
0.106436
0.292999
-0.116496
0.537309
0.027127
0.237518
-0.530419
-0.360997
0.229819
-0.162912
-0.592003
0.103287
0.190300
0.025049
0.291791
0.072947
0.717912
-0.134274
0.059711
0.109144
-0.089155
0.173914
0.128302
-0.281666
0.263537
-0.025176
0.312375
0.125736
-0.108279
0.124104
0.116044
-0.164217
-0.555839
0.194284
-0.246071
0.534572
0.228017
-0.133570
0.573512
-0.597141
0.806619
0.146991
0.701789
0.044014
0.257451
0.419318
-0.395184
0.215761
0.152306
-0.275543
0.825389
0.258666
-0.209283
0.829486
-0.339789
0.601853
0.469146
-0.018652
-0.349319
0.071271
-0.613488
-0.130703
-0.190623
0.056175
0.555803
-0.424172
0.108629
-0.406906
0.413972
0.174560
0.444041
0.557219
-0.693261
-0.161023
0.044094
-0.136142
-0.738157
-0.551586
0.028812
0.505120
-0.049766
-0.499695
0.182710
0.522959
-0.884475
0.295102
-0.533761
-0.323659
-0.360073
0.057747
-0.427346
-0.098388
-0.226028
0.178627
0.110694
-0.216286
-0.129028
-0.069185
0.258194
0.400553
0.881815
0.249725
-0.212207
-0.018063
-0.327923
0.046307
0.717593
0.037231
0.456793
-0.324355
0.797743
0.537552
-0.626819
-0.258536
-0.582179
0.001510
0.065163
-0.304092
0.024151
0.601744
-0.176524
-0.493216
-0.203968
-0.504850
0.302557
-0.364175
0.278059
0.334059
-0.050796
-0.283053
-0.591173
0.037012
0.361978
-0.191651
0.253035
0.589441
-0.027361
0.345962
-0.204041
-0.277513
-0.504958
-0.165780
0.008257
0.701088
-0.086133
0.576184
-0.813696
-0.148610
0.245236
-0.388380
0.894067
0.326608
0.298136
0.172569
-0.712135
-0.115605
-0.227510
0.680863
-0.392880
-0.203326
-0.611716
0.487214
0.521547
0.458285
-0.338286
-0.246155
0.510826
-0.421019
-0.080542
0.538711
-0.199894
0.237568
-0.266222
0.054645
-0.116689
-0.703280
-0.630979
0.321672
0.498060
-0.143769
0.145498
-0.104020
-0.662412
0.204073
-0.419005
-0.158205
-0.352362
0.309426
0.051751
-0.030139
0.040467
0.399805
0.193508
0.132213
-0.074078
0.648666
-0.211566
0.163769
0.029620
-0.146710
-0.444144
0.162854
-0.205306
0.181402
-0.609181
-0.095164
-0.196387
0.476062
-0.258390
0.003624
-0.806021
0.558178
-0.439043
0.125182
-0.573319
0.585890
0.612616
0.226333
-0.153073
-0.980330
0.425059
0.675527
0.060067
0.411642
-0.071314
0.408324
-0.201378
0.064648
0.710826
-0.010679
-0.177819
0.112084
-0.174202
-0.323330
-0.324711
-0.387311
0.602696
-0.146739
-0.575113
-0.271232
0.109351
-0.585450
-0.480904
0.183377
0.647328
-0.207384
-0.319357
-0.376799
0.966261
0.404781
-0.408915
0.318019
0.145160
-0.193372
0.595066
-0.085851
0.436349
-0.323295
0.046486
-0.041974
-0.099793
0.114473
-0.002233
0.115496
0.692269
0.592448
0.017058
-0.770938
0.834757
-0.386363
-0.257311
-0.432496
0.049979
-0.483714
0.366188
-0.392680
-0.442248
0.542860
-0.055743
0.950155
0.154153
0.781188
-0.295323
-0.172458
0.681691
0.107242
0.329683
-0.176484
-0.609946
-0.564293
-0.148936
-0.081406
0.101485
0.234971
0.444707
-0.328699
0.625669
-0.587787
-0.701709
-0.426609
-0.430486
0.614868
-0.417288
0.335322
0.001939
-0.402429
-0.666893
0.332449
-0.278811
0.199550
0.675685
-0.308456
-0.127340
-0.162694
-0.718147
0.191733
0.138835
-0.148300
0.280119
0.136595
0.240954
0.282574
0.523659
0.105074
0.394752
-0.347639
-0.001722
-0.385535
0.665438
0.140277
-0.847874
-0.303900
0.250124
0.631986
0.037666
0.013614
-0.375674
0.028188
-0.018720
-0.171609
-0.527630
0.324589
-0.892973
0.137407
0.631916
0.525136
-0.021535
-0.299915
-0.227340
0.723781
0.298219
0.505362
0.874374
0.590765
-0.157680
0.080205
0.598974
-0.006681
0.139588
0.094671
-0.237293
-0.427909
0.076585
0.182021
0.446090
-0.004441
-0.056314
0.434097
0.602110
0.678967
0.299873
-0.448408
-0.297182
-0.298954
0.457209
-0.374397
-0.547768
0.134918
0.597358
-0.005744
-0.914763
0.376988
0.376931
-0.243290
-0.448876
0.114014
0.178242
-0.743283
-0.214675
-0.090279
0.038761
-0.641684
0.315363
0.681894
0.093364
-0.804461
-0.529824
-0.519539
0.190016
-0.326739
-0.445260
0.296104
-0.054965
-0.518799
0.821872
-0.510480
-0.403111
0.674958
0.500483
0.210844
-0.853512
-0.044266
-0.380387
0.119958
-0.312598
-0.448624
0.843923
-0.139165
-0.855247
0.202975
-0.055533
0.008992
0.153419
0.492265
-0.413844
0.262441
0.175458
-0.408197
-0.092460
-0.127472
0.538119
-0.104538
-0.895226
-0.751662
0.361789
-0.159015
0.459502
-0.142472
0.618913
-0.140845
0.162309
0.149349
-0.377559
-0.051375
-0.258184
0.659983
-0.648132
0.163442
-0.293037
-0.007515
-0.148314
-0.096456
0.015864
-0.657838
0.593950
-0.031904
-0.363893
0.739932
-0.801387
0.270450
0.152348
0.574265
0.222735
-0.039563
0.833195
-0.189679
0.083667
-0.200059
0.115547
0.658295
0.386422
-0.046213
0.517350
0.833531
-0.023928
0.759628
0.193654
-0.079381
-0.042680
-0.622822
-0.290752
0.602397
0.650697
-0.317637
-0.332693
0.753208
-0.326893
-0.165537
0.050185
-0.505094
0.222391
0.426505
-0.146900
0.491175
0.099187
0.399958
0.422386
0.083218
-0.419224
0.275929
0.250016
-0.192419
-0.150916
0.634155
-0.458100
0.563245
0.800818
-0.590473
-0.297101
-0.103708
-0.466583
0.075253
-0.187087
0.606243
-0.132231
0.064471
0.492958
0.667333
0.266573
-0.093211
0.592822
-0.209849
0.229181
-0.455296
-0.366057
-0.330476
0.239387
0.228498
0.257952
0.617133
0.041607
-0.215039
0.172830
-0.141592
-0.731528
-0.209771
-0.117146
0.348041
-0.183462
0.131366
0.615400
0.404521
0.319871
0.085361
-0.204590
0.104772
-0.241415
0.271168
-0.411252
0.199919
0.321660
-0.406305
-0.204422
-0.844930
0.790702
-0.340623
0.359103
0.745531
-0.051915
0.247455
-0.676100
-0.592611
-0.747578
-0.062072
-0.078321
-0.589119
-0.587019
-0.264295
-0.228994
0.654396
-0.028856
0.062679
0.181738
-0.293359
-0.388804
0.039721
0.225930
-0.799094
0.250067
-0.208849
0.673602
-0.085244
0.506426
0.220534
0.564473
-0.329314
-0.223749
-0.202066
0.460923
0.228953
-0.288977
0.273636
0.695240
-0.015058
0.680596
-0.041058
0.051843
-0.813552
-0.028693
-0.528005
0.563085
0.048992
-0.151620
-0.052994
0.050519
0.344719
0.294404
-0.026889
0.382050
0.007280
-0.192052
-0.041837
0.153508
0.021538
0.483427
-0.885468
0.263323
0.627090
0.574023
0.216363
0.516713
-0.705205
0.762601
0.623919
-0.289349
-0.278742
0.136700
-0.424738
-0.239836
-0.283543
-0.011416
-0.202257
-0.578833
-0.463153
0.339682
0.475123
-0.511784
-0.632244
0.428972
-0.228839
-0.838338
-0.648662
-0.682947
-0.028774
-0.179909
-0.367323
-0.442611
-0.730706
-0.667158
0.203502
-0.340024
-0.050833
-0.629671
-0.185321
-0.171528
0.121936
-0.190040
0.186742
0.465864
-0.204008
-0.368116
0.807098
0.183625
0.099682
0.340935
0.495397
-0.138867
0.330953
-0.169758
0.122717
-0.389266
-0.255754
-0.004985
0.726578
0.382989
-0.184640
0.194428
-0.193770
0.035931
0.002348
-0.004429
0.073463
0.211938
-0.773986
-0.021577
0.128321
0.184131
-0.312894
-0.521367
-0.349689
-0.557851
-0.725838
0.421403
-0.710814
-0.846330
0.716502
0.966343
0.587972
0.436203
0.264372
-0.279682
-0.064284
0.079287
0.240305
0.529614
0.402682
0.202737
-0.618016
0.562098
-0.224608
0.405714
0.309129
-0.507717
0.371408
-0.349720
0.398923
0.378327
-0.035139
0.496571
0.140236
0.699553
-0.322050
0.109496
-0.544147
0.036014
0.767119
-0.598009
0.094298
-0.438745
0.395484
0.563241
-0.027560
0.505335
-0.646471
-0.267034
-0.234079
-0.861772
-0.375583
0.702145
-0.607402
0.320818
0.532063
0.002089
0.077375
0.330504
-0.125494
-0.535948
0.165895
-0.076394
0.061618
0.283331
0.710458
0.750175
-0.583356
0.693764
-0.601521
-0.324779
-0.931089
0.101620
-0.461189
-0.664365
0.072600
0.424376
0.236590
0.519556
0.315913
0.707375
-0.095550
-0.572055
0.680381
0.269065
0.139597
-0.692607
0.520090
-0.546931
-0.661772
-0.395351
-0.059014
-0.018984
-0.132474
-0.238893
0.342852
-0.127168
0.969346
-0.007310
-0.133081
-0.643509
-0.082118
-0.148844
-0.106718
0.531244
0.642520
-0.645089
-0.076706
0.217060
0.414457
0.309300
0.635912
0.024329
-0.253614
-0.048024
-0.103273
-0.425965
0.026095
-0.627359
-0.031287
-0.347450
0.457510
-0.008081
0.275004
-0.424324
0.462736
0.070413
0.080733
-0.328168
-0.307106
0.258165
-0.081096
-0.596932
-0.036048
0.331677
0.536349
-0.747380
0.021043
-0.177168
0.295374
0.562392
0.350433
-0.404419
-0.924838
0.451154
0.486814
-0.436571
0.679894
-0.521763
-0.005450
0.500957
0.039409
-0.708464
-0.313984
-0.495873
0.473608
-0.299225
0.245829
-0.355073
0.046023
-0.496403
0.147753
0.232578
-0.366497
0.069099
-0.255613
0.188993
-0.558260
0.026355
0.380082
-0.599954
0.104435
-0.538168
0.131009
0.091599
-0.012541
-0.445135
0.354249
0.510796
-0.060810
-0.171449
-0.137828
0.236262
0.137477
-0.019896
0.522394
0.293080
0.485458
0.441496
-0.166579
-0.022149
0.084372
0.409065
-0.145270
0.739429
0.453493
-0.575936
0.179610
-0.257400
-0.050670
0.084707
-0.515832
-0.024704
-0.228443
-0.334172
0.726474
0.314324
-0.704875
-0.770995
-0.579243
-0.109598
0.052143
-0.222292
-0.777741
-0.536149
0.172515
0.385369
-0.116610
-0.580548
-0.121979
-0.016059
-0.096839
-0.756594
0.070757
-0.866795
0.094803
0.094644
0.574531
0.439403
0.174365
-0.197055
-0.503134
0.253109
-0.149768
0.052017
0.366200
0.546428
0.059120
0.286611
0.462678
0.419311
0.415126
0.288374
0.455777
0.029768
0.377555
-0.219979
-0.450359
0.485594
-0.169159
-0.899335
-0.165419
0.524433
0.439862
-0.296555
0.001444
0.300993
-0.011911
-0.165576
-0.241096
0.443331
-0.098782
-0.001814
-0.627859
0.453659
0.027890
-0.567412
0.262643
-0.513699
-0.730355
-0.672038
-0.126301
0.187461
0.549468
-0.116317
-0.495037
-0.070998
0.284208
0.030988
-0.014903
-0.016488
0.012814
-0.110837
-0.369539
-0.448977
0.066735
-0.716291
-0.067296
-0.405159
0.341069
0.137416
-0.337839
0.256442
-0.324387
-0.145585
0.694160
0.287256
0.626354
0.403132
0.138470
-0.103567
0.103223
0.158372
-0.133425
0.249272
-0.090019
-0.207630
-0.273887
-0.252737
-0.047885
0.589364
0.256492
-0.003695
0.342382
0.186244
-0.112599
0.046998
-0.828775
0.103169
-0.616740
-0.313655
0.488604
-0.575686
0.880754
-0.541526
-0.483566
0.023102
-0.500023
-0.408985
0.013112
0.459384
-0.123917
-0.164108
-0.579492
-0.430705
-0.694706
0.362298
0.413303
0.294795
-0.281026
-0.307935
-0.607844
0.755727
-0.564579
-0.053763
-0.364775
0.784621
-0.261348
0.876584
0.662554
-0.620586
-0.448026
0.748767
-0.440170
-0.092771
-0.268676
0.583235
0.172627
-0.319664
-0.072244
0.164236
-0.828171
-0.071680
-0.259771
0.258954
0.612600
0.133313
-0.279999
0.135986
-0.556911
0.127738
-0.104233
0.785258
-0.197872
-0.041338
0.099727
-0.443270
0.806012
-0.266163
0.406051
0.391591
0.568330
0.573623
-0.446167
-0.422318
-0.879713
-0.097565
-0.601650
0.563531
0.219042
-0.043309
0.196215
-0.226886
-0.568137
-0.066456
-0.360358
0.730294
0.249521
-0.082166
0.000680
0.640727
0.470059
0.314425
-0.112383
0.425368
0.032325
-0.337015
0.038026
0.094662
0.188774
0.074613
0.486966
0.306761
0.141345
-0.377748
-0.586640
0.436829
-0.609512
0.788422
0.810695
0.027892
0.221325
-0.115689
0.472102
0.090032
0.242184
-0.110640
-0.670200
0.171093
0.140515
-0.297324
0.580539
0.272807
0.443808
0.336388
-0.640803
-0.161181
-0.009420
0.320719
-0.083361
0.258831
-0.080126
-0.091286
-0.287950
0.794056
-0.037288
0.099261
-0.280885
-0.269883
0.271559
-0.727739
0.632251
0.583508
-0.022134
-0.594859
-0.301784
0.783778
0.166205
0.601608
0.116201
0.810928
-0.385269
0.467671
0.564837
0.151284
-0.220604
-0.692047
0.490535
-0.429118
-0.401180
-0.243629
-0.393178
-0.108553
-0.027486
0.616278
-0.645756
0.697279
0.000133
0.476742
0.185123
0.151108
0.474965
0.363000
-0.833213
0.313189
0.015456
-0.615321
-0.455727
0.033819
0.023825
0.115436
0.165523
0.061836
-0.054766
0.179828
-0.184336
0.185017
-0.455856
-0.295090
0.707165
0.033354
0.302472
0.207241
-0.042926
0.359952
0.335255
-0.469203
0.332340
-0.046009
-0.290429
0.513102
0.221343
-0.514783
-0.322165
0.800157
0.120895
-0.114519
0.030207
0.230999
-0.570822
-0.407671
-0.353551
0.648606
0.383339
-0.682791
0.413682
-0.791070
0.204182
0.021847
0.701030
0.002855
0.089947
0.711953
0.028538
0.803520
0.589930
-0.240519
-0.158321
-0.352531
-0.419424
-0.191431
-0.221229
0.029997
0.519103
0.162516
-0.177338
-0.146770
0.667431
-0.396860
-0.068149
0.068425
-0.400410
-0.150250
0.088977
-0.832298
-0.140969
-0.219154
-0.361376
0.637822
-0.618441
0.144183
-0.567037
0.660252
-0.261167
0.503720
0.209293
-0.509975
-0.183912
0.737451
-0.288906
-0.573642
-0.142684
-0.552324
-0.327116
0.004377
-0.052235
0.522253
-0.534888
0.069101
0.478498
0.894367
-0.081542
0.506732
-0.605244
-0.141786
0.474722
-0.082831
0.279035
0.142285
0.486237
-0.085478
-0.106841
0.452504
-0.025099
-0.237122
0.518037
0.117922
0.162310
-0.533778
-0.195597
-0.039513
-0.081811
0.222938
0.129970
0.303142
-0.194434
0.181636
-0.164586
-0.634727
-0.105792
0.351791
0.037069
0.169005
-0.690286
0.763326
0.194449
-0.230617
-0.157126
-0.775613
-0.694104
0.529958
-0.049928
0.280945
-0.548442
0.682478
0.187664
0.129227
-0.458068
-0.270598
-0.420911
0.421135
-0.260028
-0.116734
0.720526
0.227690
-0.242871
0.198804
-0.171131
-0.044034
0.176163
-0.136073
-0.348090
-0.109867
-0.519636
-0.033684
-0.875789
-0.391630
-0.743104
-0.120228
-0.325272
0.447490
0.275980
0.119071
-0.048207
0.057414
0.456485
-0.754035
-0.378292
-0.320072
-0.280754
-0.214932
-0.288167
-0.717309
-0.187252
-0.041454
0.345665
-0.069973
-0.031131
0.053250
0.070524
-0.425560
0.574432
-0.133798
0.495939
0.716806
-0.309769
-0.878120
0.565099
0.060107
0.356673
-0.511599
-0.343064
0.017347
0.144052
-0.192347
0.594853
-0.369020
0.352082
-0.845705
0.974921
0.082567
0.175002
0.224827
-0.415005
-0.095342
-0.059589
-0.151933
-0.258642
0.110186
-0.617126
0.077316
0.062611
-0.082125
0.170411
0.291351
-0.026136
0.255616
-0.500622
0.838479
0.506453
-0.687326
-0.374587
0.009263
-0.410379
0.232486
0.395510
0.127022
0.521350
0.031380
0.382373
0.356631
-0.086758
0.376719
0.256077
-0.337207
0.358546
-0.435364
-0.638681
-0.010535
-0.617976
0.071879
-0.507855
0.763219
0.097487
0.571436
-0.361105
0.809784
0.031447
-0.026705
-0.850116
0.418736
-0.396030
-0.428487
-0.063600
-0.230993
0.773035
-0.144843
-0.364246
-0.718269
0.296750
-0.304320
-0.457324
-0.178243
-0.155293
-0.197225
-0.144019
0.499915
-0.325585
0.444322
-0.494061
-0.755230
0.279676
0.120579
0.426836
-0.678748
-0.224594
0.460495
0.020553
0.259532
0.360816
0.014848
-0.113981
-0.127780
0.925964
-0.306650
0.063320
-0.512909
-0.095736
0.203575
0.083362
0.579042
0.818636
-0.254406
-0.442369
0.703437
-0.004590
0.314969
-0.063948
0.168884
0.320098
0.115444
-0.431086
0.095693
0.706366
0.222505
-0.402416
0.051479
0.006703
-0.344761
0.025051
-0.105221
-0.354513
0.943241
0.427921
0.242681
-0.042993
0.597307
0.163094
-0.263845
0.350670
0.607831
0.709781
0.783425
0.550676
-0.003036
0.167467
-0.517013
0.623824
-0.110081
-0.311872
-0.112045
0.314700
-0.281773
-0.574795
-0.600878
0.100109
-0.542716
0.524470
0.165236
0.068232
0.262498
0.830889
-0.472889
0.180349
0.671570
0.140608
0.530910
-0.376678
-0.650973
0.499428
0.184318
0.317716
0.614624
-0.385399
0.692636
0.089410
0.135461
-0.377707
-0.381231
0.106182
-0.187631
-0.956992
-0.006564
-0.646887
-0.690382
0.136068
0.171837
-0.104943
0.064101
-0.118153
-0.125468
-0.755070
-0.487038
-0.761149
0.100124
-0.164862
-0.156412
0.163208
0.596440
-0.875818
0.182403
-0.058906
-0.584210
-0.030334
0.045417
0.271738
-0.037194
-0.696676
-0.870144
-0.783367
-0.594513
-0.043214
0.020464
-0.833434
-0.446843
-0.633427
-0.360434
-0.018848
-0.053456
-0.107509
-0.658996
-0.561720
-0.102566
-0.463944
-0.413659
0.318138
0.464885
0.782848
0.196422
-0.528426
-0.014052
0.462217
-0.109992
0.264891
-0.302225
0.292258
-0.116577
0.645845
0.040675
0.493162
0.681753
-0.189859
0.792004
0.712358
-0.326621
-0.342164
-0.236824
-0.160431
0.479089
0.333347
0.037278
-0.762907
0.806026
-0.516566
0.160696
0.206414
-0.365493
-0.374325
-0.035828
0.212424
0.291269
0.288865
0.088787
-0.202508
0.218214
0.499261
0.017045
0.491621
-0.405697
-0.059371
0.379780
-0.344091
0.089039
0.133316
-0.123972
-0.745156
0.208438
0.413376
0.262335
0.404029
0.115221
0.494125
-0.241852
-0.425193
-0.694899
-0.764711
-0.142512
0.286465
-0.010602
0.082482
0.516920
-0.745777
0.383967
-0.443808
-0.042203
-0.386859
-0.076982
0.558173
-0.206473
0.231651
-0.046792
-0.364205
0.042761
0.294730
-0.634624
-0.207080
0.366047
-0.595664
-0.317185
0.186368
0.316353
0.470271
-0.718689
-0.252434
0.166245
-0.111564
0.229438
0.094797
-0.029667
0.210607
-0.853360
0.172577
0.725064
-0.219049
0.122190
0.236432
-0.600049
-0.416968
0.580121
-0.449747
0.331172
-0.150039
0.640495
-0.339732
0.464563
0.133456
-0.686571
0.006744
-0.088468
0.298640
-0.833277
-0.360923
0.905389
0.326205
-0.666750
0.396339
0.164631
-0.605200
0.140222
0.643715
-0.280124
0.029539
0.055401
-0.472521
0.422300
-0.188850
0.053192
-0.341017
-0.035123
0.443728
-0.162172
-0.517761
-0.233746
-0.492829
0.096949
0.561685
0.214353
0.211390
-0.571371
-0.050066
-0.124296
-0.641935
-0.975087
-0.556672
-0.162168
-0.740612
-0.554161
-0.927946
0.581939
0.023689
0.191877
-0.419109
0.108138
0.297551
-0.069931
-0.520193
-0.700247
-0.620745
-0.308412
0.595774
0.654620
-0.739898
0.795699
0.460278
-0.577841
0.197595
0.369583
0.138873
-0.154477
0.336304
0.119289
-0.030358
0.419163
0.176509
0.165779
0.200079
0.274564
0.458113
0.391882
0.195436
-0.716988
-0.369410
0.197395
0.523000
-0.392016
-0.066953
0.266342
0.217000
-0.777282
-0.051163
0.150153
-0.211376
0.202713
0.812347
0.207828
-0.035089
-0.046225
0.277388
0.645086
0.169246
-0.120099
-0.213927
-0.323013
-0.513515
-0.477665
-0.011771
-0.688288
0.130599
-0.194101
0.151007
0.483713
0.251784
0.598990
-0.186908
0.016406
0.284988
-0.466164
0.258204
0.091807
-0.206357
0.405881
0.506002
0.580011
-0.761100
-0.213987
-0.287470
-0.000761
-0.000438
-0.252794
0.478347
0.770754
0.150712
-0.084883
-0.175080
-0.652276
0.238235
0.563026
0.181383
0.342261
0.004679
-0.235340
-0.557871
-0.123085
0.301249
0.127267
-0.258231
0.201944
-0.080199
0.691672
0.233161
0.240265
-0.311433
-0.172160
-0.081814
0.381102
0.127665
0.203343
-0.493660
0.401850
-0.131963
-0.480948
0.558636
0.346798
-0.210103
-0.106989
0.266519
-0.056064
0.538799
-0.208453
0.174027
-0.022167
-0.155323
-0.056573
0.853246
-0.525664
0.339488
0.602069
0.664573
0.527364
-0.055711
-0.831401
-0.596317
-0.110008
0.831132
-0.736023
0.686024
0.175621
0.578492
-0.750877
0.547965
0.498330
-0.167029
0.297476
0.169116
0.283011
0.067021
-0.044357
-0.125231
-0.039811
-0.558802
0.315020
-0.085521
-0.185679
-0.305453
0.128588
0.436009
0.630756
-0.715917
0.200125
0.292554
0.488509
0.000817
0.226820
-0.229128
0.122216
-0.039652
0.385686
-0.022694
0.027989
-0.247576
0.166540
-0.365168
-0.207695
-0.293882
0.151244
0.264940
0.701127
-0.690745
0.281267
0.619491
0.008346
-0.264902
0.535530
0.826026
0.530823
0.468819
-0.426936
-0.255074
-0.236284
-0.024944
-0.479886
-0.018928
-0.414691
-0.425901
-0.261310
0.235480
0.439529
-0.122278
0.006077
-0.748454
-0.562863
-0.562919
-0.075883
0.726454
-0.169952
0.262998
0.216568
0.506331
0.135439
0.772374
-0.706255
-0.142764
0.804656
0.233616
0.077947
-0.078932
-0.181577
-0.168883
-0.162424
0.207708
-0.260526
-0.438091
0.058119
-0.636342
-0.061819
0.271652
-0.592450
0.787842
-0.058337
0.757220
0.125657
-0.274293
0.303623
0.069705
-0.595518
-0.118208
0.026439
-0.791516
-0.117464
0.347478
-0.785659
0.474294
-0.191454
0.211350
-0.547872
-0.027444
-0.549588
0.877077
0.384686
-0.833125
0.359132
0.199573
-0.010136
0.163521
-0.370448
-0.223772
-0.161702
0.014303
-0.120537
-0.426836
-0.224871
-0.083287
0.037572
-0.515515
0.781226
-0.166514
-0.002745
-0.277252
-0.134090
-0.217951
0.432717
0.058863
0.021230
-0.350156
0.844562
-0.456682
-0.705744
-0.185735
-0.500954
0.070531
-0.218204
0.200999
0.054557
-0.622341
0.187088
-0.068288
-0.238321
-0.308483
0.315669
-0.328230
0.204999
0.486235
-0.296719
-0.099638
-0.052259
0.388335
-0.757189
0.232104
-0.092948
-0.247106
0.648655
-0.278180
0.172990
0.545546
0.506899
0.011205
-0.085609
0.218957
0.607534
-0.505552
0.183531
-0.392366
0.383587
0.465904
0.540880
-0.533657
0.380053
-0.891992
-0.344490
0.743505
0.044883
-0.138665
0.081845
0.909756
-0.594027
0.054323
0.657948
0.320514
-0.181761
-0.125394
-0.025688
0.008995
-0.343615
0.343727
0.292915
0.636338
-0.004250
-0.075858
0.319836
-0.359408
0.636213
-0.292828
0.130748
-0.529829
-0.000854
-0.312938
0.413254
-0.009533
0.346265
0.083193
-0.453589
0.485698
-0.150789
-0.025693
-0.819728
0.131821
0.059933
-0.809743
0.342756
-0.327714
-0.081073
-0.621277
-0.094543
-0.370045
0.489275
-0.624342
-0.404985
-0.053747
0.486345
0.410466
-0.042305
0.399182
-0.454443
-0.787353
-0.117739
-0.375752
-0.108937
0.796153
0.250939
0.031118
0.145089
0.655309
0.300013
0.698549
-0.205562
0.301322
0.394726
0.535886
-0.476580
-0.517177
0.852483
-0.140901
0.620335
-0.352304
0.109195
-0.119266
-0.051417
-0.127996
0.118421
-0.253617
-0.316696
0.253592
0.065924
-0.601235
0.612920
-0.363035
-0.157704
-0.352230
0.134633
-0.494865
-0.542536
-0.535138
-0.749485
-0.320361
-0.387227
-0.373680
-0.166338
0.223906
0.252775
0.348172
0.621986
-0.222194
0.495196
0.412843
0.425910
0.791617
0.330143
-0.168404
0.032006
0.597389
0.492737
-0.031751
0.628351
0.037573
0.242932
-0.099483
0.103270
-0.522784
-0.415952
-0.078718
0.302670
-0.781345
0.200397
-0.526134
-0.081456
0.477479
-0.053745
0.329707
-0.051571
0.452580
-0.440422
0.359328
-0.214200
-0.203349
-0.587838
0.256701
0.140892
0.055234
0.648659
0.431820
0.416183
0.015671
-0.583769
0.341406
0.800178
0.101124
0.433960
-0.486259
-0.232564
-0.345830
0.983630
-0.025622
0.196604
0.313347
0.217171
-0.197813
0.402363
0.367696
-0.267037
-0.024686
0.360530
0.309106
0.081255
-0.081695
0.312943
-0.495164
-0.108894
0.199935
0.772618
-0.562335
-0.188739
-0.400224
-0.009516
0.465712
-0.268199
0.339141
0.696295
-0.034151
-0.247151
0.504094
-0.219972
-0.011512
0.586444
-0.276421
0.028197
0.025330
0.278182
-0.145628
-0.445848
-0.433099
0.117673
-0.565506
-0.108606
0.032348
-0.228121
-0.394334
0.269746
-0.118029
0.317288
0.386688
0.307901
-0.041521
0.421484
-0.545981
0.058866
0.302179
-0.524194
-0.357559
-0.615290
0.558367
-0.042973
-0.284426
-0.103584
0.068224
-0.360572
0.216569
0.268985
-0.144204
0.783555
-0.175162
-0.271306
0.592512
0.495235
0.214939
-0.041029
-0.418551
-0.133249
-0.535075
0.455567
0.084043
-0.808427
-0.105916
0.459981
0.333865
-0.201895
0.084486
-0.096660
0.329438
0.633633
0.059139
-0.089796
-0.121965
0.379462
-0.078543
-0.266796
-0.214004
0.017336
0.209152
0.907351
-0.407501
0.163690
0.893084
-0.374194
0.208734
0.682520
-0.130856
-0.160648
-0.320850
0.679133
-0.876745
-0.283601
-0.428099
0.009099
0.384310
-0.442910
0.535789
-0.704020
0.621715
0.247093
0.218885
-0.565069
-0.143207
-0.034963
-0.311521
0.229548
0.428493
0.104744
-0.336360
-0.523817
-0.244094
-0.314206
-0.452997
0.170785
0.070177
0.110707
0.102045
0.431985
-0.190542
-0.483404
-0.699641
-0.829525
0.517221
0.431863
0.754931
0.594259
0.353436
0.254009
0.900778
0.415305
0.907684
-0.241973
-0.112085
-0.499675
0.002338
0.345606
-0.351547
-0.037610
0.222709
-0.368459
-0.549745
-0.286745
-0.237692
-0.509203
0.078485
0.147571
-0.579250
0.284286
-0.489277
-0.366875
-0.386976
-0.019599
0.148297
-0.298353
-0.407882
-0.453676
0.162523
-0.234345
-0.279172
-0.272410
0.826407
0.450791
0.373850
-0.322154
-0.116152
-0.146791
-0.368949
-0.397291
-0.455852
0.330808
-0.558936
0.295180
-0.079172
0.001073
0.459573
-0.363708
-0.430941
0.241102
-0.123207
-0.081739
0.080884
-0.637935
-0.226292
0.288183
-0.141125
0.473377
0.363314
0.124680
-0.052918
0.028223
-0.280700
-0.618088
-0.532948
-0.399074
0.242235
0.379192
-0.585633
-0.755468
-0.777135
-0.023909
-0.388684
0.391607
-0.139443
-0.152210
-0.051580
-0.046257
-0.588383
0.264883
0.138335
-0.245993
-0.152494
-0.275518
-0.673525
0.309522
-0.740691
-0.644610
-0.109903
0.113152
0.270309
0.781627
-0.030250
0.532022
0.200705
-0.829408
-0.081044
-0.190390
0.448605
0.213618
0.717181
-0.594229
-0.196975
0.123745
-0.471144
-0.320079
-0.247147
0.081567
0.023364
-0.039909
0.227217
-0.447976
0.059518
0.310007
-0.478567
0.368036
-0.050423
-0.130025
0.094871
0.260134
-0.406024
-0.216283
0.423888
-0.191501
-0.349738
0.613203
0.701481
0.659019
0.259921
0.192897
-0.672543
0.104612
-0.066935
0.227525
0.584814
-0.523271
0.540913
0.248357
-0.128665
-0.134957
-0.570241
-0.328211
0.000538
0.232235
-0.260950
0.589653
-0.414551
-0.530439
-0.788189
-0.772340
0.893574
-0.404998
0.061892
-0.430092
0.323751
-0.709923
0.193507
0.203692
-0.367984
-0.367227
-0.073984
-0.330337
-0.784545
0.236124
0.095317
0.782735
-0.097020
-0.037135
-0.363750
0.029579
-0.020385
0.033600
-0.249604
0.202758
0.243958
0.118213
0.527635
0.198950
0.460758
0.193962
-0.452487
-0.544069
0.268241
0.445978
0.378332
0.201005
-0.524608
-0.841041
0.653575
0.732881
0.403895
0.295992
-0.485264
0.702934
0.084301
0.226399
0.810649
0.495101
-0.939888
-0.148209
-0.290162
0.601796
-0.343147
-0.367733
0.086285
0.004086
-0.564358
-0.217822
-0.456996
0.041709
-0.080974
-0.357936
-0.262969
-0.060107
-0.128578
-0.705805
-0.677148
0.366792
-0.017641
0.106624
0.226800
0.151608
-0.023439
-0.110452
0.441280
-0.093435
-0.208131
-0.339643
0.021321
-0.200940
0.387273
-0.265720
0.659636
0.437088
-0.695057
-0.780678
-0.510892
0.188848
-0.086288
0.104595
-0.175161
0.515093
-0.230857
0.069150
-0.215303
-0.576894
0.856841
0.152980
0.224854
0.436639
-0.668460
-0.138521
-0.447558
0.181177
-0.042132
-0.101488
-0.246415
-0.332619
-0.434832
0.142775
0.065211
-0.276406
0.455066
-0.207347
-0.203294
-0.678919
-0.364827
-0.500738
-0.350957
-0.631848
-0.563529
0.003665
-0.690447
-0.418486
-0.361944
0.176490
0.028910
-0.810437
0.285914
0.082072
-0.019340
-0.622712
-0.130527
-0.129494
-0.366975
-0.032222
0.023773
0.357155
-0.610442
-0.733242
-0.335907
-0.691155
-0.522038
-0.081821
0.019344
0.200998
0.283242
0.117899
0.397206
0.276770
0.142040
0.715463
0.263047
0.162022
-0.416018
0.447558
0.255131
0.131744
0.305303
0.087827
0.476837
0.121895
-0.599799
-0.808933
0.626928
0.195932
-0.084591
0.055136
0.298288
-0.311726
0.255727
0.130999
0.257287
0.380342
-0.208024
0.443129
0.102714
0.337488
0.815464
0.421947
0.564903
-0.229596
-0.032740
-0.586516
-0.170832
0.217017
-0.184324
0.241445
0.459861
0.015198
0.068535
0.795839
-0.243040
-0.076194
0.705843
0.312564
-0.316658
-0.214040
-0.290799
0.367777
0.111153
0.366607
0.076387
-0.772776
-0.056274
-0.131809
0.011702
-0.689033
-0.100483
0.114694
0.051985
0.736717
0.199218
-0.295679
0.218580
0.508686
-0.178772
-0.103450
-0.141434
-0.016538
-0.197103
-0.230557
0.551628
0.492067
0.479173
-0.763622
-0.419723
-0.107067
-0.663796
0.198803
-0.061759
0.457190
0.342282
0.054740
0.814940
0.366733
0.178971
-0.365783
-0.262988
0.229860
-0.498264
0.713858
0.274916
-0.064495
0.528582
-0.342882
-0.059115
-0.560469
-0.055965
0.147555
-0.179934
0.030290
0.587069
0.182954
-0.220944
-0.695182
0.750607
0.114674
-0.432759
0.415583
0.104404
0.339769
-0.426401
0.480863
-0.633957
0.159187
0.544219
0.454519
-0.700851
-0.858926
0.412274
0.299706
0.277753
0.109543
0.008870
-0.706821
0.489824
0.030454
0.217223
-0.325485
-0.430374
0.152669
-0.293826
-0.090498
-0.344630
-0.013230
-0.002651
0.586539
0.258786
0.628393
0.290939
0.113841
-0.469756
-0.114688
-0.264673
-0.367606
0.030015
0.172641
0.459878
0.564407
-0.239346
-0.360901
-0.492791
-0.275583
-0.301305
-0.417746
0.375077
-0.107093
0.495781
-0.291902
-0.005768
-0.444168
-0.737115
0.160349
0.608629
-0.373393
0.297850
0.147962
0.476473
-0.558846
-0.328200
0.005392
0.302974
-0.669574
-0.666645
-0.483645
-0.421891
0.292664
-0.285175
-0.541331
-0.008804
0.220899
0.466518
-0.201691
-0.507477
0.182681
0.264729
0.529300
0.165342
-0.106995
0.456988
-0.345792
0.141917
-0.262910
-0.063122
0.022982
0.306356
0.237183
-0.095053
-0.620448
0.731925
0.793708
-0.268128
-0.031821
0.236414
-0.560175
0.461869
-0.361181
0.369222
-0.623064
-0.375026
-0.924889
0.122859
-0.293906
0.605352
0.366944
0.453379
-0.104019
-0.157798
0.259829
-0.169207
-0.412344
-0.134152
-0.390844
0.686719
0.525592
-0.105606
-0.363482
0.687107
-0.495407
-0.117014
0.268817
0.052662
0.100235
0.155375
-0.120114
-0.134189
-0.209916
0.695221
0.112782
0.049420
0.032912
0.273587
0.252653
0.475653
-0.563281
-0.067664
-0.764085
-0.592489
-0.407281
0.630471
0.147643
-0.226163
0.123354
-0.564415
0.348295
-0.655811
-0.404597
0.202364
0.705740
-0.456894
-0.354110
0.340572
0.313069
-0.237243
0.176215
-0.110279
-0.458740
0.242096
0.060045
-0.345169
-0.727270
0.080802
0.145067
0.065891
-0.246737
-0.229175
0.333378
-0.040802
0.069247
-0.258894
0.810507
0.032797
-0.677812
0.634738
-0.542881
0.162543
0.413339
-0.787170
0.184899
0.310736
0.014384
-0.421957
0.506742
-0.624603
-0.816329
0.420986
0.172080
-0.272753
0.015244
0.571258
-0.593589
-0.140067
-0.225816
0.303310
-0.037569
-0.019067
-0.104523
-0.374314
0.262744
-0.033507
-0.437896
0.131193
0.243922
-0.693724
-0.460116
0.169756
-0.121537
-0.695448
0.716415
-0.073177
-0.218679
-0.163651
0.436090
-0.779101
0.294451
-0.200971
-0.731049
-0.511072
-0.292081
0.416678
0.029406
0.393723
-0.797393
0.527521
0.467452
-0.624957
-0.541108
-0.016247
0.205180
-0.280713
0.225239
-0.121479
-0.014402
0.264027
0.091876
0.419531
-0.408416
-0.448711
0.648944
0.507434
-0.499555
-0.543072
-0.233282
0.160218
0.039001
0.724152
0.011789
-0.252623
0.464992
0.341265
0.807278
-0.310766
-0.368995
0.143613
-0.134570
-0.453670
-0.443782
0.398993
-0.100014
-0.171579
0.281891
-0.030261
-0.404749
0.144374
-0.161272
-0.348837
-0.209458
-0.072099
-0.437458
-0.172223
0.479305
0.057377
0.432595
-0.360861
-0.290533
0.039355
-0.308113
-0.803247
-0.308373
0.343367
-0.059977
-0.311196
-0.496910
-0.442009
0.649843
0.066702
0.237455
-0.648910
0.857563
0.419160
0.621722
-0.867934
0.478501
0.261411
0.078378
-0.009627
0.838420
-0.417305
0.354603
-0.221083
-0.477776
0.753497
0.651728
-0.116573
0.253608
-0.213611
0.180784
-0.337049
-0.308492
-0.216386
0.618752
-0.247682
0.286797
-0.096323
-0.474521
-0.188030
-0.831130
0.055701
-0.770018
0.330506
-0.701365
0.653938
-0.281539
0.468703
0.499668
-0.177412
0.354870
-0.643326
-0.192389
0.283935
-0.558903
-0.428946
-0.179304
-0.886776
-0.373209
-0.687619
-0.380793
-0.091135
0.525926
0.383586
-0.073920
-0.244597
0.380845
0.770924
0.208835
0.191723
0.465593
0.259423
0.550214
-0.455250
0.191413
0.865026
-0.000605
-0.070322
0.118900
0.186107
0.265753
0.396092
0.593309
0.227838
0.215894
-0.809130
-0.336062
-0.556828
0.091717
0.449428
0.316995
-0.454464
0.871673
-0.117306
-0.485550
-0.808866
-0.420938
-0.270720
0.129543
-0.103997
-0.504159
-0.159709
0.211056
0.412826
-0.364263
0.176433
-0.013003
0.522228
-0.653356
-0.230422
-0.130606
0.770116
0.713278
0.621110
0.306960
-0.107396
-0.292327
-0.859524
-0.587203
0.395986
0.198766
0.365865
0.525483
0.565842
-0.318812
0.140227
0.126432
0.089851
-0.463322
0.970052
0.147372
-0.471696
0.659606
0.506384
0.264749
0.357589
0.527392
0.204634
0.248125
0.158859
0.285315
0.338420
-0.034859
-0.204251
0.171192
-0.045789
0.015160
0.084186
-0.811564
-0.430231
0.708427
-0.266462
-0.017595
0.201581
-0.237257
-0.414773
0.036243
-0.800420
-0.266228
0.552513
0.326763
0.116198
-0.022370
0.483194
-0.001380
0.878668
-0.244253
-0.361397
0.098231
0.192395
-0.246186
-0.700138
-0.046431
0.128694
0.614268
-0.396048
0.202096
0.204950
0.763265
-0.059863
-0.420499
-0.552385
-0.003465
0.732374
0.115922
-0.021652
0.175764
0.132847
0.409465
0.373735
-0.305836
-0.061109
-0.358807
-0.294846
0.106786
0.206944
0.447088
0.498713
0.547998
-0.081458
0.626514
0.115539
0.368829
0.075228
0.034595
0.655949
-0.249117
-0.294867
-0.446609
0.299295
0.371866
0.290380
-0.697059
-0.108387
0.262618
0.041710
0.291114
-0.302037
0.488307
0.417195
-0.412124
-0.260541
0.360330
-0.660652
-0.669344
0.154857
-0.023064
-0.098857
0.250792
0.556558
0.609873
-0.342077
0.426278
0.320618
-0.561684
0.122402
0.446153
0.338995
-0.846695
-0.204145
0.561527
0.215118
-0.035826
0.658083
0.161028
0.140230
-0.067287
-0.257938
-0.133647
-0.533324
-0.279891
-0.054815
0.046165
-0.424788
0.552584
0.041774
-0.678361
-0.010584
-0.716307
0.229784
-0.156635
-0.365089
-0.240889
0.379359
-0.313319
0.302149
0.519955
-0.721049
-0.286889
0.207608
0.710084
0.318291
0.012405
-0.211255
-0.445870
0.157966
-0.227665
0.213138
-0.773650
0.267350
0.023991
-0.571184
0.758222
-0.520938
-0.465543
-0.629339
0.495598
-0.358843
0.383093
-0.121709
-0.422060
0.635170
-0.490898
0.103733
-0.392485
0.482158
0.259746
0.717089
0.623967
0.426140
-0.139716
0.139522
-0.126623
-0.088318
0.258033
-0.434785
-0.230982
0.515864
0.611963
-0.489179
-0.382391
-0.273598
-0.391558
-0.081905
0.078298
0.194232
0.297437
0.023698
0.660769
0.846846
-0.579011
0.543923
0.445875
0.470614
0.026973
-0.605000
-0.418033
0.502655
-0.394784
-0.479648
0.374293
-0.233033
0.222818
0.832242
0.295803
-0.414612
0.373168
0.682353
0.436696
-0.655090
-0.486169
-0.042750
0.442956
-0.787650
0.175995
0.018448
0.235123
0.001355
0.505609
-0.155544
-0.327419
-0.277124
0.260564
0.668079
0.362423
0.147194
0.337575
0.485580
-0.761895
-0.240207
-0.688655
-0.273601
-0.263807
-0.255223
0.114527
0.043788
0.100797
-0.265582
0.038327
0.340262
-0.094491
0.224238
-0.152279
0.495534
0.345334
-0.245342
0.789955
0.206646
0.648304
0.181487
0.200964
0.730504
0.324499
0.080620
-0.191502
-0.151933
-0.106578
-0.034750
0.702732
0.333409
0.146885
-0.472608
0.051513
0.146410
-0.473708
0.618178
0.110178
0.497901
-0.182300
0.236130
-0.303710
0.145075
0.141410
0.620717
-0.670494
-0.174795
-0.020105
-0.770861
0.416852
0.427780
0.302658
0.974017
0.121879
-0.156734
0.537560
0.169722
-0.777914
0.146652
0.370193
0.180040
-0.631539
-0.124031
0.248854
0.897104
0.688090
-0.715178
0.591608
0.143390
0.261102
-0.218530
-0.848534
-0.224775
0.218905
0.627827
0.650625
0.709902
-0.245093
0.210371
0.048295
0.204000
0.707030
0.114816
-0.771715
0.011741
-0.250019
0.536454
-0.133625
0.174472
-0.072141
-0.247847
-0.238781
0.354631
-0.070700
0.142882
-0.887776
-0.104680
-0.026264
-0.631497
0.071782
-0.199211
0.375529
-0.081425
-0.060654
0.232523
0.498237
0.395425
0.587786
-0.499246
-0.208026
-0.261973
-0.298669
0.477608
-0.164071
0.154075
0.184477
0.262671
-0.434082
-0.189512
0.080865
0.451421
0.389759
-0.050189
0.066471
-0.371504
-0.532773
-0.352093
-0.519771
0.171888
-0.152253
0.428598
0.216100
-0.462286
0.595346
0.206660
0.752567
-0.369875
-0.428857
0.108538
-0.201578
-0.103383
-0.608999
-0.120274
-0.007666
-0.455115
-0.516558
-0.137864
0.193303
-0.035550
0.328904
0.344412
-0.426778
0.890146
0.108901
-0.005447
-0.286522
0.230592
-0.104521
0.112166
0.330314
0.642088
-0.329193
-0.563062
0.032762
0.571299
-0.059252
-0.057661
-0.288775
-0.480209
0.050363
-0.129552
-0.132469
0.290502
0.715996
0.488636
-0.428131
0.381832
-0.186499
0.466225
0.207594
-0.571857
0.402285
0.430123
-0.684550
-0.156813
0.252701
0.399233
0.214125
0.011231
0.480510
0.212904
-0.454534
-0.226079
0.257285
-0.504776
0.478188
-0.040740
-0.222711
0.382508
-0.394499
0.267505
-0.665490
0.775442
0.061536
-0.364120
-0.281613
-0.704123
-0.089723
-0.182377
0.007176
0.040482
-0.254624
0.185584
-0.063297
-0.197591
0.533424
-0.174171
-0.083356
0.604692
0.020292
0.027981
-0.203783
0.538101
0.120150
0.454725
0.902753
-0.461303
-0.162035
-0.093795
-0.194423
-0.030729
0.439361
0.019496
0.117455
-0.009377
-0.201806
-0.079186
-0.086581
0.463464
-0.554769
-0.032989
-0.354341
-0.034091
0.637534
-0.248251
-0.016149
-0.499541
0.257531
0.794235
0.973057
0.354976
-0.080456
0.356805
-0.461102
0.158872
-0.009527
-0.748168
-0.555332
0.506936
0.105862
-0.398967
0.737022
-0.086022
0.409818
-0.513602
-0.269554
0.819383
0.512983
0.673990
0.015408
-0.820931
0.308719
0.334902
-0.066253
0.336254
0.513885
-0.041881
-0.039255
0.540919
-0.204827
-0.393613
-0.323232
0.197727
-0.644486
-0.013275
0.431686
-0.859359
-0.197546
0.253488
0.571828
0.104722
-0.513683
0.273765
0.386886
-0.422644
-0.133596
-0.703220
0.822541
-0.341204
0.404221
-0.521827
0.462561
0.508165
0.422914
0.373173
0.078508
0.183706
0.083909
0.376083
0.226754
0.063787
-0.555636
0.839544
0.644277
0.310729
-0.918201
-0.262758
0.406841
0.565689
0.609049
-0.065641
-0.384789
0.219938
0.059546
0.416296
-0.078771
0.325891
-0.222489
0.368986
-0.167313
0.449366
-0.090193
-0.408789
0.139754
0.009292
0.440553
-0.966911
-0.061705
0.359686
-0.656713
-0.592222
-0.382218
-0.010089
0.072484
-0.220905
-0.846532
0.618202
-0.134781
0.280927
0.454230
0.006928
-0.066802
-0.226369
-0.017270
-0.013472
0.331371
-0.170685
0.508512
-0.632828
-0.175330
-0.734635
-0.361950
-0.616433
0.191711
-0.028201
0.007443
0.723403
-0.069078
-0.859257
-0.134247
0.642907
0.844627
0.110273
-0.320501
-0.029446
0.259091
-0.368863
0.543043
-0.075365
-0.061671
0.063553
0.413736
-0.120532
0.441896
0.588124
0.007935
0.015550
-0.276862
0.110900
-0.651633
0.226815
-0.138213
0.400418
0.127274
-0.406944
0.267496
-0.694333
-0.088842
0.611520
-0.168074
-0.533060
-0.023437
-0.504192
-0.963129
-0.291463
0.504944
0.073451
0.105561
0.284076
-0.017172
-0.071802
0.422274
-0.844337
-0.297764
0.458646
-0.067748
-0.320520
-0.023257
-0.056136
0.249220
-0.640087
0.323421
0.155061
-0.076605
0.098940
0.024449
-0.289023
-0.054804
-0.139651
-0.630523
0.263806
0.004441
-0.106747
-0.273602
-0.112557
-0.309538
0.417584
-0.089577
-0.231032
0.209443
0.131488
-0.214033
0.542822
-0.265849
0.005193
0.399062
-0.567702
0.056049
0.323375
0.234387
0.163133
0.152827
0.398355
0.043910
0.143980
0.051943
-0.139763
-0.057082
-0.202402
-0.074110
0.231137
0.060299
-0.307983
0.019868
0.037245
-0.285011
0.135376
-0.182709
-0.027818
-0.508552
0.159194
0.766314
0.377585
0.337112
-0.001722
0.200966
-0.545915
0.334440
-0.550872
-0.635477
0.554489
0.171176
-0.340353
0.295956
-0.722287
0.561747
-0.171649
0.605709
0.137442
-0.069768
0.297357
0.044736
0.473337
-0.830406
-0.319489
0.584638
0.026780
-0.213001
-0.241965
-0.340692
-0.342349
-0.078697
0.325246
-0.499399
-0.096753
0.136251
0.538696
0.615258
-0.360039
0.027848
0.558101
-0.168993
0.057041
0.288251
-0.025584
0.466601
0.022320
0.535451
-0.046737
0.104665
0.019562
-0.209735
-0.483232
0.248053
0.699206
0.679067
-0.258296
-0.240087
0.241661
-0.432087
0.028870
0.577201
-0.548689
0.007639
0.324836
-0.676784
0.321370
-0.081490
-0.784002
0.722515
0.132739
0.817362
-0.431185
0.035890
-0.708265
0.312819
0.171452
0.250573
0.571114
0.243802
-0.720665
-0.331020
0.083105
0.519414
0.199146
0.835031
-0.618326
-0.086893
0.024800
-0.505044
-0.094303
-0.478411
0.300957
0.055315
0.072000
0.290624
-0.154380
-0.239509
0.013966
-0.473907
0.692046
0.291434
0.052947
-0.552775
0.333717
-0.314999
-0.373363
-0.089499
0.090907
-0.134317
0.304659
0.585159
0.673538
-0.142441
0.356019
-0.779804
-0.498329
0.118483
-0.456675
-0.607292
0.228614
-0.396341
0.211564
-0.020934
-0.286067
-0.033028
-0.791484
0.485001
0.215363
0.429764
0.352779
-0.060261
0.085522
0.147541
0.173051
0.393495
0.489174
-0.015757
-0.298077
0.175096
-0.091643
-0.271804
-0.168894
0.431157
-0.511928
0.697606
-0.610062
0.773940
-0.015950
-0.013925
-0.614402
0.293976
0.450989
0.103012
0.511286
-0.408731
0.162475
0.441791
0.492910
0.297382
-0.006872
-0.401755
0.032589
0.422305
-0.842989
-0.846390
-0.221750
0.049044
-0.812227
-0.004733
-0.162297
-0.050107
-0.684249
0.663355
0.195629
0.387679
-0.402847
0.890123
-0.435711
0.294944
-0.435090
-0.343098
-0.237466
0.635050
-0.088077
-0.723661
0.571394
-0.337239
-0.161687
0.050015
0.024686
-0.398546
-0.772872
-0.411220
0.517672
-0.334011
-0.157216
0.638618
0.336301
-0.160726
-0.278305
-0.213961
-0.764632
-0.318296
-0.446576
0.000479
0.376906
-0.584242
-0.062907
-0.486348
0.071361
-0.394664
-0.037927
-0.345064
-0.241367
0.124449
-0.424654
-0.244632
-0.649490
-0.598905
0.781827
0.167136
0.776209
-0.138436
0.440612
-0.240958
0.616147
-0.057587
-0.213388
0.170413
0.244552
0.302058
-0.001003
0.300712
-0.294703
0.304260
-0.103107
0.453568
-0.357146
0.145892
0.477947
0.513185
0.552266
-0.084303
-0.945304
0.069483
-0.039834
0.885120
-0.658037
-0.507055
-0.583973
0.473316
-0.025050
0.399285
-0.341785
-0.329357
-0.389962
0.507633
-0.170332
-0.539772
0.057250
-0.179868
-0.671327
0.612278
-0.530350
-0.170483
-0.096075
-0.156686
0.535769
0.007638
0.713778
-0.831085
-0.452330
0.193385
-0.461204
0.796122
-0.219000
0.163090
-0.571812
0.045383
0.670575
-0.321157
-0.303485
0.684002
-0.042728
0.112268
-0.332674
-0.429379
-0.280647
0.103456
-0.022362
0.165220
-0.201063
0.535227
-0.017765
-0.199743
0.065593
-0.337836
-0.362709
0.554017
0.022911
0.213057
-0.449889
-0.076975
-0.260676
0.850147
0.297432
0.034841
-0.300620
-0.305177
-0.100693
-0.328164
-0.565636
-0.080979
0.565709
-0.425337
0.854975
0.397091
-0.708316
0.330061
-0.743686
-0.013227
-0.003954
0.002617
-0.349828
-0.804238
0.419107
0.532888
0.124290
0.134660
0.239458
-0.530003
-0.180606
-0.888059
-0.173871
0.266941
-0.067422
0.512261
0.078291
0.247844
0.738152
0.238943
-0.224172
-0.266150
0.517572
0.512610
-0.529922
-0.274871
0.105884
0.337716
0.580126
0.189832
0.114920
0.648687
-0.176711
-0.371458
0.022237
-0.270264
-0.319603
-0.888353
-0.105326
-0.104312
-0.570367
-0.048176
0.344877
0.298437
-0.220964
-0.875677
-0.191764
-0.192470
0.225668
0.303082
-0.342769
-0.198709
-0.118321
-0.333439
-0.110339
-0.183636
-0.189106
-0.209973
0.622551
-0.345938
0.311755
-0.070133
0.219381
-0.062861
0.726519
-0.020704
-0.164178
-0.174377
-0.487753
0.354309
0.105503
0.815573
0.011934
-0.123477
-0.196738
-0.207673
0.453923
0.647425
-0.120664
-0.708500
0.033746
-0.335807
0.230266
0.087377
0.044907
-0.246177
0.092072
0.164489
-0.031826
-0.578973
0.344739
0.780551
-0.838733
0.723997
-0.277791
0.122982
-0.769853
-0.477641
-0.124081
-0.236770
0.413604
0.356049
0.253603
-0.671649
-0.154903
-0.116700
-0.284226
0.536433
0.496391
-0.129085
-0.798778
-0.448616
0.797325
-0.244769
0.165170
-0.160198
0.407727
0.133216
-0.246939
0.053151
0.158921
0.034178
0.177632
-0.415636
0.295235
-0.455311
0.235617
-0.082816
0.255324
0.812504
0.033715
0.014461
0.401569
-0.467042
0.517630
-0.400570
-0.732346
0.082073
0.223494
-0.543617
-0.301131
0.230129
0.077846
-0.205048
0.262314
0.352911
0.818292
0.256814
0.045048
0.097871
-0.162367
-0.349749
-0.522308
-0.213084
-0.101369
0.048163
0.320305
-0.643343
0.311157
0.352081
0.777410
-0.639687
0.359563
-0.314350
0.244265
0.297578
0.000457
-0.090862
0.553060
0.465256
-0.542534
0.396656
0.567472
0.272174
-0.373929
-0.649450
-0.115797
-0.360374
0.319689
-0.685646
-0.355997
-0.629375
-0.087899
0.056373
0.268111
0.619468
0.341026
0.104787
-0.381633
0.436417
-0.413508
0.846366
-0.047155
0.615126
-0.083133
-0.596693
-0.294952
-0.176047
0.291233
-0.665317
-0.684875
0.178366
-0.167533
0.215946
0.285560
-0.522926
0.071449
-0.463235
-0.534115
0.187850
0.235686
-0.233041
-0.377443
-0.903818
-0.564344
0.399248
0.297793
0.358010
-0.283356
0.192359
0.292904
-0.022855
-0.540771
0.174996
-0.175191
0.857290
0.358686
-0.033640
0.094490
-0.225518
-0.046108
-0.594714
-0.184918
-0.060778
0.327499
0.034191
-0.429998
0.248245
0.356343
-0.380159
0.253558
0.156772
-0.576020
0.559421
-0.432873
-0.069686
-0.210529
0.158691
0.031135
0.268989
0.242255
0.130046
-0.018137
-0.350901
-0.464421
-0.231448
0.205795
0.138720
-0.155727
-0.121113
0.361845
0.276392
-0.806025
-0.301080
0.196745
-0.170537
-0.037989
-0.488479
-0.394366
0.290395
0.399478
0.378861
0.018851
0.196146
-0.203110
-0.178131
0.222252
-0.179224
-0.586021
-0.776471
-0.878824
0.058901
0.059146
0.926891
-0.771872
0.687663
0.022143
-0.155806
-0.344089
0.180033
0.309083
0.172036
-0.213086
-0.268862
-0.344144
0.281990
0.246416
-0.143698
0.056789
-0.154018
0.218057
0.187116
-0.148338
0.154704
-0.341431
-0.075507
0.185579
-0.334651
0.093865
-0.320999
0.008537
0.180750
-0.853764
0.537209
0.319530
0.403207
-0.444590
-0.236694
0.036764
-0.294727
-0.066292
0.021228
0.006035
0.074212
-0.506240
-0.532716
0.270121
-0.489519
0.086461
0.094816
0.274126
0.041322
-0.547290
0.290987
-0.097099
-0.516871
-0.011778
0.400067
0.012028
-0.225534
0.679210
0.161662
-0.235631
0.239399
0.694684
0.072964
0.074237
0.504970
-0.241117
0.338522
0.266008
0.416546
0.219283
-0.142791
0.499037
0.017943
0.461237
-0.811751
0.211938
0.533536
-0.619761
0.492634
0.357990
0.449709
0.295660
0.365572
0.093967
0.360271
-0.395734
-0.175607
0.711052
-0.040364
0.500310
0.687770
0.482186
-0.061735
-0.101959
0.008755
0.025719
-0.400674
0.016859
0.156132
0.008665
-0.097069
-0.421703
-0.265058
0.019380
-0.045308
0.711276
0.126943
-0.450721
0.510423
-0.207170
-0.142754
-0.059712
-0.183184
-0.013712
-0.356380
0.054947
0.163532
-0.214466
0.124016
-0.415222
0.113847
0.114608
-0.204877
-0.205361
-0.485741
-0.155208
0.063154
0.158382
0.057423
-0.293590
-0.442265
-0.184150
0.116135
-0.253160
-0.202149
0.379624
0.260942
-0.387250
-0.312721
-0.511099
0.008461
-0.486504
-0.423850
-0.543767
-0.789005
0.650972
-0.012581
-0.110842
-0.198262
0.026459
0.782941
0.181050
-0.360877
0.271377
-0.664145
-0.803697
-0.072973
0.250183
0.457716
0.099325
-0.180996
0.234363
0.425637
-0.599656
0.105699
-0.050650
0.565588
-0.175392
-0.736863
0.024310
-0.173263
0.408251
0.845230
0.718449
-0.093052
-0.098083
0.884219
0.775927
-0.241903
-0.417891
0.652172
-0.906391
-0.681013
-0.009022
0.289490
0.059099
0.698473
0.114315
-0.409233
0.793651
-0.747630
0.012845
-0.005850
0.446335
0.900263
0.462038
-0.089111
0.089568
-0.621881
-0.093753
0.449041
-0.784370
0.246614
0.405203
-0.359447
0.633507
0.159848
-0.417118
0.189095
-0.047777
-0.178810
-0.100668
0.110694
0.276172
-0.587463
0.038799
-0.699214
-0.521694
-0.267853
-0.367078
-0.337297
-0.198090
0.567668
0.435429
