-0.150597
0.127976
-0.126139
0.182025
0.202338
0.107849
-0.349184
-0.013393
-0.145851
-0.059765
-0.162535
0.205219
-0.053380
0.292327
-0.074244
0.118145
-0.141451
-0.119966
-0.057526
0.097493
0.110416
0.072671
-0.100969
0.107414
0.104915
0.095078
0.146486
-0.125666
0.111127
0.099210
0.159841
-0.032051
0.078108
-0.239949
0.079268
-0.121597
0.149140
-0.171630
0.232426
-0.059050
-0.171683
-0.097395
-0.039070
0.079604
0.166375
-0.048376
0.154625
0.207573
0.026287
-0.002303
0.101537
-0.190186
-0.083746
-0.002618
0.029690
0.169864
0.027479
0.187660
-0.289847
0.048346
-0.025930
-0.162739
0.014369
-0.061610
-0.040783
-0.078820
-0.001287
0.033391
0.361575
0.184182
-0.255510
0.041936
-0.181966
-0.064473
0.128132
0.133931
0.243749
0.260519
-0.067942
0.090135
0.123705
-0.029228
-0.283129
0.123749
-0.188184
0.099746
-0.028821
-0.029567
0.246360
-0.147623
-0.093833
0.157618
0.015997
0.078894
-0.078599
0.118827
-0.153145
-0.100538
-0.112252
-0.209151
-0.192247
0.009464
-0.092244
-0.039964
-0.007919
0.044698
-0.068686
-0.227815
0.117933
0.121821
0.033496
-0.016819
0.121440
-0.075621
-0.162197
0.204042
0.117032
-0.300029
0.106694
-0.014581
0.203031
-0.129872
0.073347
-0.219096
-0.015232
-0.030092
0.015309
0.009084
-0.250483
0.149119
0.215658
0.045937
-0.147291
0.104220
-0.018485
0.055802
0.047543
-0.025824
0.003760
-0.025234
-0.270223
0.107630
-0.158397
-0.039972
-0.022163
-0.299846
-0.049588
0.042646
0.073540
-0.220597
-0.029873
-0.223607
-0.029890
-0.045968
0.124881
-0.118399
0.161554
-0.076826
-0.197462
-0.105037
0.081904
-0.031336
-0.283987
-0.091725
0.130591
0.091293
0.012957
-0.011009
-0.059974
0.066705
0.123374
0.120531
-0.031667
0.142679
-0.160042
0.068158
0.173437
-0.051703
-0.063598
0.186172
0.292787
-0.058683
0.010752
-0.251313
0.037775
-0.164634
-0.112697
-0.084426
-0.195008
-0.148683
-0.142804
-0.047290
-0.052641
-0.078875
0.202544
-0.050269
-0.174846
0.176978
-0.140069
0.033884
0.339043
0.117675
-0.054244
0.251844
0.093880
-0.050617
0.051106
0.015880
0.105524
-0.135942
0.166425
-0.144094
-0.089239
-0.073401
-0.068395
0.044483
0.138117
0.080635
-0.039263
-0.193980
0.231297
-0.254235
-0.132701
0.044132
0.222381
0.036540
0.184929
0.087330
0.296738
-0.176553
0.019819
0.001284
-0.267763
-0.113193
-0.118802
0.062951
0.190873
-0.003302
0.153337
0.195337
0.243326
0.021563
0.075196
-0.272808
-0.165599
-0.338806
0.359385
0.158430
-0.105515
0.074241
0.010878
0.205285
-0.033948
-0.007112
-0.135896
-0.140681
-0.109465
-0.032506
-0.120679
0.267191
0.100897
0.072636
0.040118
0.009011
-0.165492
0.067203
-0.169216
0.031198
0.124840
0.223032
0.155969
-0.131499
0.051465
-0.165777
-0.088809
0.047170
-0.075044
-0.173276
-0.007158
-0.083378
-0.247724
-0.026875
-0.121693
-0.278422
0.071785
-0.033863
-0.170069
0.003305
-0.049964
0.065401
0.159514
-0.048555
0.130283
-0.225903
-0.083275
0.125580
0.040768
0.033086
0.034356
0.012995
-0.080701
-0.157351
-0.149082
0.149073
0.029244
-0.205020
-0.191742
0.214276
-0.047110
-0.042515
-0.006602
0.055753
-0.200048
0.125761
0.224861
-0.047147
0.151444
0.148889
-0.173302
-0.067469
0.017670
-0.112700
0.035774
-0.154019
-0.016403
0.014344
-0.201824
-0.188652
0.191984
0.060947
0.077314
0.105215
-0.039753
0.180950
0.177349
0.118046
-0.135052
0.141690
0.254220
0.272129
-0.128312
-0.076049
-0.000631
-0.142605
-0.002355
-0.004449
-0.196774
0.087222
0.101971
-0.123054
0.039378
0.069362
-0.082016
-0.032176
0.161801
0.004341
-0.165177
0.176233
0.005135
0.034353
0.108162
0.106810
-0.112391
-0.124067
0.077800
-0.131593
-0.162505
0.009171
0.140979
-0.010945
0.142830
-0.195247
-0.007792
0.029346
-0.120730
-0.104239
0.198197
0.123166
0.055632
0.203793
0.117095
-0.053109
0.344731
-0.138241
-0.196289
0.226871
-0.263068
0.097459
-0.040324
0.334119
0.104947
-0.341111
-0.127342
0.032401
0.044894
0.107116
0.016618
0.131322
-0.209815
0.146503
-0.051888
-0.088369
0.168061
0.190187
0.260089
0.025541
0.050956
-0.135268
-0.221992
0.123999
0.006821
0.122722
-0.000445
-0.178829
-0.152085
0.056223
-0.070123
0.082064
-0.040788
-0.166948
-0.040961
-0.196032
-0.063568
0.125460
0.138714
-0.061636
-0.007999
0.252567
-0.152309
-0.228496
0.071799
-0.153271
0.084789
-0.113196
-0.133939
0.134503
0.012255
0.064543
-0.078585
0.084785
-0.145008
0.162289
0.095560
-0.302029
0.139809
0.159806
0.221920
0.055902
-0.168692
0.004129
0.168178
0.323739
0.033967
-0.104735
-0.064747
-0.069486
-0.327250
0.248683
0.106361
0.083000
0.010649
0.326989
-0.089721
0.149150
-0.202166
-0.213903
-0.234301
-0.267277
-0.180081
0.043699
-0.047502
-0.187456
0.260297
-0.032243
0.002970
0.167235
0.072885
0.171056
0.005133
-0.143675
0.003137
0.303556
-0.036034
-0.050067
0.045495
-0.109663
0.107613
-0.022574
-0.142796
0.036463
-0.105857
0.012278
-0.092309
0.099548
0.053909
0.062673
0.032732
0.152211
0.112316
0.093306
0.205879
-0.031491
-0.089839
0.126143
0.081183
0.098851
-0.031071
0.039309
0.022383
-0.040809
-0.058616
-0.175223
-0.019713
-0.362675
-0.041147
0.023890
0.323737
0.185455
0.100846
-0.078886
-0.176271
-0.262105
0.147925
-0.023596
0.020251
-0.127133
0.027878
-0.098377
-0.035849
0.045231
-0.140754
-0.079696
0.074200
-0.117796
-0.359394
0.239441
-0.028955
-0.022306
-0.202250
-0.044182
0.219913
-0.176242
-0.187847
-0.181638
-0.239467
-0.055550
-0.231014
-0.389596
-0.092253
-0.004822
0.061973
0.130523
0.103073
-0.013793
-0.251088
-0.044194
-0.108521
0.077375
-0.029159
-0.084010
-0.105784
-0.301550
-0.045064
-0.216635
0.121055
-0.180947
0.000833
0.177285
0.197730
0.176772
-0.044201
-0.031848
0.135718
0.155085
-0.052391
-0.231536
0.004861
0.096307
-0.079337
0.250218
-0.140088
-0.025020
0.189725
0.059019
0.076143
0.020826
0.094449
-0.002142
0.172756
0.104276
0.135366
0.038576
-0.086952
-0.136505
0.068859
-0.002049
0.206238
-0.047999
0.038617
0.216742
0.213166
0.171488
0.179698
0.023076
-0.005317
0.075161
-0.146870
0.003875
0.185276
0.311192
-0.139821
0.306767
-0.167289
0.210866
0.160759
-0.163484
-0.158622
0.103619
0.011155
0.037414
0.090573
-0.082126
-0.012255
-0.118635
-0.022279
0.074181
-0.190227
0.033582
0.073198
0.239525
-0.102340
0.282597
0.068622
0.029167
-0.209536
-0.318383
-0.065685
0.020371
0.307721
-0.018105
-0.081771
0.136454
0.022737
0.275036
-0.056760
-0.091428
0.147898
0.236826
-0.251874
0.123681
0.004934
-0.212489
-0.208627
0.040441
-0.080628
-0.299820
0.061010
-0.151890
-0.062779
0.235560
0.026738
0.102991
0.003438
0.074426
-0.096094
-0.025114
0.052325
0.031801
-0.065032
0.249523
0.320589
0.086783
0.174239
-0.115996
0.167878
-0.128991
0.074283
-0.078736
0.162284
-0.086944
-0.157298
-0.029256
0.037600
0.090549
0.071257
-0.005686
-0.273844
-0.220240
-0.100506
0.141289
-0.153474
0.216936
-0.054064
0.209636
-0.112801
-0.187972
0.015672
-0.268603
0.027575
0.286097
0.404740
-0.090239
0.192092
-0.030487
0.122259
-0.028424
0.077939
0.046191
0.092331
0.019403
0.333731
-0.337006
0.021137
0.047534
-0.073340
0.020738
0.142370
0.181314
-0.143161
-0.072204
0.141177
-0.176136
0.098332
-0.081111
0.000886
0.005746
-0.116312
-0.058985
-0.059581
0.269835
0.172128
-0.040979
0.059341
0.132763
0.011835
-0.173475
-0.115726
0.020364
-0.212265
0.149245
-0.051403
0.125744
0.125862
0.260263
0.005996
-0.062129
-0.136113
0.029160
0.141920
-0.130975
0.193390
0.010198
-0.165884
-0.174043
0.038933
0.154045
-0.228313
-0.246947
-0.062121
-0.136785
-0.022705
0.079829
0.037987
0.122662
-0.068377
-0.138359
-0.236614
0.086721
-0.102512
0.118601
-0.047617
-0.154401
0.027501
-0.313313
0.204903
-0.213532
-0.223028
0.051877
0.003593
0.021409
0.058036
-0.121065
-0.092522
0.123371
0.007430
0.319352
0.072088
0.124652
0.117304
-0.306567
-0.285810
-0.021748
-0.099758
0.081848
0.056325
0.147762
0.084757
0.211748
-0.192460
-0.188809
-0.153669
0.059024
-0.121027
-0.021042
-0.210109
-0.070400
0.154206
-0.035328
0.145625
-0.037000
-0.012360
-0.043453
0.169083
0.005834
0.015679
-0.075517
-0.055868
-0.038481
0.087195
0.162519
0.080521
0.196403
-0.073599
-0.046969
0.098661
-0.210131
0.134458
-0.047709
-0.134914
-0.094510
0.066909
-0.105961
0.048073
0.071897
0.105599
0.187892
-0.093428
0.134828
0.168541
-0.063057
0.103374
-0.077765
0.079756
0.168103
0.062791
0.028541
0.104812
-0.183053
-0.005896
-0.004980
-0.215847
-0.303615
0.096131
0.053407
0.250718
0.201723
-0.041339
-0.015673
0.058620
-0.079093
0.139770
-0.110075
-0.221326
-0.241184
-0.164781
-0.256065
0.333808
0.030036
-0.103387
-0.046748
0.007697
0.115086
0.006190
-0.099723
-0.148038
-0.244594
-0.121476
-0.088080
0.044154
-0.015188
0.083511
0.055323
-0.284952
-0.028782
0.072772
-0.093092
-0.047052
-0.106079
-0.069814
-0.056998
-0.211982
-0.063148
-0.128639
-0.120062
0.044690
0.116311
0.075248
-0.007557
0.317507
0.304667
-0.188552
0.029937
-0.159928
-0.020837
-0.095189
0.193156
0.063977
0.117110
0.105721
0.029442
0.031920
0.168871
-0.198816
-0.157487
-0.028370
-0.141469
0.089342
0.290882
0.136315
-0.018067
0.066842
0.075498
-0.318233
-0.047451
-0.083562
-0.172789
0.199626
-0.263849
-0.126290
0.039686
0.083214
0.051049
0.022783
-0.252892
-0.082588
0.026846
-0.153068
0.081578
0.079149
-0.132705
-0.037634
0.030877
0.199459
-0.053341
0.033871
0.333877
-0.073218
0.071672
-0.169480
-0.047158
-0.005445
-0.001495
-0.077916
-0.242804
-0.104424
0.031360
-0.099574
-0.083314
-0.166714
-0.026230
0.132194
-0.095288
-0.083614
-0.214465
-0.258591
0.056725
-0.094324
-0.243839
0.072574
0.177573
0.148834
0.121714
-0.142262
-0.032212
-0.086420
0.098087
0.037491
0.135470
-0.054247
-0.125052
-0.173013
-0.001165
-0.043301
-0.010811
-0.002474
0.052927
-0.076914
-0.017151
-0.140114
0.117544
-0.194501
0.274613
0.233410
0.025075
0.098982
0.050179
-0.063841
-0.102321
0.121353
0.094069
-0.121572
-0.056820
-0.076370
0.024383
-0.147538
-0.149052
-0.078882
-0.023404
0.074438
0.037254
0.145252
0.088573
0.480565
-0.113712
-0.246020
0.091460
-0.047835
0.039546
-0.135945
0.207498
0.088608
-0.084542
0.151641
0.107660
-0.120995
0.004093
-0.006347
-0.166788
0.022555
-0.096594
0.242371
0.046417
-0.181336
-0.036323
0.004195
-0.079341
0.052041
-0.054460
-0.114055
0.024852
0.271693
-0.123524
-0.191013
-0.098588
-0.118221
0.113016
-0.077166
0.097972
0.117347
0.201771
-0.010608
-0.083620
0.034130
0.020201
0.093335
0.032366
-0.058540
-0.158367
0.016569
0.090574
0.102996
0.166228
-0.264038
-0.130279
-0.008291
0.062160
0.001117
0.012960
0.171441
-0.187993
-0.206218
-0.023796
-0.148555
0.036281
0.058955
0.227811
0.308951
0.257796
-0.091992
-0.075261
0.006157
0.022917
0.111512
-0.087856
-0.042169
-0.192303
0.206173
0.120169
0.030798
0.129602
-0.148748
0.093144
-0.026079
-0.128610
-0.028280
-0.067020
0.163318
0.003861
-0.154909
0.151950
0.044215
-0.000904
0.109519
-0.204178
-0.016938
-0.195997
0.181177
-0.045929
0.153845
0.001204
-0.100891
0.074245
0.215352
-0.072610
0.131225
-0.019807
-0.048982
-0.038433
-0.021965
0.098373
-0.229514
-0.160436
0.231854
0.141355
-0.099121
0.018420
0.126958
-0.061014
0.076572
-0.029286
-0.074569
0.050470
0.285673
-0.013996
-0.191794
0.091759
-0.230321
-0.081756
-0.020717
0.277908
0.043711
0.047668
-0.138682
0.189033
0.031651
-0.146992
-0.040906
0.108841
0.089144
-0.143033
-0.057977
-0.028629
0.166567
0.135779
0.090528
0.130971
-0.158199
-0.025384
0.035036
-0.046307
-0.101200
-0.091661
0.021524
-0.080593
-0.063851
0.050703
0.088061
0.159847
0.061651
-0.241496
-0.170560
-0.233766
0.149944
0.392799
0.033072
-0.091505
-0.090874
-0.087046
-0.020963
0.068739
0.046550
-0.332976
0.108618
0.045244
0.189646
0.100191
0.125914
-0.128288
0.069788
-0.021339
0.134630
-0.048565
0.047046
-0.097953
0.164108
0.103480
0.035829
0.009302
-0.074103
-0.119933
0.021276
0.022537
-0.129889
-0.081755
0.075706
-0.162553
-0.013655
0.194130
-0.090709
0.135223
0.339997
-0.188770
-0.108998
0.047759
-0.007039
0.047017
-0.076685
-0.210450
-0.047810
-0.227085
-0.099946
-0.048546
0.141116
-0.021916
-0.116225
0.223301
-0.078072
0.067572
-0.070718
-0.247345
-0.116991
0.158289
-0.386203
-0.028627
-0.218941
0.136488
-0.003155
-0.010898
0.093085
-0.075590
0.162324
0.048911
-0.216783
-0.106997
0.015722
0.052123
-0.065497
-0.096017
0.035061
-0.087113
0.105252
0.032265
-0.031087
-0.036406
0.153556
-0.062747
0.049423
-0.057883
0.065653
-0.069071
-0.033013
0.031296
-0.123184
-0.070217
0.042178
-0.080678
-0.101320
-0.044783
-0.129909
-0.050433
-0.104679
-0.053340
0.117296
0.085581
-0.073193
0.139882
0.172230
-0.174964
0.196951
0.061206
-0.187875
-0.135172
-0.059313
-0.051800
0.068962
0.163883
-0.098452
0.029297
0.124262
-0.229817
-0.029788
0.192985
0.167354
-0.115715
-0.006254
-0.217047
0.069817
0.094921
-0.073273
0.029519
-0.027015
0.093186
-0.183858
0.086431
-0.153920
-0.100855
0.078799
-0.064260
0.067571
-0.063404
-0.167720
-0.080750
-0.027754
-0.006066
0.241477
-0.079807
0.035154
0.042778
0.034346
0.022307
0.023665
-0.273835
-0.024290
0.075103
0.109463
-0.301526
0.002058
0.025440
-0.026412
0.032685
-0.091165
-0.014123
0.031999
-0.244174
0.118509
-0.119272
0.062007
-0.101288
0.322645
0.093341
-0.207152
0.304949
0.082527
-0.267900
-0.110511
-0.080823
0.029851
0.028242
-0.217071
-0.004812
-0.048143
0.038772
-0.121544
-0.029280
-0.064029
0.023792
-0.168134
-0.248206
-0.025673
0.193820
0.161869
0.035072
-0.043998
0.060358
-0.109875
0.111318
0.401639
0.304872
0.255009
0.045479
0.120019
-0.082357
0.167263
-0.197527
-0.074815
0.198308
0.115101
-0.034872
-0.062142
0.062373
0.040541
0.045569
0.280912
-0.213330
-0.094564
-0.164710
-0.021988
-0.061578
-0.016208
0.198248
0.113284
-0.158642
0.141943
0.053551
-0.058910
0.213531
-0.097320
0.064667
0.035192
0.057282
0.079368
0.139993
-0.054357
0.241660
-0.093048
0.154096
0.066629
-0.037460
-0.077833
-0.056311
-0.106295
0.115496
0.247552
-0.011648
-0.261047
0.032329
0.093657
-0.073997
-0.028586
-0.071832
0.047159
0.068850
0.019734
0.008669
-0.380079
-0.019101
-0.079472
-0.112419
-0.024193
0.011208
-0.233684
0.088749
-0.117033
0.014862
-0.034097
0.084960
-0.068292
0.001836
-0.087406
0.145885
-0.063269
-0.109443
-0.013286
0.050407
-0.363840
-0.241747
-0.016991
-0.177650
-0.179133
0.094618
-0.016644
-0.046903
-0.066686
-0.096394
-0.053278
0.171739
-0.071676
0.252134
-0.052337
0.042741
0.252759
-0.020720
0.143098
0.008197
-0.278628
0.195941
-0.039927
-0.289735
-0.199627
0.011893
0.081338
0.029996
-0.136899
-0.023228
0.080718
0.162778
-0.164337
0.293767
0.057058
0.078015
-0.060192
0.014005
-0.067939
0.073346
0.149243
-0.035837
-0.169413
0.187291
-0.128888
-0.055785
0.099928
0.030557
0.259954
-0.164185
-0.098645
0.037024
0.088277
0.173202
-0.014343
0.331164
0.105499
0.127805
0.085199
-0.135090
0.062158
0.245798
-0.223293
0.150297
-0.128557
0.225457
-0.002115
0.092477
0.233393
0.024074
0.214123
-0.192537
-0.194244
0.059578
-0.112869
-0.014676
-0.066261
0.149350
0.155979
0.067700
-0.104051
0.096914
0.257043
0.043495
0.115753
-0.273132
-0.003610
-0.040895
-0.246817
0.095404
-0.164273
0.111133
0.057688
-0.098618
-0.007496
0.183132
-0.098051
0.026054
0.133569
0.098293
-0.167021
0.249300
0.073002
-0.075120
-0.091609
0.116726
0.056479
0.140889
-0.183806
-0.091645
0.029248
0.076947
-0.013295
-0.023959
0.048136
0.081458
0.173685
-0.155665
-0.119206
0.031764
-0.214517
0.106569
0.105121
-0.048813
0.088777
-0.156770
-0.102791
0.078863
0.101112
-0.173112
-0.036632
0.090790
0.064906
0.089302
0.000656
0.150998
0.298181
0.010512
-0.053229
0.105633
0.070123
0.045170
-0.091156
0.100816
-0.129991
0.123994
0.072986
-0.198051
0.162508
-0.097907
0.033017
0.161374
0.187182
0.007692
-0.106341
0.146816
0.183537
-0.061920
0.163372
0.216949
0.091019
-0.016781
0.232412
-0.088754
-0.055140
0.118764
0.168476
-0.019059
-0.259159
-0.007023
-0.140898
-0.161965
-0.027748
-0.267090
0.097113
-0.174148
0.020851
0.106028
-0.179771
-0.123067
-0.054982
0.044600
0.058169
-0.068793
-0.197402
-0.012995
-0.042601
-0.225252
0.063710
-0.029330
-0.096553
-0.174332
-0.003465
-0.141065
-0.002733
-0.150315
0.031612
0.091584
0.126484
0.038220
0.138843
0.056780
0.294300
-0.146654
-0.046979
0.038054
0.102728
-0.259974
-0.156883
0.212619
0.032423
0.208133
-0.102839
0.257085
-0.189570
0.207885
0.244557
-0.104278
-0.156622
-0.116176
0.138933
-0.018420
-0.058494
0.222876
-0.096630
-0.222995
0.211086
0.171425
0.085138
-0.007999
0.062685
0.017907
-0.157553
-0.103716
0.015415
0.081794
0.064663
0.166314
-0.068050
-0.003958
0.004445
-0.206139
0.023772
0.012105
-0.018218
0.074514
-0.024082
0.055090
-0.013392
0.017504
-0.076424
0.024086
-0.118648
0.141139
0.076634
0.056285
0.002112
0.139881
-0.035483
0.258324
-0.120071
0.097999
-0.110999
-0.081707
0.226114
0.006127
0.153559
-0.131770
-0.107762
0.182298
0.007467
0.167158
0.078390
0.004090
0.073496
0.109503
-0.041011
-0.145970
0.046084
0.131410
0.030699
-0.164215
-0.231153
0.226025
-0.182214
0.208073
-0.162133
0.296670
0.006185
-0.146258
0.165858
0.092746
-0.093827
0.182810
0.027363
0.387388
-0.164068
-0.167956
0.073873
-0.203367
-0.049748
0.138920
0.128572
-0.007059
-0.012458
-0.014957
-0.189614
0.080870
-0.059245
0.248831
0.020675
0.142015
-0.081952
0.102891
0.210238
-0.165035
0.061682
-0.083116
-0.145958
-0.066328
-0.018022
0.185433
-0.149327
-0.273968
-0.266837
-0.084519
0.136394
-0.034554
0.191865
0.234555
0.045231
0.129703
0.025703
-0.315662
-0.123970
0.129429
-0.048508
0.273073
-0.027643
0.375649
-0.048239
0.216089
-0.020730
-0.118724
0.021971
-0.056262
0.157272
0.189349
0.065529
-0.021306
0.004453
0.157014
0.161071
0.192523
0.039510
0.014544
-0.224395
0.122707
0.253965
0.121384
0.117582
0.187306
-0.220142
-0.077962
-0.198558
0.224424
-0.151503
0.174527
-0.020930
-0.212842
-0.007978
-0.084271
0.153234
-0.019629
-0.058520
0.073309
0.013477
0.168623
-0.302274
0.191743
-0.023096
-0.159431
-0.031908
0.079556
0.180311
0.102720
-0.158874
-0.219871
-0.171794
-0.158391
0.096127
-0.025166
0.030700
-0.025792
-0.021757
0.126888
0.203969
-0.034708
0.141194
0.204958
-0.399505
-0.056381
0.184630
0.162916
0.089564
0.101440
-0.198941
-0.113833
0.081706
-0.095946
0.160132
0.109662
-0.159485
-0.127158
0.091810
-0.074524
-0.312626
-0.083629
-0.057353
-0.164866
-0.071947
-0.207482
-0.027527
-0.020230
-0.026831
0.078010
0.123327
0.122409
-0.061725
-0.098302
-0.021783
-0.003190
-0.285066
-0.037010
0.150250
-0.070863
0.216285
0.122276
-0.183713
0.084886
-0.075250
0.183154
-0.245072
-0.030692
-0.007253
0.089439
-0.088547
-0.008026
0.151979
-0.166558
0.074341
-0.127104
0.002029
0.039131
0.084709
0.132061
-0.089732
0.073765
-0.137437
0.158358
0.116768
-0.112614
0.093355
0.012218
-0.156755
-0.007450
-0.037695
0.213832
0.161811
-0.123444
0.226356
-0.159989
0.054512
0.029677
-0.023049
-0.155662
-0.217035
-0.144350
-0.041178
-0.161199
0.151858
0.127460
0.105599
0.213295
0.055200
-0.128897
-0.183428
0.045500
0.046333
0.030206
0.213545
-0.127859
-0.069584
-0.038463
0.042279
0.016714
-0.039473
-0.026179
-0.248645
-0.017602
-0.020324
-0.240835
-0.143260
-0.046748
-0.124406
-0.120912
-0.056752
0.039044
0.002244
-0.080124
-0.218948
0.252543
0.042157
-0.123272
0.036403
-0.139803
-0.038152
-0.228755
0.256570
-0.025470
0.064843
0.010344
-0.186924
0.024516
-0.257398
0.167305
-0.078896
-0.046541
-0.121391
0.062248
0.114840
0.055022
0.269701
-0.040322
-0.068137
0.014818
0.245040
-0.146431
0.304001
-0.029856
0.135608
-0.129999
0.263690
0.303642
-0.247864
0.012503
0.108163
0.056252
-0.111015
0.121093
-0.212311
-0.270051
0.034671
-0.089762
-0.108159
0.014224
0.157871
-0.118683
0.253489
0.064289
0.261367
0.393354
-0.061184
0.071399
0.012229
0.010931
0.111780
0.063337
-0.249223
0.014237
0.146764
-0.025084
-0.203960
0.010720
0.018103
0.056042
0.073567
0.030855
0.211839
0.010505
0.215031
0.049660
-0.104199
-0.015359
0.040390
0.214488
-0.012360
0.206597
-0.047656
0.136125
-0.104091
-0.104264
-0.153611
-0.011022
-0.155159
-0.004568
0.019877
-0.052286
-0.186104
0.095615
-0.202489
-0.073332
0.007782
-0.091050
-0.042334
-0.063214
0.150593
-0.024085
-0.079781
0.286816
-0.351582
0.025252
0.112030
-0.287488
-0.231313
0.202863
-0.256477
0.011219
0.162024
-0.038915
-0.169765
-0.008804
-0.228305
-0.155801
0.069707
0.018516
-0.078699
0.168557
-0.023396
0.042102
-0.133821
0.168480
0.273854
-0.050626
0.065557
0.023416
-0.181837
0.010947
0.246335
-0.176435
-0.149560
-0.156493
-0.295886
-0.004020
-0.000946
-0.003224
-0.219213
0.054879
0.108343
-0.250400
0.024218
-0.024685
0.149703
0.034661
0.093153
0.017703
0.077742
-0.294065
0.044264
-0.196626
-0.037827
-0.108024
0.012710
0.029659
0.001674
0.079550
0.100538
-0.235622
-0.174267
-0.034246
-0.036848
0.020865
-0.050415
-0.056893
-0.008323
0.020129
-0.106420
0.165238
-0.230541
-0.006632
-0.035481
-0.090459
0.017949
0.138911
-0.032003
0.250683
0.230399
0.008464
0.001188
0.107077
0.053261
0.102799
0.061696
-0.025376
0.112394
-0.051619
0.117374
-0.003379
-0.011189
-0.157676
0.111823
0.013135
-0.117705
-0.029326
-0.009424
-0.184632
0.144982
0.100924
-0.080703
-0.020098
0.043984
-0.146550
-0.046064
-0.106725
-0.182601
-0.074140
-0.100014
-0.340910
-0.049171
0.226679
-0.200462
-0.027919
-0.149308
0.048516
0.232039
0.144349
-0.068375
0.082946
0.347244
0.280951
0.140901
-0.082171
0.180043
-0.054837
0.091692
-0.164744
0.147694
0.000797
0.153464
-0.020034
0.026991
-0.070102
0.057640
0.077977
-0.176474
0.127041
0.007644
-0.050420
0.012610
-0.170326
-0.024576
0.125622
0.144135
-0.004207
-0.026608
-0.003780
-0.041899
-0.055148
0.266279
-0.170451
0.050382
0.070758
-0.207871
0.156689
-0.197661
0.188586
-0.206593
-0.032472
0.098552
-0.161680
0.013829
0.067816
-0.019193
0.230276
0.126644
0.226749
0.075398
-0.009640
0.092818
0.162237
0.178784
-0.049235
0.209346
-0.088709
0.134204
0.076615
-0.213957
0.079594
-0.008831
-0.010616
0.106980
0.160787
0.026794
-0.287638
0.142068
0.245478
-0.120109
-0.092655
0.009963
-0.363622
-0.073758
0.185140
0.042838
-0.229765
-0.160436
-0.083274
0.066743
-0.424969
-0.006628
0.220686
-0.154742
-0.027464
0.159971
0.116648
0.066845
-0.192560
-0.000284
0.267143
-0.060362
-0.156524
-0.193346
-0.157074
0.095446
0.097027
0.195258
0.123840
-0.059120
-0.093167
0.032583
0.047318
-0.119901
-0.104892
0.103185
0.034007
-0.026306
0.083282
-0.012572
-0.128239
0.144490
-0.153128
0.108638
0.007585
0.123868
0.041562
-0.114113
-0.058511
-0.074406
-0.091109
0.106483
0.116224
0.114195
0.015994
-0.075722
0.204799
-0.165840
-0.061708
-0.163999
0.005154
-0.086131
0.123454
-0.110713
-0.061758
-0.011718
-0.162088
-0.029295
-0.130290
-0.065626
-0.190448
0.096231
-0.065108
-0.048299
0.215844
0.094804
0.037509
-0.233462
-0.065388
0.114032
0.075164
0.001656
0.067881
-0.267021
0.150906
0.116061
0.276045
-0.127286
-0.056307
0.112443
0.188638
-0.009287
0.141350
-0.040239
-0.070289
-0.156889
-0.153698
-0.018918
-0.155314
-0.098171
0.012417
-0.115940
-0.185037
-0.103013
0.106829
0.068523
-0.233263
0.118185
-0.075339
0.093387
0.192122
0.302888
-0.163927
0.172291
0.032672
-0.134468
0.292271
-0.048485
0.358785
-0.056809
-0.009163
-0.173632
0.100964
-0.044811
0.075884
-0.182244
0.172418
0.171158
-0.180181
0.120256
0.070430
-0.016317
-0.011510
-0.043096
-0.057095
-0.080951
-0.207496
-0.077851
-0.072430
-0.128337
0.047800
-0.040138
0.277858
-0.031325
0.032946
-0.046760
0.058273
0.104739
0.019384
-0.172368
-0.029864
0.174510
0.000292
0.097656
-0.095836
0.021609
-0.139405
-0.099163
-0.105486
0.199823
-0.097907
-0.146145
-0.173641
0.106882
-0.305604
-0.330152
0.251338
-0.073825
0.248515
-0.153395
0.160993
0.222277
0.180826
0.225142
-0.118806
-0.097566
0.106026
-0.033337
0.281335
-0.194781
0.058155
-0.136943
0.023677
-0.262276
-0.014780
0.004306
-0.104929
0.030779
0.064592
0.017851
0.169581
0.268385
0.097172
-0.185068
0.242264
-0.042789
0.282473
0.262068
-0.183322
-0.020304
-0.116697
0.084564
-0.004859
-0.176974
-0.067323
0.174906
-0.104281
-0.013219
-0.026979
0.090290
0.240633
-0.078218
0.209771
-0.176843
0.102352
0.140504
0.200740
-0.209267
0.146378
-0.071322
0.041643
-0.254000
-0.232127
0.047993
-0.031045
0.031113
-0.075474
-0.045669
0.127337
-0.189224
0.119503
-0.183811
-0.102174
0.091843
-0.091102
-0.038773
0.036979
0.016936
-0.192266
0.114796
0.167328
0.128974
-0.004919
0.109658
-0.194727
0.012524
0.039525
-0.079392
-0.146389
0.172438
-0.076930
-0.134349
0.275511
-0.075975
-0.086901
-0.251164
0.116021
0.022521
0.180671
-0.097922
-0.131228
0.240506
0.158130
-0.104551
-0.115056
0.033174
0.014624
0.043168
0.024590
-0.065727
-0.022079
0.243570
-0.070635
-0.083894
-0.226313
0.321805
-0.197626
-0.164141
-0.143638
-0.121955
0.009724
-0.434304
-0.010387
0.030529
0.161297
0.078220
0.173106
0.055801
0.049796
0.036101
-0.026108
0.000281
-0.151141
0.015356
-0.028834
-0.050157
0.148224
0.237906
-0.008229
0.184597
0.092233
-0.090751
-0.106380
-0.117430
-0.192933
-0.090126
0.082223
0.276090
0.054002
0.049609
-0.062687
0.144925
0.152592
0.058576
0.048760
0.068906
0.181289
-0.151025
-0.004234
0.149099
0.242969
-0.242215
-0.227274
-0.224914
-0.124665
-0.207929
-0.022078
-0.368751
-0.050286
-0.058002
-0.034470
0.069753
-0.107987
0.015602
0.107697
-0.248060
-0.024791
0.075159
0.102310
-0.183388
0.139689
-0.231987
0.423946
0.087630
-0.085805
-0.102950
0.177755
-0.058644
-0.116778
0.187332
-0.052432
-0.310101
0.203231
0.142422
-0.111166
0.032794
0.164735
-0.096244
0.113669
-0.187614
0.059849
-0.011132
0.054985
0.083213
0.008037
0.058030
0.195104
0.003632
-0.058625
-0.201791
0.054019
-0.215639
0.138864
-0.251035
-0.288035
0.048554
-0.035701
0.237388
-0.168007
0.028043
0.182836
0.122701
0.098270
0.095798
-0.018341
0.009207
0.194183
0.030545
0.382719
0.135033
0.152400
-0.035345
0.077186
-0.036017
0.116518
0.186379
0.369165
-0.057060
-0.091034
0.109313
-0.032382
0.102238
0.006550
-0.046039
-0.003793
-0.118916
-0.027258
0.106392
-0.018511
0.161881
0.074438
0.098214
-0.008018
-0.074609
-0.164078
-0.122105
-0.006476
-0.196647
-0.089330
-0.009804
0.161185
-0.006791
0.186482
0.093275
0.190668
0.078092
-0.080673
0.017321
0.126897
-0.099996
0.100851
-0.030396
0.207869
0.319421
0.203054
-0.197810
-0.414101
0.163879
0.013469
0.074123
-0.245699
0.087938
0.001494
-0.042646
0.112328
0.133342
0.105695
0.267893
-0.094994
0.142804
0.146895
0.009652
0.049582
-0.160354
0.017974
0.375446
-0.117639
0.048654
0.079354
-0.004269
-0.025077
-0.167057
0.093334
-0.136191
-0.332869
-0.008453
-0.171666
0.159457
-0.006124
0.016430
0.026447
-0.121428
0.007854
0.014732
0.101405
0.044102
-0.033034
-0.213425
0.048912
0.056078
-0.002677
-0.434205
0.048647
-0.137715
0.085000
0.113723
-0.007778
-0.274000
-0.161880
0.098287
-0.004747
0.089279
0.107430
-0.106517
0.043487
-0.031892
-0.079574
0.003461
0.004367
-0.159669
0.133018
0.096911
0.070349
-0.133968
-0.075701
-0.059782
0.028511
-0.193908
0.004804
0.112823
0.165971
0.033500
0.003194
0.027176
-0.038822
-0.049745
-0.126644
0.145552
-0.010607
0.244802
-0.006791
0.183510
-0.081130
-0.004613
-0.033575
-0.270652
-0.072511
0.123055
0.277100
-0.045087
-0.154550
-0.013583
0.023963
-0.102634
-0.105369
-0.039593
-0.008225
0.168125
0.178678
-0.167186
-0.170128
-0.057158
-0.028312
0.061569
-0.068821
-0.056570
-0.181510
-0.119577
0.205243
-0.018106
-0.025689
0.023742
0.097238
0.119291
-0.139015
-0.090363
0.067694
0.205759
-0.060823
0.148986
-0.188617
-0.057426
-0.200484
0.044330
-0.199117
0.273927
-0.281329
0.343012
-0.026241
-0.074514
-0.031912
-0.000898
0.219916
0.039061
0.099560
-0.027596
0.019229
0.006380
-0.064877
0.103402
-0.188877
-0.078445
-0.136660
0.028237
0.027391
0.101798
-0.047407
0.068231
0.208097
0.067675
-0.052548
-0.243071
0.311855
-0.050809
0.275194
-0.178498
0.062131
-0.084414
0.212913
-0.015318
0.105143
0.007244
0.116131
0.075430
-0.111160
0.226402
-0.293242
-0.354623
-0.016705
0.053351
-0.088268
0.028882
0.023266
-0.095649
-0.219221
0.003302
-0.358665
-0.191803
-0.113932
0.108218
0.177597
-0.184381
-0.017698
-0.000608
-0.110760
-0.136980
0.057039
-0.145833
0.150067
-0.198648
-0.028371
-0.102857
-0.086368
0.068404
0.149165
-0.033527
0.057875
-0.103794
0.094248
0.022591
-0.113157
-0.047240
-0.025166
-0.181891
0.163885
-0.365449
0.034565
-0.174991
-0.050756
-0.047346
0.061242
0.173857
0.084625
-0.404124
0.078984
-0.032861
0.318928
-0.135819
0.166744
0.041209
0.023427
-0.157398
0.356360
0.089517
-0.039824
0.058061
0.115306
-0.017459
-0.020206
0.396565
-0.133271
-0.103485
0.188888
-0.173967
-0.010962
-0.033555
-0.114489
0.081088
0.105542
-0.137367
-0.014547
0.016718
0.265299
-0.192310
0.107582
0.080800
0.004439
0.007282
0.265528
0.245839
0.023191
-0.035915
-0.029103
0.122338
0.071827
-0.101842
0.323739
-0.063448
-0.038163
0.062555
-0.110701
-0.012235
0.119146
-0.063242
-0.052616
-0.079974
-0.079960
-0.212428
-0.011312
0.206289
0.013739
-0.265523
0.019031
0.266356
0.021515
-0.147072
0.005117
0.143342
-0.123549
-0.028027
-0.104728
-0.024838
-0.257665
0.140732
-0.094291
0.125277
0.271228
0.035018
0.058995
-0.204331
-0.055453
0.147767
0.030823
0.010502
0.143124
0.281775
-0.053000
-0.046234
-0.004711
-0.177824
-0.186998
-0.097564
-0.177564
0.138363
0.143635
0.303890
-0.151642
0.066861
0.251160
-0.214387
0.032235
-0.047260
-0.049311
0.049395
-0.007374
0.487338
-0.106548
0.051574
-0.174933
-0.025105
-0.097309
0.113509
0.011245
0.045652
0.023004
0.245815
-0.023193
0.215831
-0.090130
0.007782
-0.360691
-0.145982
0.059820
0.027468
-0.265166
-0.051031
0.018423
-0.102742
0.078875
0.114667
0.057268
0.086667
-0.312464
-0.089486
-0.067320
-0.127312
-0.365471
-0.184986
-0.020372
-0.110196
0.024811
-0.042532
0.160638
0.241958
0.140963
0.069376
-0.059340
0.145019
-0.160789
-0.055575
0.139897
0.124630
-0.082711
0.052240
-0.112185
-0.179779
0.059762
0.021865
0.126999
-0.186043
0.009587
-0.024392
0.029744
-0.316802
0.113004
0.007821
0.281750
0.111867
0.192195
-0.077897
0.322873
-0.086325
0.151444
0.177900
0.109627
-0.039559
0.125688
0.028344
-0.050341
-0.107732
0.082419
-0.085121
-0.220513
0.139223
0.194670
-0.145604
0.043175
-0.142689
0.108284
0.254856
0.260877
-0.046898
-0.143251
-0.003932
-0.425145
-0.115512
0.198611
0.196430
0.013258
0.098571
-0.400756
-0.203734
0.427581
0.022109
-0.049625
-0.066770
0.028223
-0.121355
-0.011143
-0.182897
-0.051618
0.053290
-0.043098
0.052248
-0.042318
0.141105
0.138607
0.136695
0.107284
-0.300868
0.213589
-0.128426
0.045387
-0.400040
0.026668
-0.007800
0.031835
-0.057619
-0.146288
0.208462
0.088788
-0.362500
-0.131631
-0.186479
-0.095357
-0.005509
-0.119315
-0.170396
0.212474
0.157273
-0.227549
-0.111663
0.058743
0.026092
-0.117674
0.231456
-0.356568
-0.057030
0.095525
-0.002678
-0.034349
-0.159332
-0.038213
-0.096873
0.155524
-0.052805
0.020968
-0.017388
-0.142120
0.016321
-0.044905
0.396139
-0.225472
0.168893
-0.351534
-0.146309
-0.042193
-0.218873
-0.117237
0.041461
0.159117
-0.052819
0.046253
-0.102197
-0.185710
-0.053642
-0.158693
-0.166142
0.072089
0.002552
-0.183671
-0.044627
0.233460
0.224595
-0.146573
0.091548
0.035559
-0.171295
-0.093692
-0.046752
0.124080
0.031015
-0.011111
0.045420
-0.124700
-0.221158
-0.169215
-0.122017
0.010051
0.139278
-0.002985
-0.082713
0.068442
0.155267
0.081719
-0.195238
-0.097413
-0.173066
0.006653
-0.084129
-0.017123
-0.144509
0.086689
-0.112695
-0.150410
0.209700
-0.079493
0.099446
0.023282
0.058240
-0.085650
0.191897
-0.058039
0.016410
-0.131181
0.213506
-0.191218
-0.089437
0.012718
-0.106593
0.194597
-0.257640
-0.224131
0.170703
0.013724
0.036974
-0.036941
0.126013
0.083271
0.009121
-0.334187
0.095986
-0.056696
0.006175
-0.166262
-0.197651
-0.128601
0.196466
0.096560
0.226961
-0.235065
-0.042465
0.047185
0.122802
-0.073649
0.099495
0.013895
0.035848
-0.192632
-0.271898
-0.155453
0.067571
-0.074621
0.027415
-0.246437
-0.061282
0.276336
-0.093129
0.146017
0.024144
0.164163
-0.040642
-0.006875
0.006842
0.013349
-0.049282
0.149028
0.031111
0.040943
0.028849
-0.071287
-0.131590
0.037911
-0.052296
-0.251785
0.087657
0.287749
-0.191245
-0.229102
-0.062844
0.022301
0.131334
-0.027218
0.173719
-0.261321
-0.052043
0.205657
-0.115512
0.039105
-0.072141
-0.021248
-0.017661
0.023279
0.005998
0.109051
0.001708
0.256734
0.262935
-0.006787
0.297520
0.272918
-0.098526
-0.019719
-0.056172
-0.021489
-0.150733
0.037374
0.028877
0.308065
0.089232
-0.061121
-0.084584
-0.084354
-0.168108
-0.130289
-0.021933
-0.180927
0.007413
-0.038546
0.229764
0.083998
0.072956
-0.058326
-0.083767
-0.144608
0.056344
-0.032373
0.194804
-0.011703
0.220073
0.098245
0.056544
0.276794
-0.082103
0.024936
0.085278
0.046870
-0.193557
-0.117145
0.097122
-0.108444
-0.271442
0.054252
-0.043088
0.309649
-0.094713
-0.072448
0.081397
-0.120186
0.092991
-0.177796
-0.013052
0.133814
-0.205413
-0.057981
-0.032895
0.132251
0.031986
-0.057033
-0.057701
-0.082523
-0.207887
0.007418
0.212940
-0.171068
0.245855
0.015455
-0.030069
-0.041280
0.301432
-0.025603
0.186641
0.152578
-0.161269
-0.144905
0.085087
0.149478
-0.064276
-0.132159
0.053551
0.060687
0.114514
-0.021618
0.082624
-0.177639
0.178524
-0.109350
0.006492
0.116741
-0.018392
-0.022139
-0.030869
0.147030
0.026043
-0.096291
0.090264
0.182680
-0.058772
0.092683
-0.081872
0.206274
0.026969
0.142039
-0.153744
-0.191723
0.132732
0.134252
-0.078797
-0.185442
0.045789
-0.131055
0.080029
-0.292031
0.218732
-0.116956
-0.093707
0.278448
-0.228038
-0.076357
-0.434097
0.111777
-0.085850
0.253865
0.011111
0.117136
0.256360
0.140693
-0.145558
0.079171
0.013008
-0.033652
-0.006650
0.209710
-0.018174
-0.107091
-0.109886
-0.061124
-0.132317
-0.137974
0.138817
0.013221
0.140649
0.091525
-0.248820
-0.036628
0.167159
0.017157
-0.056427
-0.102528
0.002346
0.083286
0.110094
0.047091
-0.041388
0.185664
0.159178
-0.159637
0.145398
-0.057579
0.076602
0.222005
-0.439968
0.011605
0.105037
0.239632
-0.233731
-0.043374
0.132396
0.062904
0.021584
-0.045539
0.016459
-0.052353
-0.192881
-0.091363
0.206315
-0.071469
-0.077933
-0.094650
0.097017
-0.062303
-0.169265
-0.024620
-0.010640
-0.137099
0.058750
-0.017713
0.133447
-0.122674
-0.060995
0.135892
0.005078
-0.213758
-0.165052
-0.073986
0.154715
-0.147532
0.219236
-0.084220
-0.028112
0.105548
0.143748
0.027281
-0.027213
-0.117291
-0.019599
0.178001
-0.110164
0.032354
0.071905
0.189260
-0.182749
-0.027762
0.001048
0.031939
0.317326
0.275107
0.115784
0.120237
-0.085084
0.079395
-0.171443
0.124210
-0.348617
0.223790
-0.094329
-0.131974
-0.207783
0.108584
-0.074976
-0.035024
0.135308
-0.148838
0.034103
-0.059811
-0.198308
-0.000239
0.079139
-0.041438
0.430211
-0.185168
-0.046014
0.047715
0.176010
0.016648
-0.189476
0.123587
-0.100214
0.051203
-0.145387
-0.137549
0.137401
0.028127
0.112096
-0.020421
-0.032619
0.049568
0.084992
0.128900
-0.137100
0.116084
0.046318
-0.000380
-0.085489
0.098994
-0.093031
-0.138938
0.104722
0.217629
-0.195979
-0.064557
0.031959
-0.116466
-0.031356
-0.155432
-0.010975
-0.042062
0.076226
0.396461
-0.106434
-0.000106
-0.340454
-0.076652
0.099247
0.169693
-0.239941
-0.048546
-0.101450
0.013564
0.004410
0.333653
-0.053276
0.017704
-0.091020
-0.124267
-0.188776
0.298269
-0.003020
0.030909
-0.096076
-0.253044
-0.199216
-0.022498
-0.284026
0.111425
-0.025164
-0.076117
-0.158276
0.050442
-0.002338
-0.159047
-0.120177
0.113064
0.009281
-0.101748
-0.036984
0.095650
0.064318
0.021975
-0.018799
0.089859
-0.065564
0.176058
-0.024269
-0.477960
-0.026963
0.197541
-0.315239
-0.170545
0.171590
-0.128338
0.003666
-0.203676
-0.098911
-0.094670
-0.127980
0.217372
0.376907
0.159881
0.058706
-0.148261
-0.109453
0.058681
-0.048633
0.116126
0.046859
0.099146
-0.008166
0.047927
-0.019172
0.105604
0.183570
-0.164203
-0.022804
-0.180483
0.110029
0.205894
0.031454
0.030444
-0.160592
-0.164870
-0.011311
-0.224483
0.193854
0.122460
-0.082732
0.177326
-0.152392
0.019641
-0.068392
0.005248
-0.079145
-0.156640
-0.033463
-0.112610
-0.000406
0.000131
-0.055832
-0.153379
0.215689
0.154406
0.158019
-0.284121
0.154839
-0.019186
-0.147551
-0.016923
-0.143778
-0.093086
-0.017178
-0.045626
-0.076882
0.144072
-0.122534
0.132635
-0.364754
0.029052
0.201959
0.167259
0.344033
0.075269
-0.292973
0.088777
-0.271134
-0.054972
0.372701
-0.017446
0.093343
0.100300
0.034517
0.274869
0.089127
-0.093675
0.189559
0.018906
-0.100287
-0.027234
0.240019
-0.004359
0.030614
0.116098
-0.291484
-0.178240
-0.060603
-0.050714
0.146646
0.178465
-0.277166
-0.036170
-0.026283
-0.214019
-0.039247
-0.097825
-0.330504
-0.178446
0.108544
-0.034757
-0.013569
0.050603
-0.157963
0.256221
-0.022671
0.074078
-0.043097
0.251598
0.096357
-0.077934
-0.196717
0.117803
0.058568
-0.004095
-0.000185
-0.085286
0.084356
-0.312004
-0.072522
-0.065240
-0.007761
-0.035750
-0.091324
0.117222
-0.073188
-0.185479
0.026806
-0.140057
-0.114734
0.000467
0.163290
-0.106648
0.149243
-0.094677
0.097333
-0.176041
0.019631
-0.098369
-0.232503
-0.157872
-0.016878
0.130128
0.126541
-0.143337
-0.146303
0.023754
0.039269
-0.117205
0.108575
0.121777
-0.101641
0.129498
0.233757
-0.105118
-0.241604
-0.040357
-0.004352
-0.044207
0.099230
-0.350357
0.067939
-0.068060
0.134191
-0.001274
-0.082973
0.230814
0.212491
0.196887
0.048459
-0.088106
0.165316
0.120103
-0.075637
0.206403
-0.121328
0.074418
0.148497
-0.242935
-0.066419
-0.260505
0.199325
0.024731
0.077903
0.193841
-0.196542
-0.012286
-0.241137
-0.214581
0.057134
0.103827
0.028326
0.078522
0.130195
0.041670
-0.041045
-0.026757
0.035926
0.059640
0.049975
-0.024941
0.036142
-0.075155
0.086416
-0.106497
0.006709
-0.013844
0.170978
0.099676
-0.068559
0.141571
-0.129377
-0.061401
0.059893
0.110833
-0.014014
-0.210152
-0.230134
0.018626
-0.088757
-0.147441
-0.048811
-0.252799
0.024032
-0.001627
0.095462
-0.093074
0.002979
-0.111633
-0.024128
-0.066537
-0.169880
-0.233921
0.051002
-0.031074
0.158233
0.022153
-0.127163
0.076690
0.086075
-0.094039
0.235152
-0.408204
-0.091415
0.152929
0.119566
-0.238166
0.061416
0.113187
-0.270194
0.037573
-0.031488
-0.052128
0.028304
-0.106234
-0.091880
0.098321
0.090016
0.055986
-0.071566
0.178898
0.182264
0.251651
0.157550
-0.104298
0.171596
-0.182614
0.029793
-0.226966
0.093458
0.029672
-0.117344
-0.055115
0.065208
0.013144
0.145582
-0.115937
0.123783
0.149918
-0.034087
0.194541
-0.256481
0.003406
-0.202792
-0.211861
-0.046632
-0.129530
-0.025785
-0.058840
-0.044027
0.003505
0.087132
-0.180922
-0.007842
0.068963
0.058320
0.076229
0.223211
0.106566
0.121448
-0.048141
0.238076
0.024444
0.176720
-0.026166
0.013159
-0.291346
-0.195634
-0.130804
0.126081
-0.265311
0.015119
0.110148
0.097740
-0.381123
-0.094043
0.210505
-0.005675
0.089746
0.124088
0.169814
-0.007273
0.052109
0.205220
-0.083481
0.166149
0.043508
0.027504
-0.119827
0.037987
-0.057823
-0.073046
-0.099064
-0.299975
0.242688
0.116852
0.100306
0.188260
-0.089111
0.140211
-0.086852
-0.060730
-0.265976
-0.066725
-0.030035
-0.064100
-0.150377
-0.261196
0.145521
-0.137100
-0.035438
0.164174
0.192135
0.008598
-0.070937
-0.122321
-0.099251
0.061635
-0.009402
-0.189133
0.144208
-0.157673
-0.044006
0.145523
-0.110000
-0.085298
0.203974
0.284676
0.156244
-0.140187
0.022831
-0.020012
0.149515
0.158104
0.081219
0.038890
-0.064991
-0.008223
0.036387
-0.137674
-0.199101
0.102393
0.027598
0.316946
0.182447
0.123675
-0.033810
-0.030975
-0.127788
-0.085156
0.088386
-0.116283
0.169906
0.088242
-0.129409
0.001664
0.129686
-0.068579
0.233940
-0.221700
0.099240
0.150577
-0.116666
-0.058003
0.348600
0.050472
0.086659
0.135106
0.189130
-0.192076
-0.131985
-0.091818
-0.116517
-0.063865
-0.005490
0.129768
-0.194310
0.034516
-0.135961
-0.077517
-0.064156
0.191940
-0.011074
-0.343603
0.238382
-0.074274
0.060468
0.090985
0.196021
0.131314
-0.029361
-0.152319
-0.070166
-0.010135
0.006358
0.181618
-0.003089
-0.110576
0.002476
0.167331
-0.031280
0.023846
-0.145769
0.147260
0.010700
0.028006
0.104447
0.121644
-0.057543
-0.002600
0.077342
-0.071510
-0.020528
0.082432
0.127088
0.151162
0.202497
-0.182395
0.234338
-0.119209
-0.131764
-0.040608
0.031765
0.017994
0.000597
-0.050854
-0.146096
0.099646
-0.090810
-0.021681
-0.169068
-0.099478
-0.171784
-0.041365
-0.090427
0.010258
-0.311342
-0.074918
0.204889
-0.096077
0.077805
0.039823
-0.081116
-0.112167
-0.106722
0.009771
-0.066978
0.004465
-0.103730
0.090098
0.004040
-0.049238
-0.034503
-0.019988
-0.071200
0.170566
0.089438
-0.192684
0.226207
0.060358
-0.049401
0.110991
0.011731
0.037502
0.004019
0.058143
-0.010501
-0.072827
0.200507
-0.072525
0.225468
0.121275
-0.009378
-0.044871
-0.009526
0.038475
-0.064371
0.065062
-0.061041
-0.012581
-0.100544
-0.004175
-0.375694
0.152386
0.247828
-0.034777
0.199802
-0.108643
-0.176710
-0.212619
0.177904
-0.062683
-0.095133
-0.104018
-0.128365
0.163377
-0.083290
-0.034546
0.119549
0.271308
0.039745
0.106520
-0.124736
0.005354
-0.003145
-0.037124
-0.037066
-0.166480
-0.047677
-0.110322
0.161018
-0.183339
0.186479
0.001145
0.102750
0.089609
-0.092191
0.047095
-0.140973
0.143423
-0.034844
0.168241
0.010624
0.107738
-0.004956
-0.066759
-0.001017
0.102094
0.138083
-0.016936
0.032068
0.029712
0.005470
0.058730
-0.110419
0.107993
-0.126451
0.011841
-0.403180
0.001112
-0.209057
0.161061
0.085415
-0.086162
0.025922
-0.077327
-0.121588
-0.150040
0.128954
0.402675
-0.326071
-0.072592
0.325242
0.239433
-0.045670
0.213218
-0.416861
0.050400
0.223471
-0.018972
0.012118
-0.129112
0.026881
-0.193194
0.028163
-0.198833
-0.235603
-0.061698
0.024295
0.162247
0.138787
-0.142352
0.110130
0.034612
0.115368
-0.035530
0.062669
0.097344
-0.025171
-0.152840
-0.055982
-0.138758
0.008597
-0.126142
0.088026
-0.028875
-0.003926
-0.087953
-0.090458
-0.131392
0.005201
0.260445
0.028300
-0.100998
-0.154471
-0.421761
-0.013018
0.058940
0.138031
-0.170973
-0.075200
-0.033508
-0.161257
-0.010879
0.471236
0.195758
0.070228
0.008272
0.261454
-0.034795
0.148472
-0.011910
0.120483
0.162464
0.096691
0.061428
0.095630
-0.219927
-0.077539
-0.076796
0.059375
-0.117668
0.168589
-0.183926
-0.001311
0.111125
-0.058535
0.060936
-0.040906
0.033846
-0.214341
-0.147713
0.075567
-0.049594
-0.317208
0.054833
-0.079912
-0.289717
-0.133583
0.077438
-0.294068
-0.000455
0.244565
-0.249063
-0.207006
0.064270
0.168877
0.038172
0.055862
-0.109611
-0.018836
-0.048416
0.103609
-0.104480
0.007591
0.064449
0.052273
-0.047429
0.157377
-0.170457
0.044217
0.151710
-0.203498
0.090458
-0.259542
-0.149439
-0.173533
-0.119074
0.173419
-0.044087
0.031618
-0.053245
-0.038214
-0.133357
-0.107154
0.026145
-0.117887
-0.028575
-0.064950
-0.115464
-0.051702
0.182092
0.007308
0.048244
-0.208045
-0.176352
0.147131
-0.010255
-0.104291
-0.065848
0.129195
-0.107174
-0.208809
-0.171168
-0.227511
0.026404
0.204912
-0.212019
-0.086079
-0.198975
-0.115242
0.037073
0.046200
-0.003808
-0.149664
0.170547
0.270214
-0.004238
-0.080957
0.141838
-0.036694
-0.077393
0.266657
0.087681
-0.147829
-0.104464
-0.006468
-0.019035
0.087411
0.003658
0.022567
0.062860
-0.108940
0.110621
-0.208983
0.205414
0.089023
0.299120
0.132592
0.090595
0.056916
-0.041565
-0.008990
-0.058374
0.059666
-0.127604
0.046394
-0.011892
0.080090
0.131053
-0.122661
-0.095142
-0.198529
-0.242202
0.020335
-0.072961
-0.062430
0.077865
-0.037891
-0.094834
-0.045792
0.070567
0.209415
-0.001606
0.000157
0.122263
0.249183
-0.107916
0.309990
-0.014757
0.023263
0.100842
-0.033749
0.147439
-0.171797
-0.229173
0.070452
-0.299828
-0.276949
-0.014030
0.097241
-0.006459
-0.012903
-0.038154
-0.258059
0.162360
0.141455
0.058072
0.063122
-0.147125
-0.167400
-0.026178
0.228980
0.180192
0.010268
-0.118229
-0.199310
0.050080
-0.063464
0.094046
0.043863
0.009044
0.202218
0.240234
-0.114491
0.119967
0.206444
-0.009705
0.229474
0.228732
0.344578
-0.045918
-0.091830
0.004489
0.091210
0.037252
-0.119655
0.064889
-0.274553
-0.092380
0.076558
0.085581
0.180061
-0.077590
-0.312557
0.060384
-0.043378
-0.022364
-0.058647
-0.293049
-0.226202
0.058277
0.204191
0.154176
0.128539
0.058621
0.151559
-0.115622
0.049675
-0.421597
0.002863
0.012220
0.160406
0.131970
0.010643
0.132956
0.272727
-0.016339
-0.365901
0.194180
0.011800
-0.028352
-0.034648
0.107878
0.048488
0.074674
0.103121
0.048131
-0.007486
0.099122
0.250142
-0.233337
0.247979
0.192895
-0.295140
-0.101104
0.318900
0.281473
0.042416
-0.093931
0.280886
0.087158
0.023389
-0.148230
-0.072515
-0.028637
-0.209511
0.099250
-0.068050
0.233776
0.125392
0.163041
-0.123058
0.044851
-0.270821
-0.077194
0.177807
-0.068238
-0.229091
-0.026333
-0.058574
-0.071348
-0.177988
0.084920
-0.285422
-0.096397
0.089139
0.033450
0.055007
-0.014969
0.372352
-0.404970
0.100147
-0.045092
-0.163124
-0.020659
0.129353
-0.074890
-0.092687
-0.122880
-0.278891
0.022106
-0.124749
-0.158283
-0.094256
-0.294410
0.194255
-0.005756
-0.230207
-0.079084
-0.073532
0.013808
0.237083
-0.211560
-0.000094
0.099365
0.157859
0.087075
0.173315
0.048033
-0.076864
-0.073027
0.216441
-0.018470
-0.190329
0.114756
0.029376
0.103574
0.030037
0.013241
0.032527
-0.026710
0.158146
0.019787
0.178248
0.000548
-0.126349
-0.031640
0.110408
-0.264430
-0.193038
0.046416
0.070661
0.039012
-0.028178
0.126780
-0.155683
0.293115
0.013336
0.064650
-0.145941
-0.055854
-0.020179
0.015742
-0.084795
-0.147813
-0.096356
0.093146
-0.000649
0.135089
-0.045599
0.041689
-0.128800
0.069097
-0.006757
-0.096696
0.090348
-0.414469
0.104688
-0.046176
-0.061709
-0.178163
0.060732
-0.160637
0.139575
0.281191
0.019733
-0.063473
-0.140865
0.013667
-0.269397
-0.041140
0.074702
-0.124205
-0.089642
0.138418
-0.014425
-0.056835
0.019009
0.057760
0.028548
-0.005431
0.110162
-0.215147
0.036859
0.228392
0.007215
0.140945
0.061950
-0.016050
0.134974
0.247312
-0.012553
0.182329
0.127118
0.173150
-0.162732
-0.159771
0.043502
0.062014
-0.113151
0.058512
-0.099383
0.268670
-0.087672
0.157407
-0.195082
-0.227263
0.168154
0.135788
0.003075
0.152886
-0.040237
0.135100
0.063956
-0.138966
0.036933
-0.199457
-0.098274
-0.142458
0.106327
0.111918
0.088742
0.231799
-0.130039
-0.081661
0.135067
0.048336
-0.174950
0.153802
-0.063448
-0.059951
-0.292791
0.246088
0.007755
0.101991
-0.103689
0.049052
-0.141085
0.015475
-0.212891
0.261566
-0.033546
0.038357
0.072778
-0.030971
-0.155517
0.037118
0.112487
0.030183
0.048576
0.036297
-0.042960
0.294031
-0.173193
-0.026340
-0.227025
-0.095302
0.134072
0.067688
-0.116766
0.000318
0.044998
0.189708
-0.071955
0.216930
-0.106761
0.028844
-0.071783
0.062163
-0.171629
0.091560
0.043132
0.123716
0.030615
0.069524
-0.150815
0.247955
0.139398
-0.094530
-0.025963
-0.064279
0.280078
-0.017176
-0.308333
-0.067594
-0.013803
0.098605
0.044808
-0.010597
0.081988
0.025789
0.129014
-0.264256
-0.081826
0.157248
-0.115460
-0.127615
-0.005400
0.015340
0.108253
0.182608
-0.287675
0.007370
-0.032388
-0.076489
-0.274623
-0.049815
-0.014919
0.120294
0.287258
-0.019181
-0.028100
-0.186124
0.123696
-0.162238
0.173170
-0.167571
-0.026007
-0.018220
-0.075428
-0.272614
-0.157373
0.039514
-0.040562
0.014364
-0.188795
0.036377
-0.022138
0.062695
0.020672
0.143374
-0.094369
-0.032748
0.216035
-0.031736
0.005088
-0.182594
0.135766
0.025643
-0.046697
0.048511
-0.024072
0.033286
-0.156252
-0.195939
-0.184771
-0.203938
0.120338
0.070097
0.135959
-0.079715
0.047820
0.371025
-0.093540
0.047032
0.012293
0.066850
-0.116974
0.097190
-0.267197
0.045564
0.100531
-0.126746
-0.205862
0.019683
0.197369
-0.007435
-0.025664
0.155715
0.029228
0.038326
0.261607
-0.040308
-0.127886
0.089547
-0.034742
0.044169
0.244835
-0.022029
0.053985
-0.096369
0.195234
-0.227250
0.201851
-0.068776
-0.050881
0.019074
-0.024398
-0.009141
0.251875
0.033649
0.023766
0.000311
0.083536
0.003684
-0.055704
-0.122573
0.039626
-0.060573
0.309443
0.070985
-0.146934
-0.101332
0.101106
-0.151976
-0.235663
0.162241
0.149744
-0.151983
0.097482
-0.044260
0.004937
0.062193
-0.083498
0.075427
0.072658
-0.003700
0.005101
0.014395
-0.021674
-0.128618
0.085038
-0.011667
0.107581
-0.054343
-0.065958
-0.153969
0.037515
0.077678
0.101041
0.119768
0.151692
0.052585
-0.130794
0.019240
-0.197668
0.242578
0.052303
0.071116
-0.190729
-0.128207
-0.156304
0.041596
0.079978
0.137307
0.044874
0.036579
0.148895
0.158987
0.061713
0.009152
-0.009037
0.038339
0.090470
-0.144146
0.105076
-0.121936
-0.150343
-0.158167
0.204227
-0.012553
-0.352966
0.334531
-0.022296
-0.230123
-0.030500
0.152779
-0.266119
0.168130
0.127409
0.117564
0.004161
-0.073658
-0.065767
-0.028810
-0.050974
0.254563
0.078183
0.004616
-0.205607
0.017232
0.048245
0.077196
-0.067839
0.266276
0.084216
0.150427
-0.017692
0.166113
0.137580
-0.077936
0.040362
-0.218346
0.152147
0.042979
0.141696
0.164587
0.090725
-0.196853
-0.136173
0.012200
-0.081688
0.077125
0.326693
0.134097
-0.156975
0.288543
0.377522
0.129248
-0.084550
-0.015145
0.226677
-0.153435
-0.009926
0.082629
-0.206380
-0.043436
0.011991
-0.300627
0.071853
-0.020048
-0.186754
-0.118153
-0.023141
0.231652
0.041583
-0.056330
-0.035337
-0.048245
0.010498
0.078881
-0.182892
-0.035982
0.014534
-0.119565
0.223354
0.414605
0.080192
0.002299
-0.150947
-0.169962
-0.001516
0.033702
0.051068
0.250904
0.195367
0.152001
0.119653
0.029108
0.142832
-0.126887
0.158563
0.076472
0.010980
0.003833
-0.117690
-0.057238
0.019227
-0.112343
-0.093226
-0.029432
0.006728
0.122347
-0.005832
-0.107877
0.361166
-0.086809
0.108520
0.106519
-0.152782
0.050801
0.083110
-0.091474
-0.003121
0.083011
0.134163
0.248737
-0.274483
0.100711
-0.071056
0.033458
0.065207
0.317067
-0.210223
0.042554
0.032761
-0.195220
-0.169195
0.160159
-0.028083
-0.157034
0.073161
-0.031445
0.062162
-0.069021
0.278918
0.218605
0.117209
0.295182
-0.264053
0.066594
-0.394823
-0.011731
-0.018657
0.010118
0.101462
0.329584
0.108820
0.071669
0.135426
0.035631
-0.144817
0.127075
-0.067282
-0.041039
0.011594
-0.096257
-0.072217
0.304202
0.109697
0.224868
0.094124
0.022518
-0.128430
0.066314
-0.016734
-0.124974
-0.123351
0.013509
0.083723
-0.011835
0.197909
0.070507
0.069340
-0.105056
-0.238850
0.036493
0.224309
0.020693
-0.049458
-0.264184
0.038738
0.048137
-0.153540
-0.052542
0.009757
-0.062221
-0.155985
-0.063163
-0.020297
-0.122663
0.227220
-0.102076
0.137952
-0.310142
0.046337
0.085457
-0.003158
0.168051
0.018315
0.123966
-0.002270
0.076630
0.270517
-0.172014
0.118477
0.130746
-0.068334
0.194884
0.061185
0.322342
-0.260215
0.077024
0.122705
-0.057630
-0.181624
-0.021684
-0.237542
0.143698
-0.040367
0.091796
-0.067553
0.071883
0.107096
-0.040920
0.044192
0.054182
0.205634
0.292693
0.141694
0.211475
-0.046710
0.089942
-0.085777
-0.172212
-0.023229
-0.345441
-0.156697
0.245286
0.396299
0.047415
0.263900
-0.162750
-0.217955
0.112469
-0.307477
0.066245
0.059087
0.009775
0.260140
0.174645
0.021973
0.228002
-0.065088
-0.273045
0.085324
-0.069715
-0.106629
0.004011
-0.068722
0.343052
-0.018154
-0.220590
0.007044
0.070980
-0.238410
0.040217
-0.008341
0.054614
-0.102061
-0.105203
-0.006006
-0.208156
-0.149885
0.100340
0.071911
-0.017841
0.190236
-0.129179
-0.001451
-0.299706
0.008806
0.232016
-0.064951
-0.063250
-0.136454
-0.005532
0.188404
0.133632
-0.374979
-0.140916
-0.149784
-0.019412
-0.232161
-0.000868
0.145278
-0.192756
0.123931
-0.036577
0.069942
-0.143887
-0.125696
0.138695
0.065416
-0.160747
-0.112015
0.177325
0.047688
-0.301921
-0.042103
0.059877
0.069079
-0.136820
-0.017062
-0.097064
-0.225009
0.240967
-0.069258
0.015314
0.040917
-0.214746
0.100348
0.060259
0.053508
-0.124163
-0.089898
-0.017155
-0.344326
0.126942
-0.151640
0.121906
-0.045703
0.217279
-0.076580
-0.002602
-0.163908
-0.057171
0.063293
0.167432
0.056199
-0.255769
0.181853
-0.376538
-0.078020
-0.152785
0.189046
0.100989
-0.032189
-0.034911
-0.028043
-0.084485
-0.140754
-0.035972
-0.152116
-0.087300
-0.077477
0.082007
0.030434
0.054641
0.052604
-0.094687
0.189106
0.070898
0.142056
-0.178188
-0.002664
0.024339
-0.243375
-0.104893
0.043206
-0.033050
0.042723
0.173695
0.004485
0.063443
0.135752
-0.026739
0.173333
-0.113588
-0.212854
0.372189
0.079569
0.066816
-0.046046
0.063729
0.012278
0.255933
0.282191
0.029877
-0.008781
-0.000323
0.094112
0.021567
-0.204276
0.098124
-0.138221
-0.017561
0.143745
0.278131
0.325214
-0.029241
0.158960
-0.068166
0.089424
0.083063
-0.124603
-0.104908
0.055778
-0.070096
0.083800
0.028069
0.025800
-0.012038
0.042062
0.226215
0.087587
0.209173
-0.195813
-0.007450
0.005403
-0.106155
0.161690
-0.102462
-0.021027
0.019178
-0.073928
-0.118352
0.003877
0.078165
-0.117213
-0.140974
0.005665
0.151644
0.109988
0.240492
0.163510
0.082096
-0.212187
-0.204993
-0.332913
-0.138207
0.073685
-0.012669
0.235471
-0.068836
0.159673
-0.006269
0.118207
0.080338
0.000731
0.092723
0.199654
0.067549
-0.316507
0.276222
0.297706
-0.012853
-0.012763
-0.186449
0.248057
0.131162
0.014930
0.021451
0.011738
0.091639
-0.102865
-0.175000
-0.187693
-0.088247
0.083503
-0.093365
0.061254
-0.011757
-0.142024
0.025460
0.081946
0.029170
-0.165087
0.134369
0.172866
-0.090272
-0.156552
0.118073
0.096924
-0.075965
-0.044153
-0.013006
-0.004641
0.151084
0.021975
0.001833
0.145956
0.026706
0.088414
0.046805
0.244052
-0.102490
-0.000854
-0.159758
0.175637
0.056361
0.050514
0.049354
-0.013806
-0.002372
-0.144075
-0.212448
0.132873
0.091512
-0.033229
0.188467
-0.061315
-0.003818
-0.203242
-0.137525
-0.165880
-0.085624
0.113449
-0.006782
-0.082528
-0.069913
-0.256643
-0.352673
0.198961
-0.038045
-0.260122
0.119747
0.068922
0.027035
-0.108650
-0.172248
0.033922
-0.090785
-0.000848
0.043816
0.122524
0.036053
0.160971
-0.087544
-0.031948
-0.117542
0.059947
-0.042163
0.003541
-0.187928
-0.096367
0.232683
-0.121977
-0.130616
-0.152466
0.127314
-0.138574
-0.101291
-0.135345
-0.221103
0.055294
0.164127
-0.101700
-0.099077
-0.119533
0.163879
0.048472
-0.040074
-0.039891
-0.016187
-0.006923
-0.366692
-0.079687
-0.219655
0.280056
-0.154842
-0.103366
-0.014786
-0.183585
0.000206
-0.393509
0.233723
0.110198
-0.039301
-0.011309
-0.168165
0.169259
0.050391
-0.096701
-0.313507
0.134755
0.146966
-0.059624
0.055786
-0.051594
-0.084337
-0.041877
0.229643
0.018562
0.054314
0.112897
0.163119
-0.015293
0.054348
-0.027422
-0.026730
0.123859
-0.186063
0.112555
0.116084
-0.054377
0.277653
-0.043220
-0.185378
0.188605
0.007272
-0.203332
0.003809
0.035232
-0.067566
-0.135943
0.082106
0.058318
-0.063157
-0.183072
-0.282282
0.033801
-0.064559
0.052267
-0.320166
0.070170
0.194622
-0.217635
-0.107803
-0.075409
-0.163368
-0.171497
0.173116
-0.028586
0.167543
0.304501
-0.056439
0.296578
-0.048333
0.298788
0.270381
0.019607
0.258935
-0.092950
0.063002
0.156623
-0.087467
-0.085271
-0.073155
0.101645
-0.050357
-0.184569
-0.021360
0.064457
0.169799
0.160772
-0.129842
-0.164956
-0.116683
-0.036276
0.053243
-0.001945
0.073122
0.044491
-0.012078
0.044813
-0.165738
0.209031
-0.289208
-0.083657
0.032247
0.036159
-0.004994
-0.099561
-0.076240
-0.038159
-0.076902
-0.045182
0.402372
0.076514
-0.371395
0.202654
-0.063599
-0.031413
-0.049047
-0.163311
-0.187801
0.232232
-0.082929
0.015115
0.095101
-0.087111
-0.000754
0.062529
0.175228
0.239502
0.011415
-0.032121
-0.264338
0.022161
0.175884
-0.059395
0.052544
0.056922
0.137118
-0.058972
0.071503
0.006237
-0.176353
0.153582
-0.172415
-0.044916
0.044571
-0.121900
0.215573
-0.016440
0.406154
-0.347700
0.047123
-0.129125
0.123137
0.008807
0.037957
-0.112325
0.151943
0.036981
0.026399
0.038665
-0.092800
0.049768
0.176474
-0.087634
-0.090044
0.145312
-0.267363
-0.059308
-0.281982
0.112746
0.107849
-0.110127
0.087702
0.072662
0.276634
0.080898
-0.109589
-0.133946
-0.174248
-0.136038
-0.046052
0.024625
0.085366
0.074810
-0.167316
-0.213372
-0.108695
0.000077
0.162519
-0.036207
0.059166
-0.115695
0.023526
-0.037126
0.178601
-0.060470
0.199821
-0.353123
-0.043016
-0.014003
0.258810
0.173233
0.018217
-0.158223
0.138987
-0.041207
-0.029118
-0.140569
-0.001772
-0.112074
-0.162886
0.273332
-0.256595
-0.147745
-0.207743
0.049949
0.009956
-0.266718
-0.046757
0.094676
-0.001138
-0.191584
-0.095098
0.103063
-0.040294
0.062461
0.154031
-0.191462
0.268718
0.016609
0.049988
-0.058872
0.045237
-0.061102
-0.150667
0.170953
0.041909
-0.068661
-0.043950
0.086785
0.007236
0.265160
0.182524
0.029094
0.284794
0.273538
-0.227816
0.037647
0.123513
0.249206
-0.164898
-0.051334
0.259040
0.241350
-0.101503
0.252571
-0.067105
-0.150539
-0.021905
-0.059085
0.010718
-0.170979
0.073435
0.103927
-0.209686
0.083375
-0.200329
0.053118
0.080365
0.206010
-0.028212
0.112253
0.013056
0.116399
0.087198
-0.104468
-0.241554
-0.015754
-0.204227
0.072876
-0.047035
-0.012934
0.155928
0.185182
-0.090831
0.068119
0.001727
-0.035429
0.054515
0.064118
-0.068326
-0.032924
0.192118
-0.009264
-0.204378
0.112496
-0.054696
-0.308255
0.079731
-0.032724
-0.046677
0.125154
-0.036393
-0.243216
0.312907
-0.043691
-0.139489
0.138645
0.032292
-0.060583
-0.010247
0.015926
0.050859
-0.092308
0.075173
-0.005408
0.031637
0.125010
0.008251
-0.343100
0.058818
0.108961
-0.109490
0.142884
-0.030291
-0.008072
-0.060807
-0.050084
-0.038597
0.161252
0.151953
-0.044491
-0.008359
-0.071553
-0.233575
-0.084498
-0.033010
-0.074042
0.124985
-0.069362
-0.113292
0.010394
-0.293647
-0.185430
-0.012029
0.237143
0.057900
-0.034391
-0.055433
-0.072403
0.240420
-0.090547
-0.126279
-0.145976
0.022223
-0.291070
0.031480
-0.086586
-0.044705
-0.482397
-0.140777
0.091795
-0.324561
-0.102315
-0.165028
0.244268
0.005216
-0.126408
-0.094630
-0.060659
0.000366
-0.091007
0.103431
-0.017192
-0.072846
-0.071305
0.081140
0.002100
0.054988
0.124759
-0.053444
0.015533
-0.074503
-0.041429
-0.157404
-0.173847
0.014781
0.089506
-0.272368
-0.081544
-0.018881
-0.059978
-0.143874
0.057460
0.081958
0.090990
-0.145310
0.120092
-0.182231
-0.132259
-0.103634
-0.005881
-0.174262
-0.079877
0.131674
0.091588
0.067008
-0.026223
0.176696
0.005737
-0.018761
0.026358
-0.025931
0.061906
0.197334
0.163354
0.096958
0.020113
-0.093124
-0.190869
-0.072077
0.096783
-0.204368
-0.091706
-0.056373
0.112665
0.198878
-0.018227
-0.042822
-0.144107
-0.042626
0.240231
0.072071
0.053746
0.054531
-0.082576
0.062095
-0.001813
0.212422
0.065914
-0.071633
-0.344555
0.132056
-0.032789
-0.170612
-0.284289
-0.030077
-0.021977
-0.148404
0.032419
0.001935
0.010438
-0.040104
-0.150517
-0.102413
-0.101835
0.218954
-0.008449
0.240747
-0.200437
-0.035784
-0.188578
-0.212751
0.069680
-0.006541
0.101913
-0.140956
0.043194
0.071234
0.153537
0.102009
-0.127071
0.179742
-0.009851
-0.062587
0.119252
-0.073323
-0.019289
-0.015017
0.117487
-0.132172
0.105668
-0.225513
-0.140177
0.048675
0.010149
-0.047263
0.064353
-0.156596
0.025362
-0.030232
-0.215475
-0.092204
0.027406
0.166905
0.228859
0.281718
0.032091
0.142107
-0.010740
0.061719
0.062523
0.087825
-0.256726
-0.045280
0.330499
-0.122616
-0.089178
0.152390
-0.024457
0.043586
-0.115565
0.005121
0.025641
0.200687
0.216663
0.216261
0.050708
0.058008
0.138508
-0.013120
0.065851
0.096750
0.010603
0.012884
0.046730
-0.046305
-0.018276
-0.080136
0.015068
0.117322
-0.059160
0.173915
0.038443
0.009917
0.103733
-0.152713
0.135697
-0.202551
0.067000
-0.070439
-0.212807
0.202851
-0.004329
0.000549
0.035880
0.131236
0.039144
-0.049866
-0.041522
0.096787
-0.300655
-0.132824
0.053818
0.023158
-0.108346
0.187290
-0.073789
0.085410
0.110925
-0.039711
-0.010013
-0.032335
0.024434
0.116200
-0.001818
-0.167820
0.026981
-0.076830
-0.081539
-0.171246
-0.140416
0.109539
0.221864
-0.069381
-0.243473
-0.090902
0.187783
-0.148166
-0.272442
-0.227303
-0.090235
-0.124815
-0.113383
0.392949
0.134403
0.072531
-0.040206
-0.161423
-0.153316
-0.088371
-0.198390
-0.073725
-0.034932
-0.270036
-0.093505
-0.269766
0.060796
0.317354
-0.254220
0.003217
0.123013
-0.055786
-0.021930
0.033798
0.084967
0.128208
0.023336
-0.024637
-0.134428
0.042671
0.116807
-0.116762
-0.052769
-0.112984
0.233145
0.241901
0.081250
-0.006619
0.323895
-0.179321
-0.076593
-0.356605
-0.183192
-0.291156
-0.064654
0.103970
-0.172635
0.111846
0.088221
0.126244
-0.146110
-0.089700
0.226750
-0.025114
0.080111
0.319265
-0.051416
0.020086
-0.054427
-0.062930
0.022142
0.086462
-0.024834
0.073547
0.052196
-0.040371
0.013069
-0.058521
-0.198663
0.008401
0.007526
0.032536
0.235591
-0.213695
0.189476
0.013633
-0.044101
0.094582
-0.047611
-0.011894
-0.026591
-0.220463
-0.172176
-0.007833
-0.109640
-0.035592
-0.187917
-0.093434
0.005478
-0.074127
0.168989
0.075257
-0.157413
-0.054938
-0.125780
0.048473
0.148859
0.152402
0.126928
-0.136207
-0.002284
0.041441
0.101811
0.003820
0.037663
0.233246
0.077735
-0.300211
0.061569
0.212248
-0.048170
-0.090583
0.179608
-0.010287
-0.015100
-0.099457
0.037131
-0.244739
0.040238
-0.051660
-0.009317
-0.108457
-0.029391
0.208465
-0.196217
-0.008444
0.000189
-0.051754
-0.213226
0.014195
-0.012607
0.056784
0.085117
-0.113804
0.112269
0.108257
0.002333
-0.136545
-0.055278
-0.043610
0.005882
-0.362399
-0.026295
0.107769
0.101132
-0.197450
0.108932
0.073416
-0.282302
-0.141024
-0.184168
0.045677
0.161843
-0.086329
0.051620
0.125596
-0.066075
0.023546
-0.168142
0.364443
0.247463
0.061899
-0.181862
-0.053671
-0.083346
0.088769
-0.084906
0.046074
-0.071397
-0.167507
0.092540
0.123290
0.051434
0.032878
-0.115232
-0.064455
0.058475
-0.062558
0.022857
-0.245751
0.009422
0.049616
-0.026113
0.151932
0.068553
-0.107270
-0.059563
0.017309
0.011695
-0.087882
-0.045946
-0.049326
0.100265
-0.042202
-0.272564
-0.051007
-0.096659
0.177058
0.228327
-0.109440
-0.262073
0.073554
-0.177287
-0.167242
0.033952
-0.035875
0.023072
-0.098731
0.227159
0.051202
0.011890
0.029619
0.422032
-0.353418
0.163847
-0.115289
-0.075259
0.232168
0.112044
0.203650
0.121476
-0.103935
-0.116426
-0.037260
-0.265047
0.045329
0.088664
0.073626
0.145119
-0.220438
0.282644
-0.281986
-0.035223
-0.202791
0.043959
-0.132997
-0.134298
0.019463
-0.114678
-0.176339
0.171996
-0.146514
-0.061840
0.162212
0.175244
0.128399
-0.077268
0.179188
-0.097439
-0.081932
-0.207852
0.008248
-0.014226
-0.108134
-0.008855
-0.166429
0.102000
-0.200864
-0.068991
-0.131392
0.069211
-0.185340
-0.154289
0.064394
0.194166
0.009761
-0.043954
0.067718
0.066715
-0.197279
0.122272
-0.085786
-0.091852
-0.095054
-0.165861
0.104716
-0.092667
0.239728
0.026129
-0.008028
-0.139918
0.055708
0.187786
-0.045445
-0.106853
-0.123540
-0.033981
0.144099
-0.014528
-0.242045
-0.216017
-0.064653
0.058308
0.020808
-0.119832
0.269851
0.211973
-0.277456
0.225507
-0.093868
-0.060881
-0.157044
-0.313638
-0.016168
-0.004491
0.024001
0.113273
0.228555
0.042907
0.239100
-0.131336
-0.147800
-0.261355
0.146644
-0.167322
0.350007
0.193393
0.048151
0.194368
-0.048023
-0.065430
0.148068
-0.023622
0.287817
0.158481
0.030676
-0.110126
-0.234753
0.067450
-0.018875
-0.021446
-0.218550
-0.282569
-0.239268
-0.209186
0.087884
-0.070892
0.036897
0.256154
0.041111
-0.126792
-0.094699
-0.011256
-0.142224
0.024509
-0.350478
0.129036
-0.006446
-0.199854
0.122850
-0.084789
0.008835
0.100566
-0.045487
-0.142175
0.109344
0.216726
0.092489
0.148141
-0.205189
-0.246687
0.046863
-0.095407
0.286279
0.145886
0.087366
0.101415
0.043562
0.019820
0.006658
0.122991
0.030084
-0.087425
0.248293
0.253515
-0.020876
-0.083080
-0.247329
0.237232
-0.064561
0.003974
-0.046294
0.088031
0.115515
-0.099863
0.106444
-0.215019
-0.126034
-0.031384
-0.016875
-0.132580
0.066588
0.013824
-0.001305
-0.130216
-0.057758
-0.121101
0.139961
0.058829
0.090833
0.070664
0.218536
0.046702
0.123215
-0.065846
0.076334
-0.026756
0.016110
-0.171057
0.035318
-0.177728
-0.140171
0.016485
-0.024015
-0.185396
-0.160312
-0.002378
-0.031443
-0.221402
0.081488
0.023830
-0.273545
-0.028793
0.239448
0.079756
-0.156901
0.019915
-0.049873
0.186603
0.196194
-0.194247
0.032573
0.057895
0.001397
0.024027
0.084235
0.007726
-0.004015
0.236852
-0.193886
-0.001761
0.217024
0.117904
0.086909
0.248147
0.129260
-0.070335
0.032685
0.006760
-0.069307
0.046613
0.195303
-0.092325
-0.024408
0.058862
-0.079871
-0.161041
0.051888
-0.037710
-0.033197
0.119344
-0.003511
0.031339
0.079164
0.197646
0.010702
-0.102938
0.261654
-0.039976
-0.007005
-0.090181
-0.118346
0.077489
0.062653
0.260607
-0.092623
0.096785
-0.200746
0.000012
-0.186206
0.024049
-0.120216
0.043717
-0.062251
0.122215
0.220522
-0.180657
-0.229099
-0.256615
0.161314
0.034141
-0.041334
0.130730
-0.033725
0.102264
0.103774
-0.095020
0.093662
-0.212652
-0.137221
0.061246
0.258173
-0.178085
0.198988
0.014285
0.089926
0.047327
-0.095364
0.080502
-0.030939
-0.287395
-0.220136
-0.043788
-0.000749
-0.012362
-0.146396
0.211232
-0.006451
-0.283045
-0.076104
-0.134828
0.047155
-0.099761
0.189453
0.099801
0.056720
0.102634
-0.185203
0.126673
0.052133
-0.253553
0.175814
-0.092670
0.143916
-0.288819
-0.224874
-0.049679
0.245683
-0.036984
0.145144
-0.041465
-0.011399
0.015731
-0.107732
-0.235896
0.196447
0.147590
-0.063656
-0.110191
-0.159619
-0.030453
0.038409
0.000803
-0.150832
0.089481
0.054043
-0.145581
-0.058957
0.020687
-0.159941
-0.194926
0.046599
-0.178211
-0.099025
0.057962
-0.142311
0.025394
0.056809
-0.096659
0.042166
0.029393
-0.077210
0.009973
-0.104850
0.166906
0.134922
0.039219
0.033000
-0.034630
0.213203
-0.182970
0.163696
-0.214780
0.029344
0.024153
-0.369131
0.135391
0.276018
0.114110
0.331893
0.210925
-0.176969
0.084371
0.223921
0.034039
-0.095724
-0.154735
-0.002165
-0.046272
0.160615
0.198739
-0.075073
-0.153326
-0.189360
-0.046606
0.010107
-0.198346
0.262380
0.084958
-0.031413
0.111054
-0.131796
-0.055632
0.147501
-0.098582
-0.072497
0.276338
-0.118635
0.192634
0.101931
-0.086087
-0.108445
-0.092960
-0.081115
-0.081062
-0.007603
-0.155743
-0.151956
-0.025937
-0.004966
0.129691
-0.116024
0.077018
-0.101643
-0.017055
0.091494
-0.115474
-0.022076
0.129089
0.054157
-0.003101
-0.190826
0.152042
0.046167
-0.215927
0.095536
0.127918
0.119807
-0.031842
0.198447
-0.247612
0.109028
0.227933
0.016266
-0.213544
-0.133073
0.134176
-0.222759
0.131258
0.066152
-0.094103
0.120818
0.160917
-0.129425
-0.270075
0.100281
-0.146201
0.050327
-0.147407
-0.156706
0.029695
0.049573
-0.101001
0.242610
0.082062
0.169121
0.001293
0.159610
0.107740
-0.100678
-0.055838
0.006225
0.021716
0.069682
-0.287294
0.012365
-0.082241
0.027698
0.192696
0.107646
0.080716
-0.170562
-0.123486
-0.132794
0.010878
0.058182
-0.123142
0.008918
-0.084278
-0.023332
-0.176198
-0.057350
0.248444
-0.162123
0.060967
0.143454
0.036596
-0.202455
-0.279422
-0.004941
-0.086157
0.015117
-0.023948
0.047177
0.119265
-0.205887
0.107528
0.259660
-0.007278
0.124345
0.099644
0.139988
0.175698
0.037282
-0.197127
0.125703
-0.169485
-0.115819
0.140257
-0.530235
-0.024264
0.041805
-0.170091
0.135304
-0.068102
0.035532
-0.029124
0.234235
-0.077846
0.208231
-0.127616
-0.222097
-0.068483
0.026992
-0.026733
0.141154
-0.106544
0.228813
0.003265
-0.050645
-0.028853
0.188443
-0.220741
-0.061308
0.039460
-0.128623
0.118555
-0.092494
-0.052936
0.034139
0.153998
0.034106
0.292685
-0.317133
0.062148
-0.083227
0.104971
-0.047641
0.092121
-0.070973
-0.136928
0.212207
-0.230272
0.078884
0.062187
0.276579
0.283581
0.085469
0.150307
0.181030
-0.115197
-0.050679
0.057649
0.178832
0.233531
0.036878
-0.189437
0.016500
0.123990
0.051034
-0.169010
-0.045425
-0.040704
0.107824
0.074395
-0.059081
0.094234
-0.063530
0.031297
0.076216
0.137955
0.218806
-0.321470
0.211332
0.065447
0.049179
-0.148731
0.023439
-0.043033
0.030004
0.318056
0.051671
-0.351698
0.227647
-0.145985
-0.094244
-0.049435
-0.145836
0.011738
-0.396840
0.198286
-0.134472
-0.238128
0.153560
0.001960
0.118589
-0.031541
0.005711
0.104417
-0.056772
-0.096951
-0.152847
-0.016363
0.097062
-0.152760
-0.111250
0.044513
0.099015
-0.263921
-0.126807
-0.028829
-0.076097
0.053768
0.016091
-0.149813
0.052042
0.088882
-0.284426
-0.200362
-0.160360
0.108374
-0.155740
0.055621
-0.072433
-0.214383
-0.030286
0.152887
-0.011872
-0.042296
0.021783
-0.181465
0.080138
0.196548
-0.195235
0.022272
0.044963
-0.109885
-0.026587
-0.160181
-0.047056
-0.056328
0.163283
-0.179588
0.052434
-0.043523
0.279233
0.013189
0.117299
0.087021
0.012472
0.102483
0.069060
0.005917
0.133801
-0.031107
0.020701
0.048507
0.114581
-0.125641
-0.094334
0.102728
-0.059472
-0.110687
-0.016186
0.054355
-0.091621
0.143085
-0.166775
0.328993
0.310862
-0.021817
-0.132327
0.177063
-0.210953
0.184517
-0.105732
-0.097478
-0.036989
0.108148
0.167544
-0.043008
0.217712
-0.112754
0.096575
-0.079145
0.147464
0.058958
-0.008528
-0.021051
0.088618
0.008536
-0.225233
-0.057809
0.047110
-0.072249
0.000266
-0.098420
0.105882
0.185331
-0.056808
-0.153080
-0.059324
-0.304594
-0.036641
-0.123568
0.070596
-0.097663
0.090377
0.001541
-0.069430
-0.082104
-0.170473
-0.046177
-0.015537
-0.201147
-0.092556
0.060284
-0.008556
0.218341
-0.097788
-0.104528
-0.003268
-0.143489
0.013646
-0.037050
-0.034919
-0.127225
-0.022612
0.182199
0.159368
0.048080
-0.065389
-0.160744
-0.092875
-0.144251
0.056517
-0.091443
0.178660
-0.173947
0.010725
0.053940
-0.289147
-0.032574
-0.234626
0.092807
-0.042567
-0.095664
0.060702
0.114746
-0.002740
-0.080797
0.076684
0.236606
-0.207930
-0.006390
0.002334
-0.147313
-0.000879
-0.102406
-0.115893
0.091994
0.099902
0.087849
-0.124147
-0.379899
0.114268
-0.019248
0.157417
-0.190047
0.014905
-0.006606
-0.002649
-0.171522
0.145565
-0.088495
0.143200
-0.029987
-0.177878
-0.234089
-0.054907
0.225649
-0.389298
0.136729
0.015197
-0.031541
-0.073521
0.141455
0.033324
-0.093132
-0.008829
-0.236232
0.120833
-0.259570
-0.085930
-0.041103
0.039197
0.021449
0.071996
0.089615
0.040860
0.065927
0.145551
-0.182428
0.023728
0.006564
-0.230505
0.116790
-0.009449
0.085301
-0.074329
-0.111235
0.020689
-0.179892
0.237561
0.027096
-0.065912
0.078035
0.054874
-0.133806
-0.165739
0.107366
0.031345
0.026786
-0.144083
0.271173
0.161161
0.241245
-0.065054
0.215362
0.076121
-0.092881
0.128938
0.114487
0.087451
-0.241186
0.061542
-0.055357
0.038055
0.190959
-0.220629
0.042328
0.146935
0.055670
-0.103486
0.005505
0.081948
0.017856
-0.110327
-0.145586
0.103202
0.034633
0.016284
0.289166
0.164380
-0.186808
-0.224581
0.093120
-0.222354
0.172943
0.093238
0.113119
0.057150
0.088862
0.024110
-0.070137
0.078193
-0.071921
0.304128
0.152992
0.078189
0.049908
0.244382
0.493901
0.004071
0.039429
-0.031879
-0.122726
0.066732
-0.164594
-0.215721
-0.097087
0.196312
0.073377
-0.075641
0.128501
0.008870
-0.127449
0.036033
0.304484
-0.084879
-0.346643
0.050512
0.227581
0.062204
0.070900
0.053902
0.084246
-0.154980
-0.041632
0.080166
0.008373
0.086770
-0.204205
-0.177153
-0.014122
0.034758
-0.143974
0.074087
0.201586
-0.168141
0.205323
0.051412
-0.123752
-0.130294
-0.001583
0.123643
0.252067
-0.116873
-0.203362
-0.029827
-0.109446
0.032236
0.032019
-0.017258
0.133586
-0.026574
-0.018806
0.080570
-0.032490
-0.067658
0.082323
0.272498
0.065815
0.002497
-0.088943
0.063679
0.068869
0.141690
0.003343
-0.157439
-0.125407
0.037727
0.025006
-0.200647
0.202707
0.083481
-0.106137
-0.037303
0.130556
-0.022926
-0.141424
-0.246775
0.123524
0.079430
-0.195991
0.071595
-0.192002
0.021440
0.129490
0.264049
-0.054322
-0.285844
-0.117366
-0.000488
0.083857
-0.112988
-0.301797
0.194862
0.060215
0.178640
-0.044714
-0.104412
-0.030488
-0.076394
0.188134
0.026435
0.159989
-0.069253
-0.079405
-0.015021
-0.205550
-0.187609
-0.110481
-0.082978
-0.064635
-0.013398
-0.200252
0.372493
0.031298
0.254109
-0.081737
-0.053218
-0.035140
-0.220121
0.082281
0.189643
-0.159292
0.110501
0.089232
0.088949
0.043383
0.110640
-0.090347
0.240100
0.195833
-0.003309
0.101723
-0.074954
-0.264069
0.051595
0.073028
0.170543
-0.225100
0.075149
0.212936
0.095629
-0.032852
-0.152072
0.152168
-0.094803
0.255849
0.335651
-0.147119
-0.041032
0.186798
0.276219
-0.046192
-0.080602
0.018832
0.096812
-0.177942
-0.207715
0.183140
0.000733
-0.060114
0.346035
0.133725
0.013745
-0.126347
-0.021255
-0.148078
-0.104989
0.048054
-0.058886
0.074302
0.183889
-0.146571
0.242411
-0.293819
0.182586
0.038931
-0.200526
-0.242504
0.089543
-0.081281
0.151729
0.102994
0.070094
-0.176364
-0.196791
-0.016345
0.177796
-0.060313
0.141114
0.100041
-0.208127
-0.101571
-0.148413
0.084554
0.114161
-0.142524
-0.020450
-0.335730
-0.021751
0.013010
0.091239
0.044910
0.045194
-0.021043
-0.040392
-0.033604
-0.074291
0.172434
-0.334983
-0.068078
0.125449
0.083994
-0.033517
0.180907
-0.031848
-0.038916
0.150573
-0.231188
-0.187733
-0.031980
0.170662
0.000233
-0.009270
-0.142955
0.070433
0.078058
0.239999
-0.011692
-0.084340
-0.270123
-0.008639
-0.184023
0.225246
0.207804
0.086968
-0.143283
0.038147
-0.080981
0.015493
-0.303181
-0.091234
-0.308648
0.030155
0.113466
0.009903
0.010758
0.122528
-0.119610
0.170909
-0.151539
0.127088
0.049211
-0.250682
-0.049251
0.135678
-0.243473
-0.154344
-0.263889
0.253647
0.196008
0.255426
-0.006507
0.173585
-0.185321
0.084099
0.162840
0.024117
-0.146539
-0.199154
-0.029775
0.119589
0.001807
0.192984
0.061830
-0.010743
0.056391
0.133583
0.188417
-0.006819
-0.358806
-0.127997
0.119887
0.037275
-0.035712
0.169178
-0.201589
-0.058144
0.175322
0.067030
-0.074444
-0.082335
0.198883
-0.022599
0.015651
-0.037942
-0.070230
-0.017172
0.068648
-0.032573
-0.120287
0.094033
0.196481
0.016360
-0.023334
0.197799
0.090700
-0.057230
0.223105
0.167943
-0.066721
0.007009
0.089827
0.001976
0.298045
0.166745
0.049542
0.041968
0.137186
0.112429
-0.100131
-0.067979
-0.039820
0.101613
-0.024592
-0.162191
-0.089005
0.200081
-0.118477
-0.144893
0.108900
0.275459
-0.050949
0.238142
0.011176
0.006297
0.075232
0.105579
-0.059317
-0.367443
-0.002323
0.126788
-0.022810
0.101541
-0.017409
-0.069029
-0.140484
-0.188325
-0.053706
0.058037
0.017940
-0.210016
0.016246
-0.009968
-0.199405
-0.013748
-0.044537
-0.126445
-0.221318
-0.025085
-0.219166
-0.282960
0.051514
0.061801
-0.065937
-0.025718
-0.050427
-0.060185
0.002655
0.114542
-0.244429
-0.089170
-0.149931
0.023135
-0.130509
-0.082053
0.153578
-0.080200
0.005220
0.026270
-0.006608
0.035638
0.028625
-0.226868
-0.026467
-0.181166
0.210248
0.088347
-0.070061
0.052235
-0.146736
-0.046241
-0.035169
-0.003010
0.181415
0.207806
0.191350
0.030833
0.211182
0.030487
0.183303
0.012170
-0.054902
0.122741
-0.070232
-0.158213
-0.072981
0.103689
0.223456
-0.161600
0.133998
0.156989
0.018161
0.001908
-0.159691
-0.112477
-0.003357
-0.086047
0.148665
0.283475
0.147689
-0.007037
-0.058893
0.074836
0.005513
0.100959
0.026299
-0.341557
0.128721
-0.095868
-0.091377
0.133963
-0.310248
-0.109110
0.278542
0.095123
-0.153493
-0.178682
0.024720
0.053011
-0.001868
0.096147
-0.061399
0.065509
0.076935
0.119621
0.053496
0.095470
-0.057211
0.146333
0.093446
-0.027870
-0.228337
-0.145335
0.073549
0.015529
-0.074412
-0.107764
0.062534
0.191961
0.063245
0.148759
-0.016930
0.126327
0.150408
0.205324
0.116185
0.084542
-0.137445
-0.139765
0.089178
-0.165703
0.027657
0.281639
-0.010123
0.093207
0.129071
-0.165658
-0.231230
0.100369
0.108038
-0.148097
0.014940
-0.028432
0.197631
0.235119
-0.002494
-0.079613
0.025873
-0.001682
0.042052
-0.057384
0.056831
-0.203213
-0.141594
-0.122509
-0.032447
0.000827
-0.149017
-0.040669
-0.035778
0.143223
0.168948
0.206333
-0.016619
-0.054646
0.048039
0.302135
-0.163431
0.066912
-0.059638
-0.045554
0.071969
0.190120
0.266096
0.121092
-0.125485
-0.020646
-0.125383
0.065589
-0.288775
0.030718
0.050537
-0.113164
0.033550
0.107701
0.125313
-0.301270
0.136808
-0.073640
0.071958
0.024935
0.168122
-0.201347
-0.010009
0.134949
-0.346100
-0.093131
0.011176
0.061533
0.102092
-0.286927
0.140505
0.165250
-0.196100
-0.017215
-0.011087
-0.114681
-0.114220
0.028560
-0.021823
-0.087181
-0.006571
-0.151418
0.064145
-0.056777
-0.025902
-0.007569
0.150517
0.122819
0.116681
-0.056965
-0.012337
-0.157050
-0.063842
0.097567
-0.057788
-0.004833
0.163297
0.109664
-0.089131
-0.042572
0.062966
-0.101783
0.083196
-0.051756
0.129098
0.027814
-0.264125
0.008733
0.228379
0.202136
0.035828
-0.078261
-0.048640
0.095988
0.206352
0.110248
-0.191559
0.147976
0.069841
-0.064692
-0.074525
0.097011
-0.203566
0.088228
-0.112604
0.039430
0.117666
-0.044041
-0.230328
-0.103807
0.018551
0.255628
-0.069991
-0.162464
0.107640
0.151379
-0.168823
0.225131
-0.146762
-0.176869
0.325697
-0.042546
0.212757
0.020287
0.108078
0.037402
0.194020
-0.020112
0.229379
0.005974
-0.206055
0.115346
0.104190
0.073946
0.031379
-0.065966
0.004983
-0.226851
-0.147544
0.116832
-0.024714
-0.199512
-0.014240
0.006069
0.091518
-0.041788
-0.002878
-0.024739
-0.099173
-0.254920
0.215357
-0.120948
-0.058785
-0.214222
-0.006253
0.007760
-0.004900
-0.178909
-0.039595
0.077820
-0.236032
-0.146362
-0.296142
-0.166477
-0.032209
0.094902
-0.084822
-0.032448
0.088812
0.094807
-0.108342
-0.170738
0.240123
0.106467
-0.073887
-0.018949
0.290761
0.113684
-0.172038
-0.257500
-0.116485
-0.253287
0.207251
0.095070
-0.044007
0.102830
-0.300562
0.042440
0.191439
-0.400673
-0.062457
0.021492
0.257524
0.206888
-0.114602
0.094228
0.115037
0.194523
0.080404
-0.001625
-0.021832
0.018280
-0.160758
-0.099340
0.091049
-0.037555
-0.080847
-0.281194
0.079369
-0.107598
0.111813
0.107759
0.232918
0.264666
0.010708
-0.030761
0.039523
0.015986
-0.137929
0.020475
0.135457
0.004829
0.267126
-0.282141
-0.102948
0.265903
0.104200
-0.036755
0.066620
-0.039408
-0.072362
-0.204478
-0.040343
-0.177427
-0.092783
-0.034912
-0.007861
0.076148
0.162539
0.067509
0.063041
-0.052269
0.234971
0.107157
-0.119638
0.098568
0.291728
0.030960
0.027397
-0.175553
-0.010655
-0.286302
0.020391
-0.012776
0.218938
0.148853
0.088338
0.116367
0.039822
0.101383
-0.033375
-0.049583
0.042394
-0.019520
0.042274
-0.088338
0.131700
0.373223
-0.259661
-0.170115
0.110031
0.068452
0.120040
-0.122065
0.069048
-0.084084
-0.079411
0.133974
-0.298554
0.053762
0.074169
-0.066185
-0.183509
-0.228887
-0.019406
-0.043408
0.078989
-0.270090
0.232359
-0.036909
-0.066289
0.067296
0.095687
-0.272063
0.017404
0.131603
-0.272835
-0.139910
-0.021571
0.057414
0.060393
-0.031150
-0.038515
-0.009556
0.150612
-0.083576
-0.111780
0.115548
-0.044851
0.270466
-0.095883
0.044591
-0.147572
0.005694
-0.120598
0.044335
0.019625
0.168162
-0.113444
0.132664
0.018002
-0.106716
0.147959
0.044757
0.195103
-0.225242
0.022044
0.059572
-0.051240
-0.212802
-0.061489
-0.070322
-0.124916
0.171067
-0.079632
-0.063703
-0.070831
-0.129404
0.017099
-0.098475
-0.082003
0.168077
0.141425
-0.106557
-0.025006
-0.070262
-0.096864
-0.099582
0.042436
-0.451786
-0.003267
0.215683
0.097380
0.002139
0.026457
-0.032262
0.171936
-0.070095
0.234927
0.343165
0.107847
0.066781
0.205434
-0.015120
-0.072988
0.223756
-0.034968
-0.278313
0.084656
0.143877
-0.027815
0.057017
-0.069094
-0.038802
0.049428
0.105207
-0.243163
0.119941
0.137922
0.164543
-0.130229
0.130999
-0.045194
-0.350205
-0.146444
0.314936
-0.135505
-0.006155
-0.164779
0.156996
-0.031418
0.046782
-0.121656
0.088646
0.013749
-0.141934
-0.162176
-0.037362
-0.060701
0.241510
-0.069331
0.094026
0.176286
-0.030853
0.109523
-0.324012
-0.022713
-0.074517
-0.000948
-0.074186
-0.225476
0.139343
0.294719
0.193096
-0.117274
-0.279114
-0.219380
-0.210506
-0.118296
-0.081176
0.130241
-0.116182
0.073558
-0.083761
0.045840
0.244803
-0.001596
-0.019892
0.034840
0.246761
0.128973
-0.117330
0.028525
-0.256921
0.235255
0.195230
0.181749
-0.060375
0.015001
0.393209
0.077749
-0.182222
0.031957
0.030825
-0.087798
0.044011
0.085272
-0.069663
-0.039290
0.196795
-0.093988
0.272773
-0.319756
0.142020
0.222917
0.061631
0.310434
-0.107510
0.121197
0.096676
-0.271838
-0.025742
-0.116245
0.365659
0.183356
-0.068795
0.105019
0.002935
-0.139005
0.052031
-0.050408
0.035158
0.134564
-0.001321
0.003093
0.008202
0.216144
-0.060999
-0.121687
0.245327
-0.136542
-0.049333
0.384971
-0.131997
0.080251
0.031441
0.090984
0.302428
0.203022
0.155257
0.001442
-0.077560
0.024370
-0.057272
-0.145266
-0.014195
-0.192416
-0.008801
-0.067301
-0.321210
0.182069
-0.258086
-0.068718
-0.045203
-0.121037
0.246517
0.200649
0.207487
0.103711
0.070514
-0.150890
-0.027771
0.080276
-0.098560
-0.165690
0.251700
0.171468
-0.250612
-0.089885
0.257378
-0.281362
-0.055044
-0.136819
0.011378
-0.096203
0.016001
-0.274546
0.161266
-0.159470
0.128317
-0.275181
-0.039892
0.087807
-0.218378
0.124240
-0.135944
0.178261
0.020965
-0.289368
0.074480
0.007272
0.111449
0.179310
0.041795
-0.224369
0.193833
0.066940
-0.173196
0.014096
0.010311
0.017616
-0.007274
0.052186
0.142667
0.032963
0.135625
0.126966
0.175553
-0.411863
0.022930
-0.215538
0.026689
-0.222055
0.274452
0.057335
-0.028383
-0.066713
0.012318
-0.087675
0.131759
-0.310720
-0.129067
0.083686
-0.042243
-0.121375
0.217806
-0.178231
0.097997
-0.222787
-0.080794
0.150012
-0.151250
0.043980
0.061400
0.191421
-0.218477
0.188524
-0.011846
0.038149
0.129286
0.152663
-0.123453
0.187820
0.238138
-0.079207
0.043722
0.162296
-0.314361
-0.337865
-0.092832
-0.012004
0.035588
0.015565
0.060290
-0.041800
0.021101
-0.190828
0.175182
0.103231
0.029375
0.305503
0.065196
0.058365
-0.026556
0.047437
0.090222
0.093671
0.087424
0.106680
0.032717
-0.034770
-0.113797
0.154609
-0.061314
0.022571
-0.042719
0.093206
-0.116428
0.056516
0.318460
-0.175759
0.140854
-0.009364
0.089665
0.152689
-0.010944
-0.029518
0.206285
-0.055366
0.219342
0.087830
-0.136187
-0.048436
0.219103
0.075083
0.140968
-0.329268
-0.208699
-0.064789
0.018949
-0.106656
-0.054293
-0.135080
0.094066
0.105185
-0.109404
0.050584
0.197503
0.266354
0.115414
-0.151092
0.001202
-0.152044
-0.047718
-0.037792
-0.003875
-0.184099
0.117728
-0.153131
-0.157150
-0.227493
-0.053643
-0.394186
-0.059915
0.249340
-0.076487
-0.084529
0.052744
-0.266049
-0.198338
-0.001840
-0.302855
-0.140635
-0.015347
-0.104852
-0.029838
-0.115516
0.090028
0.295085
0.152364
-0.081105
0.171609
-0.115218
0.140900
-0.095735
0.026907
0.015212
0.162016
0.072360
-0.012924
-0.089998
-0.037409
-0.076712
-0.073029
-0.128182
-0.196485
0.288855
0.000978
-0.093737
0.183944
0.029481
-0.065976
-0.111300
0.048460
-0.161393
0.072887
0.255308
-0.019271
0.112435
-0.112820
0.101130
-0.161413
-0.004423
-0.187451
-0.141421
0.304824
-0.336632
-0.037622
-0.047309
-0.100399
-0.139724
-0.016222
-0.121711
-0.108497
-0.290825
-0.152203
-0.162565
0.050455
0.069167
0.066463
0.027359
0.223022
0.183124
-0.004865
0.028275
0.047767
0.050896
-0.065778
0.162136
-0.079763
-0.041069
-0.065304
0.123220
0.152319
-0.034839
-0.028164
-0.211013
-0.124444
0.139097
-0.111576
0.055619
-0.096137
-0.089151
-0.172660
0.013708
0.198306
-0.132632
0.105011
0.012172
0.250410
-0.068545
-0.218481
-0.205527
0.056200
-0.137437
-0.049860
0.053379
-0.058665
-0.158734
0.202496
-0.091225
-0.258567
0.003285
0.033095
-0.258567
-0.044569
0.040363
-0.167182
0.084053
0.021030
-0.008034
0.016232
-0.116015
0.247636
-0.061519
-0.078017
0.372998
0.150604
-0.160730
0.034700
-0.038831
-0.133614
-0.062308
-0.006892
-0.081125
0.039527
0.182188
-0.013757
0.037733
0.105421
-0.091120
-0.176395
0.186204
-0.110552
0.174949
0.101393
0.164395
-0.183185
0.018059
-0.212204
-0.059382
-0.201258
-0.138536
0.010189
-0.346748
-0.037144
0.083274
-0.115690
0.098603
0.316297
-0.000502
-0.090398
-0.327130
-0.082735
0.030836
0.008164
-0.078981
-0.066044
-0.100795
0.050092
-0.103346
0.209256
0.239242
0.020849
-0.038907
0.189716
0.181754
-0.012140
-0.010897
-0.005758
-0.029664
-0.064718
0.000170
-0.158815
-0.165386
0.183930
0.047599
-0.202436
-0.083690
0.305312
-0.239844
0.039414
0.064684
0.062987
0.047217
-0.013045
0.187326
0.113087
0.080343
-0.104233
0.049119
-0.014394
-0.263377
0.207401
0.105633
-0.116540
0.136271
0.190123
-0.133854
-0.167324
0.119256
0.045263
0.037072
-0.023867
-0.066416
0.236448
-0.100539
-0.186963
-0.099013
-0.126591
0.090526
0.117266
-0.103118
-0.048976
0.195123
0.141007
-0.071624
-0.072313
0.187444
0.131465
-0.027833
0.068950
0.065114
0.032791
-0.099581
0.010872
0.046553
0.039604
0.162806
-0.053782
0.204852
-0.079216
-0.113039
-0.190090
0.209660
-0.259841
0.117965
0.130589
-0.080367
0.080066
-0.239672
-0.149971
-0.189694
0.033903
0.096894
-0.157485
0.022211
0.181052
0.027686
0.002524
0.136513
0.152791
0.278424
0.076800
-0.012464
0.041407
-0.162801
0.120900
-0.106952
0.177061
-0.151636
0.025355
-0.167512
-0.250785
-0.135593
0.023120
0.058791
0.004642
0.139400
0.076351
-0.189826
-0.121060
-0.117365
-0.092379
0.010020
-0.012715
0.135500
-0.080437
0.065857
0.237067
0.253620
0.002880
0.002990
-0.164402
-0.027672
-0.133744
0.185645
0.017561
0.100235
0.075216
-0.030354
0.264531
-0.139195
-0.164858
0.077274
-0.031706
0.005481
-0.219177
0.283093
0.140252
-0.117457
0.051944
0.071212
-0.307103
0.044557
-0.070449
-0.124941
-0.268338
-0.083728
0.195243
-0.042724
-0.132940
-0.146527
-0.051315
-0.159375
0.023083
0.126197
0.086951
0.093500
-0.141580
0.032051
0.041378
0.153202
-0.113143
-0.133105
0.016840
-0.079143
0.111224
-0.222842
-0.143717
0.165262
0.028097
0.208645
0.078244
-0.037753
0.047346
-0.028071
-0.061606
0.022093
0.334555
-0.003902
0.034315
0.166779
-0.244188
0.290365
-0.125301
0.181005
-0.059180
0.159559
0.058700
-0.005215
-0.168576
-0.154876
0.032360
0.126086
-0.047360
0.168717
0.188056
-0.196936
-0.066884
-0.047404
0.115111
-0.051184
-0.092022
0.122629
0.079717
-0.050334
-0.142061
-0.167404
0.052781
-0.282124
0.189212
-0.095673
0.057850
0.078232
-0.231194
-0.073910
-0.126489
-0.197241
0.169159
-0.068009
0.175546
-0.145562
-0.044191
-0.002202
-0.037075
-0.034484
-0.213711
0.069120
0.162696
-0.196587
0.121457
0.089003
-0.090336
0.075866
-0.154283
-0.165686
-0.182201
-0.032992
0.212346
-0.010292
0.140587
-0.218181
0.209185
-0.103872
-0.104121
-0.049518
-0.196570
0.056322
-0.122393
-0.071878
0.159401
-0.107351
0.020141
-0.243849
-0.212838
-0.143042
-0.022226
0.031391
0.035745
-0.232800
-0.205637
0.114457
0.006806
-0.083441
0.061435
0.152099
0.104096
0.056476
-0.079403
-0.172360
0.042828
0.121320
0.134485
-0.000773
-0.089480
0.146735
-0.115319
-0.249095
-0.064996
0.019464
0.165755
0.253546
0.141672
0.063954
0.215314
-0.276741
0.161436
0.051898
-0.168760
-0.153318
0.022735
-0.208666
0.115357
0.078560
-0.267844
0.117964
-0.089891
-0.026516
-0.029125
-0.058303
-0.221235
-0.152053
-0.164720
-0.036552
-0.142566
0.017900
0.027578
-0.131130
0.069921
0.202726
-0.092143
-0.098214
-0.121605
-0.024987
-0.046295
0.033758
-0.133866
-0.333827
0.010962
-0.170751
0.044562
0.056973
0.043505
-0.033231
-0.011393
0.127538
-0.026369
-0.004274
-0.061049
-0.093035
0.010658
0.083200
0.088807
0.167606
0.183394
-0.078336
-0.097245
-0.136260
0.088448
0.035477
-0.064551
-0.080062
0.091575
0.170849
-0.075287
0.045168
0.082110
0.007007
-0.211710
-0.332589
0.099393
0.079758
0.047286
-0.086983
-0.127395
0.089053
-0.039385
0.220813
0.058782
0.010175
0.014967
0.096708
0.212700
-0.127309
0.056317
0.022383
0.085671
0.035140
-0.199454
-0.014694
-0.139799
0.175580
0.098424
0.117130
-0.008997
0.025628
-0.122404
0.305668
0.168001
-0.217084
0.005449
0.131465
-0.242539
-0.117779
-0.150544
-0.004228
0.080671
0.134238
0.014546
0.134936
0.063927
0.069875
0.110975
0.153822
0.111085
0.081961
0.221513
-0.129531
-0.005242
0.028616
-0.287100
-0.126681
0.113418
-0.323855
-0.066387
-0.009621
-0.004241
-0.040995
-0.118005
0.045419
-0.152190
0.096035
-0.221416
-0.024245
0.130817
-0.057725
-0.153851
-0.013111
0.222667
-0.014398
-0.097773
0.020898
0.119585
-0.141951
-0.129118
0.030543
0.061225
0.125478
-0.122624
0.239393
0.040975
-0.065196
-0.346461
0.051760
-0.132725
-0.138232
0.108948
-0.065985
0.006449
0.070661
-0.017916
-0.057911
0.167056
-0.127695
-0.117807
0.258849
-0.029966
0.046146
-0.049816
-0.139586
0.049661
0.026148
0.177120
-0.014087
0.008311
-0.161338
0.062703
0.148647
0.235350
-0.073817
-0.067859
0.069319
0.069163
0.124947
-0.111160
0.239536
-0.032032
-0.073243
-0.072560
-0.056873
0.121397
-0.046216
0.055345
0.024335
0.119049
0.117894
0.160662
-0.013628
-0.131068
-0.051016
-0.192621
0.065412
-0.024746
-0.008713
0.148246
0.087236
0.129025
0.111323
-0.204757
0.231418
-0.151086
-0.366625
0.046151
0.091889
0.224975
0.008176
-0.240256
-0.023201
-0.097760
0.265343
0.206183
-0.146290
-0.188705
-0.021451
0.055183
-0.006412
-0.257773
0.097465
-0.018523
0.270843
0.347907
-0.020644
-0.009191
-0.337160
0.295039
0.114158
-0.044499
-0.182492
-0.153598
-0.173504
-0.131442
-0.229442
0.169728
0.080105
0.061802
-0.225025
-0.108864
0.046321
0.117233
-0.166408
0.056668
0.155225
-0.145383
0.139061
-0.045420
0.092196
0.014407
-0.163795
0.141244
0.020070
0.067901
0.000330
0.097277
0.046092
-0.074015
0.108929
-0.067070
-0.292502
-0.009434
-0.120505
-0.034636
-0.037862
0.048261
-0.001725
-0.162226
-0.087397
-0.056174
0.147762
0.041933
-0.171725
0.046718
-0.229977
-0.002809
0.027833
0.079334
-0.138984
0.242286
-0.103109
-0.287884
0.094352
0.052686
-0.252144
0.031682
0.151914
0.247584
-0.285996
-0.293975
-0.213610
-0.002570
0.041286
-0.067985
-0.098578
0.115599
0.078762
0.101152
-0.141536
-0.268970
0.078126
0.157660
0.087630
0.034229
0.127256
0.116202
0.089315
0.011967
-0.100100
-0.009308
0.109242
0.100129
0.029917
-0.024944
0.063507
-0.206506
-0.000142
0.061008
-0.107146
0.155107
0.303349
0.013545
0.037392
0.175397
-0.117999
-0.080050
0.050172
0.048663
0.246449
-0.092638
0.008568
-0.200387
-0.079295
0.133760
-0.053862
0.094348
0.270755
0.115125
0.134766
-0.270016
0.175989
-0.217339
0.033163
0.093681
0.183781
0.101106
-0.063320
-0.404335
-0.032343
-0.123900
0.208635
-0.166564
0.172729
0.112379
0.153318
0.317172
-0.015589
-0.024826
-0.011586
0.256326
0.031959
-0.026190
-0.030259
-0.149193
0.089867
-0.051121
-0.038015
-0.012765
-0.108847
0.121218
0.088540
-0.394207
0.117465
0.013880
0.175549
-0.020153
-0.074792
0.194317
0.006170
0.201830
0.171759
0.062043
0.029212
0.023472
0.101640
-0.022528
0.022337
-0.124783
0.076494
-0.251052
-0.094189
-0.145904
-0.066837
0.317299
0.159065
-0.006176
-0.301372
-0.144289
-0.154423
-0.108069
0.109206
0.044637
0.240079
-0.306359
-0.160730
0.086242
0.054618
0.048449
0.027964
0.063653
-0.073093
0.013181
-0.070032
-0.146404
-0.144183
-0.035557
-0.003932
0.182815
0.008051
-0.257468
0.059362
0.006500
0.084478
0.030644
0.189054
0.130686
-0.104576
-0.080684
-0.184853
0.143127
0.036630
0.010786
0.259353
0.267809
-0.099352
0.076240
0.266470
-0.161650
0.096385
-0.147864
-0.017435
-0.051380
0.268251
0.018545
-0.003361
0.015284
-0.041396
0.022514
0.201770
-0.002390
0.140383
0.108293
-0.126155
0.018356
0.106921
-0.111206
-0.027105
-0.088669
-0.331320
0.037069
0.250105
-0.017684
0.086841
-0.144048
-0.143034
0.119096
-0.032809
-0.056857
0.111181
0.095611
-0.337789
-0.191996
0.187056
0.069494
0.024323
-0.137442
0.102387
-0.160260
0.055144
0.105514
-0.138925
0.052039
-0.051455
0.041097
0.052927
0.242165
0.027400
0.107064
-0.202123
0.208779
-0.028664
-0.167750
-0.220185
-0.013949
0.088319
0.048668
-0.059055
0.345372
0.070090
-0.000957
-0.176778
-0.217987
0.156424
-0.112875
0.367425
-0.260592
-0.205976
-0.018002
0.290609
-0.029366
0.005076
0.037993
0.124006
0.202484
0.196130
-0.114183
0.217539
0.043413
0.070693
-0.121609
-0.024281
-0.015005
0.082606
-0.005545
0.277724
0.169815
-0.245142
-0.056024
0.133377
-0.142819
-0.105315
0.099428
0.063381
0.093394
0.028341
-0.054122
0.083769
0.015420
-0.188057
0.189454
0.025148
0.155471
0.047737
0.074857
0.040796
0.085496
0.066954
0.200901
-0.177374
-0.040493
-0.019603
0.004619
0.219556
0.055197
0.103044
0.244310
-0.132681
0.117248
-0.188835
0.377461
0.043870
0.114221
0.067445
-0.096081
0.109162
-0.067218
-0.095753
0.203243
0.198716
0.019503
-0.104898
0.055501
0.133950
-0.118948
-0.212456
-0.239205
-0.019578
0.171575
-0.187537
-0.073324
0.134495
-0.141650
0.258572
-0.189465
-0.136531
-0.000199
0.204615
0.066883
0.070758
0.069425
-0.120434
0.309374
0.271897
-0.175298
0.009062
0.144634
0.008398
0.070813
-0.128971
0.004363
-0.013350
-0.069490
-0.214219
-0.119708
0.027455
0.151917
-0.046795
0.190389
0.047572
0.077762
0.144183
0.014130
-0.102497
-0.228583
-0.013179
-0.202654
0.091681
0.167426
-0.089557
0.021341
-0.060151
-0.116917
-0.129438
-0.310633
0.101520
0.027149
-0.469262
0.039975
0.117173
0.063647
0.057488
0.253976
-0.041230
-0.008474
-0.079599
0.253859
-0.063447
0.302674
-0.083443
0.333329
-0.065690
-0.055808
-0.100913
-0.023739
-0.051573
0.031345
0.259783
0.012552
0.183219
-0.064573
0.399864
-0.207110
0.177986
0.056784
0.002112
-0.030657
0.034119
-0.147564
0.308310
-0.214392
-0.074198
0.089980
-0.026679
0.106565
0.082958
-0.030218
-0.255247
-0.071732
-0.186586
0.131528
-0.167391
0.243290
-0.135960
0.037981
0.018764
0.301407
0.093006
-0.226954
-0.190174
0.164624
-0.038562
-0.121726
0.195505
0.071615
0.108467
0.084050
0.053220
0.053438
-0.349508
0.032283
0.109937
-0.002668
0.188748
0.013633
-0.212511
0.049972
-0.248735
-0.028358
-0.027550
-0.033131
-0.235765
0.150778
-0.159071
0.027821
-0.124117
0.085409
-0.140931
-0.120215
-0.131199
-0.008694
0.131845
0.117511
-0.192992
0.160330
0.163619
-0.121928
0.048457
0.212741
0.112171
0.101586
-0.121166
-0.038685
-0.215550
0.104036
0.010174
-0.181376
0.073905
0.073902
-0.124498
-0.052171
0.025735
-0.141129
0.005477
-0.140231
-0.016890
-0.112152
0.150918
-0.025952
-0.426717
0.119728
-0.041422
0.103906
0.020536
-0.035741
-0.079603
0.115433
-0.219155
0.053078
-0.141566
0.224431
0.025165
-0.064850
0.020489
0.020063
-0.096042
-0.108620
0.289954
-0.061249
-0.025350
0.120567
0.097946
-0.090717
0.306263
-0.001324
-0.043736
-0.181841
-0.030433
-0.002608
0.024796
-0.167402
0.084390
0.059454
-0.182346
-0.120959
-0.062316
0.040610
-0.393888
0.026549
0.005926
0.246378
-0.052465
0.118991
0.050917
0.108540
-0.037345
-0.006106
0.155463
0.089533
-0.203151
-0.041922
0.351782
0.209084
-0.245924
-0.177036
0.104739
0.040755
-0.293062
-0.130702
0.128040
0.098837
0.018670
0.021201
0.057079
0.180673
0.043867
0.158796
-0.143144
-0.111902
0.023773
0.202748
-0.138614
0.136462
0.010911
-0.101779
0.190779
-0.076211
0.189187
-0.011689
0.219356
0.047063
0.148915
-0.159418
0.150919
-0.010815
0.116483
-0.172599
0.271124
0.093735
-0.052412
-0.073894
-0.084621
-0.036651
-0.049419
0.050665
-0.086399
-0.205097
0.098017
0.109584
0.077690
0.004680
-0.085867
0.201195
-0.090192
0.105768
0.043653
0.104867
0.028766
-0.030653
-0.258475
0.082332
-0.164157
-0.050384
-0.095576
-0.030241
-0.050666
0.125215
-0.082030
-0.223319
0.099773
-0.254158
0.026186
0.109298
0.146434
0.157583
0.297246
0.135249
0.166227
-0.022940
0.057623
0.007187
0.016962
-0.001302
-0.048525
-0.099729
-0.107344
0.155937
-0.071253
0.261864
0.067326
-0.044559
0.039792
-0.055059
-0.174449
-0.025822
0.309850
-0.128714
-0.165083
0.166160
0.105049
0.028249
0.107299
0.068565
0.004854
-0.206948
-0.076386
-0.109907
0.068572
0.191740
0.205409
0.148540
0.121746
-0.265086
0.166044
-0.009274
-0.019680
0.039929
0.013375
0.002289
-0.041098
-0.037130
-0.098041
-0.302475
0.056761
-0.140896
-0.121269
-0.255673
-0.179322
0.072115
0.094529
-0.216952
-0.368686
-0.043853
0.162679
0.041850
-0.064533
-0.150274
0.517834
-0.194911
-0.162937
0.236564
-0.051801
0.328180
0.175068
0.125633
0.169134
0.014701
0.154095
-0.089300
-0.001684
-0.053566
0.039137
-0.015745
0.090854
0.070341
0.121021
-0.115779
0.124577
0.061311
0.090938
-0.373921
0.093296
-0.150203
-0.078605
0.003504
-0.083197
-0.327673
-0.164386
-0.006196
0.272372
0.163998
-0.007374
0.072550
-0.007062
0.063733
-0.004959
0.020896
0.050962
0.009540
0.224845
0.224495
0.214292
-0.399403
0.026280
0.105620
0.234780
0.073369
0.055187
-0.123309
-0.005832
0.344012
0.005711
-0.084967
-0.062394
0.273288
-0.089819
-0.245109
0.087998
-0.158722
0.184617
-0.000126
0.102507
-0.095459
0.049685
-0.045494
-0.076783
0.021182
-0.263144
-0.099720
-0.119808
0.043768
0.098264
0.149943
-0.011196
-0.081704
0.033084
-0.149434
0.115987
0.032035
0.092052
0.247859
-0.127602
0.176601
0.347313
-0.306611
-0.010820
-0.082028
0.019488
-0.198189
0.010599
0.172895
0.006277
0.062614
0.040074
-0.201534
0.141833
0.076627
-0.063830
-0.139261
-0.101003
-0.034146
-0.119500
-0.021423
0.226659
0.016456
0.082017
-0.043868
0.361618
0.037514
-0.132441
-0.047699
-0.182884
0.017014
0.103456
0.372301
0.036683
0.172338
0.102224
0.025471
-0.090706
-0.099197
0.008489
-0.016617
0.099082
-0.267549
0.102078
0.098244
-0.071223
-0.007900
-0.187714
0.261956
0.084492
0.066183
0.091775
0.062170
0.002507
-0.189733
-0.259753
-0.134688
-0.090185
0.121207
-0.233655
0.243238
0.135622
-0.055265
-0.118911
0.135923
0.069904
0.131479
-0.132002
-0.257386
0.202413
-0.138137
-0.134878
0.259991
0.008368
0.047350
-0.108226
0.179004
-0.089621
0.222136
-0.235865
-0.160869
-0.131335
0.049686
0.006520
-0.081122
-0.119648
0.008985
0.254813
-0.180706
-0.072154
-0.230213
-0.042112
0.051490
-0.059555
-0.052591
0.123267
0.058926
0.126939
-0.113548
0.210510
-0.114725
0.230827
0.189785
0.181822
0.000845
-0.027312
-0.065127
-0.147181
-0.177321
-0.070287
0.076650
0.159047
0.088841
-0.028269
-0.010878
-0.287269
-0.049009
0.185557
0.268037
0.031023
-0.114162
0.044474
0.058602
0.151140
-0.156386
-0.221291
-0.047361
0.301119
0.015366
-0.031535
0.038196
0.060612
0.367533
0.214943
-0.148205
0.005452
-0.154568
-0.088738
-0.033947
0.018651
0.250254
0.157309
-0.003640
0.001139
0.189275
-0.157966
0.247656
-0.252384
-0.439037
0.020754
0.134366
0.051382
-0.070950
-0.006470
0.223029
0.010920
0.117400
0.041982
0.206294
0.158673
0.152427
-0.164430
-0.016713
0.209655
-0.088688
0.348360
0.065127
-0.167473
