-0.011050
0.447988
-0.033586
0.371298
-0.201719
-0.220894
-0.056795
-0.001722
-0.253730
0.047718
0.118228
-0.045049
0.200593
-0.175504
-0.409818
-0.420292
0.272561
-0.132954
-0.290614
-0.052712
0.211847
0.033366
-0.271709
0.017553
-0.025160
0.073962
0.092651
0.326960
-0.213850
0.014438
-0.111096
-0.122426
0.030083
-0.373027
0.202165
-0.384890
-0.129123
0.107878
-0.296526
0.047213
0.042867
0.086512
0.035243
-0.163738
0.360211
0.025388
0.226187
0.127836
0.238795
0.465393
-0.380640
0.065371
-0.329994
0.069523
-0.257886
0.187706
-0.098729
-0.424892
0.010871
0.038166
-0.074861
0.089028
0.159495
-0.099597
-0.034113
0.477678
0.247613
-0.099909
0.326528
-0.186947
0.181703
-0.173601
-0.098561
0.021100
-0.404590
0.214146
0.063350
-0.101638
0.078582
-0.033113
-0.266372
-0.039190
-0.238226
0.170222
0.014251
-0.328489
-0.212468
-0.286532
0.546673
0.114242
0.014354
0.305373
0.128946
0.330532
-0.436902
0.014982
0.120422
-0.643331
-0.172758
0.182745
-0.487205
-0.192364
-0.027200
-0.230204
-0.458471
0.262005
0.145932
-0.314483
-0.097302
-0.392458
-0.108963
-0.646181
-0.029831
-0.117390
-0.519011
0.117936
0.302978
0.035101
0.462694
-0.080195
0.274973
-0.044493
0.115182
-0.174557
0.247934
-0.073764
0.282656
0.307055
0.023553
-0.394934
-0.091498
0.425792
-0.190002
-0.050830
-0.000456
0.043696
-0.608043
-0.186137
-0.481775
0.054670
-0.310093
0.290122
-0.263615
0.524837
-0.262595
0.315567
0.136191
-0.571751
-0.111357
0.240894
0.396687
0.527924
0.049832
-0.134009
-0.187793
-0.333985
-0.616789
-0.164797
0.156165
0.219207
-0.050781
-0.200780
0.084655
0.250200
0.238536
-0.213557
0.178690
-0.120070
0.472951
0.052704
-0.243379
0.712705
0.110083
0.052913
-0.351164
0.255680
-0.108713
0.457426
-0.068675
-0.038335
-0.274540
-0.091726
0.022194
-0.088744
-0.259765
0.565462
0.025229
0.060454
0.173802
-0.218567
0.214873
-0.234897
0.113897
0.206539
0.228390
-0.152332
0.029582
-0.366545
-0.110467
-0.304045
-0.143447
0.283116
0.041336
-0.084153
-0.699104
0.227996
0.080524
-0.070301
-0.086108
-0.127573
-0.467850
0.239989
-0.350048
-0.169772
-0.232876
0.176483
0.191962
0.164529
-0.559776
-0.315060
-0.054373
0.209492
-0.052694
-0.139225
0.144336
-0.203172
-0.049642
0.313288
-0.345640
-0.127314
-0.289225
-0.027041
-0.096620
-0.061346
-0.092598
-0.187625
-0.375688
0.324107
-0.036016
0.247033
0.122147
-0.184540
-0.068355
0.126951
-0.382471
-0.541298
0.180646
0.130865
0.062553
0.446536
0.011442
0.217880
0.132716
0.020637
0.430514
-0.371402
-0.155319
-0.119818
-0.178867
0.334353
0.128209
0.520498
0.285405
-0.098326
-0.218427
0.097165
0.274834
0.008564
-0.247671
-0.263195
0.210737
0.123030
-0.227754
0.327148
-0.387308
0.058682
0.209127
0.181996
-0.083839
0.209646
0.154023
0.192835
0.197641
0.005975
0.003412
-0.038937
0.194213
0.045752
0.152681
0.041892
-0.002620
0.239691
-0.276963
0.539274
0.239066
-0.097880
0.094447
0.459729
-0.322953
-0.135983
0.026066
-0.067113
-0.195756
-0.248026
0.412689
0.180100
0.133429
0.131136
0.165380
-0.355628
0.093619
-0.067945
-0.108595
0.040270
0.146135
0.004518
0.509728
-0.396521
0.199940
-0.304823
0.068992
0.105175
-0.139689
0.331706
-0.012147
-0.028839
0.169041
-0.202156
0.161428
-0.137739
0.199219
-0.056760
-0.340420
-0.260784
-0.384771
-0.316672
0.133525
-0.008921
-0.433917
-0.270329
-0.227227
0.007025
-0.034131
-0.546129
-0.044797
-0.082988
-0.052923
-0.116908
0.390665
-0.140850
0.044526
-0.174540
-0.016547
-0.051032
-0.363018
0.326308
0.425595
-0.030704
-0.202829
0.048521
-0.041282
-0.085003
0.199258
-0.266210
-0.376717
-0.137363
0.357468
0.471005
-0.238627
-0.458810
0.110903
0.404643
0.127376
-0.046116
-0.362642
-0.099472
0.017718
0.152939
-0.071624
0.354528
-0.112524
-0.264719
-0.109828
-0.357589
-0.142857
0.020102
-0.240919
-0.029023
-0.143839
0.457842
-0.151448
-0.007013
0.038640
0.649271
-0.019825
-0.081470
0.012717
-0.092323
-0.035104
0.421047
-0.159485
-0.132007
-0.504532
0.503898
0.339064
-0.180334
0.077955
-0.244830
-0.495348
0.023533
-0.038348
-0.124666
0.069842
-0.240633
0.279473
0.078384
-0.280721
0.023566
-0.314173
0.043297
0.086663
0.077307
-0.111739
-0.105675
0.113765
0.108911
-0.005691
-0.096005
0.058551
-0.012562
0.100361
-0.471210
0.479537
-0.076438
-0.240080
-0.295619
-0.070607
0.336903
-0.141430
-0.169845
-0.006601
0.179053
0.054506
-0.175665
-0.250471
0.157199
-0.025413
0.008108
-0.312049
-0.188243
-0.058835
0.045826
0.405783
0.041531
-0.028505
-0.094436
-0.098843
-0.001345
-0.025558
0.145837
0.121484
0.136056
-0.140942
-0.484341
-0.064732
0.037177
-0.013653
-0.026923
0.118429
-0.100260
-0.355307
-0.154878
0.566537
-0.242842
-0.004287
0.015410
0.053729
0.211123
-0.555925
0.035657
0.252213
-0.009220
-0.189061
-0.021127
-0.270285
-0.382608
-0.416829
-0.482131
-0.161614
0.352623
-0.224349
0.398678
-0.495004
-0.217131
-0.049653
0.048736
-0.129343
-0.094822
-0.037701
0.201861
-0.097208
-0.632871
-0.274501
-0.256142
0.296707
-0.381825
-0.365720
-0.329069
-0.297587
0.126002
-0.308236
-0.398236
-0.146099
0.115936
0.187807
0.127041
0.306388
-0.059133
-0.004619
-0.423771
-0.075166
0.122935
-0.480597
0.183431
0.017998
0.406646
0.404120
0.159263
0.446559
0.502307
0.253808
-0.156750
0.670477
0.398401
-0.347703
0.189544
0.023700
0.053737
0.114750
-0.054141
0.014296
-0.444895
-0.041539
-0.000304
0.083948
0.433473
0.246487
0.199201
-0.433137
-0.287056
-0.014924
-0.360579
0.225955
0.041338
0.040177
0.293723
0.046455
-0.106809
0.134666
0.415958
0.088586
-0.183319
0.244687
-0.325473
-0.040063
0.144014
-0.488029
0.076848
0.072037
-0.077075
0.094836
0.213849
0.659596
0.077437
0.087498
0.411475
0.029462
-0.204061
0.234691
-0.194633
0.248732
0.319380
0.290955
0.072061
-0.001132
-0.391081
0.121470
0.276698
0.346234
0.847526
0.014546
-0.023079
0.279337
-0.478554
0.014065
-0.092931
0.048782
-0.017601
0.015763
0.361829
-0.010411
0.306956
-0.048446
-0.090648
-0.605702
0.222639
-0.039197
0.148222
0.217773
-0.153371
-0.264196
-0.350393
0.241285
-0.032407
-0.241670
0.056545
0.027119
-0.151118
-0.226398
-0.038737
0.111983
-0.187099
-0.059359
0.329102
0.001391
-0.166766
0.329633
0.134087
0.155864
0.070219
-0.236093
-0.111247
-0.109120
-0.104835
0.043072
-0.084573
-0.108616
-0.216420
-0.366492
-0.100273
-0.359446
-0.189448
0.082822
0.376864
0.731216
0.297639
0.079554
-0.178267
-0.372853
0.303346
-0.326759
-0.081530
0.181254
-0.003216
0.051890
-0.054756
0.606880
0.401078
0.108296
0.509502
0.254057
-0.435345
0.035746
-0.257582
0.365394
-0.007822
-0.220419
-0.364452
0.199534
-0.092599
-0.037218
0.202591
-0.382781
0.634534
-0.016860
0.042629
0.275190
0.141061
0.141482
-0.136560
0.301487
-0.170504
-0.595084
-0.302160
0.328923
-0.056290
0.368378
0.125972
-0.131601
-0.083478
0.029723
0.134249
0.208143
0.002083
-0.087371
0.088466
0.065514
-0.258963
-0.135367
-0.355885
0.043121
0.508693
0.150853
0.016094
-0.259272
-0.048810
-0.048499
0.173688
-0.007386
-0.068056
-0.081301
0.258972
-0.090227
0.071616
-0.050726
0.076202
-0.172502
-0.243106
0.255043
-0.260627
0.168399
0.164224
0.226148
-0.066865
-0.180989
0.277513
0.482286
0.083926
-0.125552
-0.210961
-0.149757
-0.055536
0.015410
-0.272373
-0.132093
-0.275025
-0.452004
0.376840
-0.015267
0.456342
-0.630309
0.312230
-0.294660
0.245839
0.251583
0.191149
0.481635
-0.016692
0.258852
-0.191488
0.068894
-0.184542
0.080675
-0.245762
-0.019110
-0.090079
0.210338
-0.425968
-0.111939
-0.201433
0.323892
0.376866
-0.101463
-0.368224
-0.187472
-0.147224
0.215887
0.142464
0.057601
-0.119360
-0.029664
-0.051509
-0.373048
-0.127269
-0.360773
0.085047
-0.311913
-0.233892
-0.087506
-0.249762
0.397371
-0.115731
-0.136511
0.174949
0.348508
-0.020885
-0.493952
0.058654
-0.188798
0.122237
-0.609347
-0.164269
-0.459243
0.022898
0.152394
0.018362
-0.352359
0.685177
0.357118
-0.191310
-0.113706
-0.346825
-0.015547
-0.355768
0.154995
0.210636
0.413307
-0.075262
0.161899
0.015314
-0.100456
-0.324268
0.201677
0.662488
0.122285
-0.753755
-0.168006
-0.114103
-0.033915
0.306840
-0.061838
-0.553915
0.199121
0.131234
0.182779
0.218691
-0.275817
0.308050
-0.164941
-0.220390
-0.282199
-0.228191
-0.036152
0.295680
0.013371
0.375646
-0.026830
-0.102206
-0.483105
0.248602
0.040893
-0.120400
0.166274
0.246961
-0.224341
-0.075273
0.112725
0.069936
0.232332
-0.056368
-0.180613
-0.304619
-0.367326
-0.116287
0.069706
0.469161
0.183138
0.632109
0.034632
-0.151487
-0.135975
0.474586
0.135149
-0.236591
-0.156756
0.247725
0.230101
0.042615
0.228886
-0.049767
0.092299
-0.296346
-0.161767
-0.182520
-0.215953
-0.255071
-0.247253
0.062636
0.558037
-0.296866
0.420492
-0.043945
0.185280
0.299925
0.208432
-0.020895
-0.048893
0.246409
-0.136514
0.015731
0.026059
-0.029189
0.202635
-0.043174
0.210229
-0.160413
0.095227
-0.287668
0.233669
0.416322
0.352427
0.061620
-0.114894
-0.064600
-0.302007
0.301592
0.060471
0.262509
-0.184749
0.241040
0.093983
0.133570
-0.000451
-0.031937
0.171042
-0.360411
-0.141547
0.316672
0.381448
0.019355
0.400501
-0.266741
0.339243
-0.002054
0.009778
-0.197053
0.044248
0.106757
-0.083161
0.017824
0.531659
-0.162112
-0.404710
0.023443
-0.402578
0.135933
0.161133
0.385521
0.154467
0.266021
0.159102
0.089859
-0.203974
-0.208913
-0.375525
0.357090
0.160459
-0.201506
-0.163323
0.171008
-0.154828
0.313213
0.385176
0.029958
-0.110134
-0.150949
0.051814
-0.178652
-0.335975
0.331584
-0.371573
0.089280
-0.175339
0.029606
0.216214
-0.187003
-0.236983
-0.055446
-0.354539
0.042949
-0.147929
0.283945
-0.220589
0.098680
0.211433
-0.109417
-0.181083
-0.152822
0.092419
-0.156622
0.129895
0.105667
-0.315706
0.318725
-0.392807
-0.230921
0.125292
0.064935
0.162461
0.467435
0.380304
-0.256895
-0.021827
-0.405300
-0.000688
0.401974
-0.185693
0.338972
-0.029318
0.168100
-0.018613
0.252174
0.274158
-0.237439
0.299600
-0.036196
-0.182794
0.320847
0.031114
0.262407
-0.116675
-0.082667
0.106176
-0.448866
0.045255
-0.442243
-0.226392
0.035668
-0.199226
-0.519924
0.096173
0.031914
0.140417
0.040810
0.112358
-0.311072
0.242471
-0.304566
0.105787
-0.008860
-0.082114
0.017690
0.243176
0.030293
0.211203
0.212961
0.155389
-0.089226
-0.114800
-0.394262
-0.031830
0.029660
0.058708
-0.246668
-0.105224
-0.410450
0.059690
0.178320
0.269213
-0.304923
-0.367588
0.048036
-0.208988
0.204180
-0.068683
-0.100062
-0.237624
-0.035636
-0.291223
-0.084022
0.205303
0.312139
0.101589
-0.126569
-0.328037
0.347671
-0.092412
0.180848
0.038858
0.117087
0.292506
-0.107161
0.096256
-0.351171
-0.240326
-0.046114
-0.213151
-0.027989
0.322483
0.251368
0.041956
-0.214592
-0.051772
-0.287813
-0.059789
-0.212449
0.297978
0.563538
0.156299
0.181780
-0.087479
0.030850
-0.198903
-0.119775
0.187039
0.252961
-0.210800
-0.311412
0.179915
-0.086337
0.063118
-0.471032
-0.092196
-0.323497
-0.114527
0.029087
-0.559499
0.198275
0.045548
-0.050177
-0.231905
-0.150489
-0.312564
0.505315
0.207558
-0.027788
-0.391921
0.130783
0.298725
-0.111873
-0.431917
0.021996
0.116951
-0.479233
-0.153935
-0.220606
-0.423730
-0.299938
0.037679
-0.174998
0.373696
-0.051576
0.326254
0.613102
-0.160805
-0.318948
-0.006212
0.300078
-0.085192
0.074195
-0.009225
-0.165066
0.208567
-0.071882
0.214284
-0.076745
0.034527
-0.178351
-0.197581
-0.379216
-0.514541
0.506780
-0.093693
-0.127286
0.112017
0.102194
-0.093301
0.400100
-0.107840
-0.460669
0.064570
-0.242796
0.431876
0.240566
-0.288982
0.544755
-0.309282
0.168940
0.129693
0.444143
-0.119073
-0.131523
-0.238665
0.046468
-0.338929
0.216339
0.024098
0.422376
0.272072
0.204139
-0.156889
0.082611
0.120725
-0.356230
0.262969
-0.003655
0.122247
-0.082027
0.143436
-0.363350
-0.141016
-0.115239
0.011828
-0.514380
0.105532
-0.009886
-0.264041
0.181479
0.151224
-0.211597
-0.380971
0.299582
0.419767
-0.473598
-0.054683
0.233003
-0.016139
-0.149406
0.218638
0.158862
0.033881
-0.138839
-0.197924
0.499566
0.047955
0.155312
-0.044622
0.000835
-0.211696
-0.518518
0.247059
-0.001550
-0.403438
-0.146673
-0.669120
0.344363
-0.076155
0.351250
0.181682
-0.216949
0.259191
-0.414775
-0.122399
0.113268
-0.164686
0.128582
0.452123
0.335616
-0.058309
0.150063
-0.416611
0.293205
0.164863
0.032871
-0.028251
-0.081982
0.165801
0.474949
0.149975
0.483391
-0.323295
0.360011
0.294356
0.108849
-0.127340
-0.134964
0.169584
0.015645
-0.026144
-0.105181
0.484804
-0.327646
-0.327876
-0.183902
0.073462
0.096439
-0.170572
-0.066013
0.089426
-0.022962
0.403950
-0.133821
0.326278
0.185804
-0.096785
-0.206239
-0.046034
-0.320998
0.012786
-0.161057
-0.470031
0.099047
-0.252787
-0.129287
-0.083027
-0.384649
0.215502
-0.620561
-0.064700
-0.480853
-0.062043
0.023580
0.124470
0.009645
0.026935
0.161107
-0.277110
-0.347779
-0.135931
0.229378
-0.149754
-0.246492
0.318597
0.210310
-0.373201
0.054187
0.497335
-0.223252
-0.123877
0.459228
0.057102
-0.099530
0.055799
-0.057726
-0.172433
0.134188
-0.315926
-0.402664
-0.141006
0.064423
-0.284480
0.303883
0.246157
0.205035
0.545670
-0.066951
-0.524630
0.430465
0.105310
-0.255069
0.031603
-0.042554
-0.422761
-0.287648
0.049380
0.024760
-0.345144
-0.022986
-0.277674
0.106196
0.858652
-0.106678
-0.629005
-0.201228
0.272925
-0.547329
-0.326639
-0.605071
0.172339
0.058354
0.148483
0.167927
-0.040818
-0.130862
0.048314
-0.104372
-0.264446
-0.153803
0.279827
-0.026017
0.141689
0.048202
0.221236
-0.175165
0.029694
0.170959
0.062003
-0.026718
0.107864
-0.017031
0.121949
-0.218806
0.291961
-0.079117
-0.149581
-0.532809
0.132785
-0.103852
0.280663
-0.176902
0.362499
-0.002826
0.204679
-0.035387
-0.664582
-0.360839
0.374764
0.414763
-0.209271
-0.103693
-0.406331
-0.216698
-0.235794
0.355913
0.249654
0.041059
-0.205069
-0.103315
0.380452
0.048565
0.312588
-0.404418
0.156990
-0.226551
-0.430830
0.151831
-0.125060
-0.294619
-0.357170
-0.144683
-0.096455
0.205315
-0.549395
0.071347
0.203463
0.464772
-0.325173
0.087916
-0.293248
0.200589
0.379698
0.112227
0.157284
-0.348369
0.155833
-0.121124
-0.472427
-0.170028
0.032471
0.136417
-0.188089
0.038149
-0.173857
0.036749
0.011484
-0.482329
-0.400695
-0.487814
-0.440525
-0.272519
-0.064799
0.282310
0.190977
-0.132437
0.470500
-0.079074
0.133197
0.054623
-0.092431
-0.337041
0.052141
-0.219694
-0.451327
-0.091578
-0.207032
0.043464
0.280738
-0.276203
-0.323992
-0.352354
0.267400
0.209992
0.069372
0.013235
-0.533518
0.351477
0.342674
0.338325
0.086896
-0.011828
-0.360976
-0.033498
-0.002465
0.267553
0.187228
-0.101402
-0.331642
0.201826
0.107478
-0.281799
0.080861
0.157088
0.219213
0.112890
-0.018434
0.095424
0.266027
0.017521
-0.214979
0.099729
0.085394
0.085522
-0.097114
-0.167375
0.064099
0.342593
0.190443
0.262022
-0.292563
0.171957
0.092377
0.151440
0.186707
0.489673
-0.175059
0.111831
0.300185
-0.017302
-0.172199
-0.108190
0.034386
-0.684801
-0.031265
-0.326123
-0.045582
0.106699
0.000836
0.092386
0.045867
-0.327359
-0.173747
-0.097118
0.143972
0.399688
-0.144243
-0.020156
-0.518103
0.357612
-0.169276
0.153273
0.086855
-0.554249
0.098144
0.174498
-0.162975
0.242933
0.064770
0.695800
0.124232
-0.278668
-0.036046
-0.162492
-0.116143
0.158430
0.417369
0.229178
-0.509080
0.385406
0.028345
-0.211542
-0.523012
-0.273853
-0.102458
-0.283837
0.342774
-0.101331
0.241652
0.413602
0.066777
0.275173
-0.249469
0.068687
0.172962
-0.332578
-0.273509
0.166625
-0.014128
-0.179861
-0.129328
-0.074225
-0.163752
0.228055
0.059942
0.194541
-0.007904
-0.097458
0.215540
0.252630
0.055159
-0.331854
0.033849
-0.018293
0.065716
0.297052
0.290975
0.300578
0.241016
0.081182
-0.060223
-0.084002
0.357391
-0.247017
0.363339
-0.001657
-0.099966
-0.088791
-0.537667
0.041985
0.336607
0.066979
-0.044745
0.352143
0.212869
-0.006492
0.618526
-0.422938
-0.312253
-0.296337
0.109454
0.672513
-0.335998
-0.262699
-0.227216
0.098814
-0.143731
-0.260086
-0.413142
-0.406394
-0.039664
-0.335602
-0.061532
0.557143
0.058326
-0.407172
-0.084559
0.120067
-0.660055
0.102749
0.052514
0.323445
-0.270491
0.034241
-0.026570
-0.180226
0.158969
-0.050592
0.188733
0.180316
-0.171726
-0.078029
-0.190043
0.085477
-0.154529
-0.175675
-0.420133
0.123585
0.628204
-0.269096
0.124893
-0.019559
-0.379712
-0.188948
-0.214728
-0.212989
-0.157111
0.312687
0.094873
0.148765
-0.111339
-0.080095
0.038081
0.213799
-0.162284
-0.039721
-0.193303
0.201744
-0.033913
0.195007
0.027553
0.072291
-0.037905
-0.441222
-0.208779
-0.198151
-0.138048
0.192455
0.350450
-0.134584
0.364818
-0.241940
0.423368
0.180524
0.299825
-0.219880
-0.098249
-0.546104
0.439719
-0.111467
0.158376
0.343455
-0.132476
0.412920
0.198407
0.451986
-0.098865
-0.298261
-0.375958
0.223635
0.341016
0.409449
0.127400
-0.488559
0.422071
-0.119566
-0.112451
0.106546
-0.138281
-0.385649
-0.187321
-0.012816
-0.455816
-0.113532
0.304202
0.053369
0.166629
0.450053
-0.118609
-0.263923
-0.039723
0.360968
-0.312278
-0.126308
-0.130038
0.462382
-0.033605
0.434426
-0.044618
-0.185746
0.105035
-0.041485
-0.141606
-0.352342
-0.385426
0.146743
0.387252
-0.221476
-0.466492
-0.070303
0.423786
0.264551
0.757886
-0.191184
-0.242668
-0.057919
0.423177
-0.149386
-0.102483
0.218416
0.279606
-0.216600
-0.441273
0.307809
-0.525592
0.054325
0.121654
0.106242
-0.273132
0.225928
0.156928
0.119671
0.003349
0.251322
-0.114724
0.013475
-0.351478
-0.230537
0.049936
0.418487
0.371279
0.059911
0.004930
0.246055
0.143552
0.299716
-0.135838
0.188525
0.097499
-0.272212
-0.006508
0.087589
0.196065
-0.223963
-0.537531
-0.277794
0.092135
0.122998
-0.291526
0.106765
0.042062
0.440502
0.069679
-0.119011
-0.094830
0.129364
-0.333884
0.092189
0.017850
-0.425934
-0.557483
0.323592
-0.031284
0.007080
0.120699
-0.190896
-0.196990
0.178653
0.117777
-0.062810
-0.108299
-0.077142
0.204883
-0.110841
0.278792
0.310931
0.029827
-0.112263
-0.479637
0.192443
0.366438
-0.320996
-0.128568
0.165405
0.557143
0.455809
-0.222421
-0.332548
0.271006
-0.115225
-0.165130
-0.343819
-0.184381
-0.200070
0.055553
0.004929
-0.343519
-0.328432
0.505732
0.047233
-0.332758
0.074132
-0.519350
-0.271847
-0.156996
0.236718
-0.184875
0.117027
0.322960
0.390073
0.043364
-0.178663
0.433601
0.083371
0.221792
0.325488
-0.065772
0.178241
0.144309
-0.130197
-0.315169
0.204083
-0.440328
-0.229534
-0.256567
-0.086172
-0.201013
-0.363796
0.684137
0.124705
-0.132971
-0.082547
-0.207324
0.072392
-0.020445
0.250178
-0.251721
-0.094180
-0.068666
-0.125062
-0.041979
-0.011247
-0.134746
-0.333064
-0.179824
0.028819
-0.283436
0.254566
0.264620
-0.056936
0.219789
0.054096
0.366271
-0.121770
0.095070
-0.098036
-0.104062
-0.009629
0.069337
0.247731
-0.071134
0.155836
0.352547
-0.246943
-0.212598
-0.117645
-0.108274
-0.045079
0.001686
-0.386857
-0.094188
-0.157877
0.316870
-0.153540
-0.465867
-0.230442
-0.535299
-0.328892
-0.255112
0.194468
-0.163871
-0.350870
-0.257803
0.048653
0.076635
0.237615
-0.263343
0.422094
-0.131927
-0.197315
0.103791
-0.013371
-0.276203
-0.639886
0.402700
-0.131552
-0.088633
0.340659
-0.299240
-0.603264
0.060587
-0.001835
0.044859
0.060048
-0.330942
-0.043062
0.115174
-0.073521
-0.291925
-0.208090
-0.577362
0.154417
0.297557
-0.088730
-0.070410
-0.012258
-0.009798
-0.262771
-0.328983
0.239684
-0.148345
-0.156140
0.355714
-0.219885
-0.326090
-0.134268
0.251587
-0.034649
-0.156988
0.121017
-0.477020
0.135158
0.076682
0.075804
0.328205
0.073161
0.198295
-0.091174
-0.186409
0.183634
-0.102234
-0.070948
-0.020889
0.188963
0.433922
0.405121
0.134328
0.024718
0.157430
-0.113152
0.312971
-0.034916
0.051700
-0.119255
0.651825
-0.137683
-0.316380
0.349992
0.070090
-0.162739
-0.003967
-0.109572
0.097541
0.583891
-0.158279
-0.037855
0.128564
0.000678
0.409396
0.025166
-0.031802
-0.210230
0.044928
-0.011505
0.141229
-0.144639
0.050387
-0.652450
-0.118173
-0.119718
0.242375
0.213263
-0.101938
0.164057
-0.346741
0.078870
-0.661869
-0.323254
0.475428
-0.112444
0.149810
-0.323981
-0.452352
0.348218
0.385652
0.157462
-0.360145
-0.031632
-0.283939
0.066187
0.433502
0.440812
0.168817
-0.191382
0.072470
0.325974
-0.123845
0.053543
-0.174835
0.304623
-0.053094
0.045910
0.096418
0.147921
-0.319548
0.230768
0.076934
-0.270985
-0.460425
0.221926
-0.130000
-0.324141
-0.385830
0.002109
-0.138822
-0.043750
0.370004
-0.420463
-0.053937
0.417595
-0.183889
-0.277910
0.003595
-0.040043
-0.050786
0.344487
0.127542
0.075971
-0.712993
0.192186
-0.137089
-0.215840
-0.056364
-0.272977
-0.384025
0.547579
-0.011351
0.105179
0.203575
-0.280933
0.395930
0.077337
-0.108032
-0.022839
0.126620
-0.381411
-0.303149
-0.408507
-0.150519
-0.024561
0.012647
0.222189
0.375494
-0.526108
0.259690
-0.032169
0.287197
0.365776
-0.381057
0.322046
-0.003755
-0.443954
-0.052334
0.072983
0.471891
0.254957
0.153198
0.096520
0.370116
0.252415
-0.203765
0.420176
-0.423571
-0.004153
-0.309464
0.061676
0.244670
0.171197
-0.045790
-0.397497
0.009203
-0.109606
0.377326
0.373088
-0.277285
0.445419
0.050181
0.623055
0.000102
-0.153037
0.188141
-0.322325
0.075765
-0.286417
-0.366589
-0.131646
0.509727
-0.071330
0.310197
-0.380490
0.189379
-0.198888
0.326737
0.206058
0.150412
0.274601
0.046638
0.107109
-0.211311
0.044949
-0.043432
-0.024298
-0.119416
0.036525
0.017386
0.038595
-0.429563
0.020633
-0.040063
-0.484873
-0.164829
-0.139780
-0.288911
0.447398
-0.003451
-0.038948
-0.134540
0.197689
0.244564
0.122073
0.027040
0.443670
-0.689946
0.307052
0.038237
0.040178
-0.300099
0.068928
-0.048573
0.126091
-0.530775
-0.167187
0.066579
-0.287657
-0.258252
-0.021997
-0.066468
0.076925
-0.070056
0.121762
-0.158544
-0.484612
0.178737
0.221633
-0.066327
-0.332975
0.002204
-0.427667
-0.309765
0.097037
0.401922
0.192093
0.285621
-0.004954
-0.428044
-0.071331
0.299797
-0.377681
-0.097412
0.418456
0.116713
0.383095
-0.279620
-0.283600
0.333816
-0.094133
-0.219692
0.261520
-0.170834
0.088871
0.308148
-0.141516
-0.062425
-0.359193
-0.321983
-0.002471
0.389310
-0.078438
0.336156
-0.291164
-0.131014
-0.251500
0.020854
0.087408
0.236338
-0.085259
0.064606
0.093725
0.043232
0.536257
-0.056612
0.422814
-0.172770
0.049368
0.562901
0.056054
-0.057485
0.284537
0.022202
-0.130451
-0.245665
0.147815
-0.111899
-0.097505
0.117292
-0.148750
-0.509661
-0.107004
-0.115028
0.276301
-0.256229
0.032366
-0.073018
-0.114154
0.197645
-0.010167
0.097119
0.038215
0.066929
0.397657
-0.380464
-0.125624
-0.180064
-0.245356
0.050473
0.185682
-0.048150
-0.336527
-0.266593
-0.094014
-0.145643
0.088370
-0.036329
0.201633
-0.255396
-0.224515
-0.404253
0.180403
0.085500
-0.173092
-0.213837
-0.000350
-0.543344
-0.384309
0.180443
-0.232320
0.060589
-0.064627
-0.009968
0.012437
-0.018966
-0.073025
-0.031372
0.137195
0.093163
0.184838
-0.216437
0.134457
-0.341917
-0.189931
0.363418
-0.415317
0.086130
-0.297705
0.170546
0.022476
0.043241
0.214025
0.489467
0.212669
0.266275
0.217968
0.016304
0.385569
0.137757
-0.013762
0.038961
0.334072
0.064319
0.077309
-0.120251
-0.046030
0.136581
-0.206374
0.111976
-0.346602
-0.056353
0.464415
0.312394
0.279449
-0.115448
0.052398
-0.113538
0.037498
-0.150848
0.209215
0.302917
-0.092671
-0.209373
0.055073
-0.623842
-0.292708
0.062225
-0.078405
0.083552
-0.163030
0.224055
0.084003
0.273178
-0.247539
-0.085371
-0.495639
0.008388
0.244266
0.051435
-0.641591
0.016570
0.141031
-0.246199
0.234330
0.052954
0.113451
-0.355735
0.143026
0.305211
0.038300
-0.040810
-0.256675
0.107360
-0.123066
-0.102949
0.216951
0.135792
0.113547
-0.291955
-0.279396
0.285777
0.321445
-0.135812
0.037743
0.210731
-0.103271
0.175453
-0.127835
0.038475
-0.149767
0.221823
-0.201099
-0.042330
0.006690
-0.360917
0.603078
0.059117
-0.121765
-0.174031
-0.157176
-0.050059
0.445278
0.248470
0.170710
-0.019593
-0.010597
-0.315276
0.329935
-0.336597
-0.190502
-0.312260
-0.446320
0.535234
0.263098
0.054375
-0.123032
0.382617
-0.015135
0.076467
0.329129
0.247227
-0.113930
0.300690
-0.104304
-0.199872
0.262486
0.088455
-0.539309
-0.241311
0.160064
0.017728
0.319587
0.370167
0.154689
0.199574
0.253326
0.144343
-0.204974
-0.004692
-0.300160
-0.025894
0.290497
-0.096854
0.192957
0.216382
-0.367174
0.114197
0.400161
-0.002602
0.126722
0.255929
-0.051878
0.089763
-0.116931
0.048172
-0.166446
0.195724
-0.618840
0.054914
-0.098649
0.018469
-0.315848
0.077559
-0.287240
-0.201453
0.130921
-0.118705
0.117747
-0.050107
0.060433
0.007612
0.476079
0.255236
-0.217238
0.177581
-0.195766
0.358241
0.303027
-0.172803
-0.000636
0.270834
0.088476
-0.204650
0.263992
-0.191485
-0.670738
-0.369340
-0.029962
-0.014835
0.344275
0.103304
-0.142852
-0.184813
0.035031
-0.116034
0.150417
0.204786
0.181178
0.377010
0.133516
-0.297819
-0.112778
0.587301
-0.091001
0.475068
0.511391
0.145406
0.007595
0.397277
0.042034
-0.054846
0.315312
0.004743
-0.121071
-0.378543
0.473241
-0.109015
-0.213730
-0.170868
-0.089312
0.244825
0.739577
0.105333
0.148004
-0.025571
-0.062541
-0.017074
0.142164
0.355538
0.062973
0.352974
-0.026108
-0.082600
0.098969
0.198774
0.206061
0.261952
0.362990
0.376886
-0.051143
0.023008
0.492439
-0.063094
-0.307817
-0.014037
-0.019165
0.310851
0.270805
-0.071473
0.049511
0.432226
0.091695
-0.136050
-0.202218
-0.271964
-0.165563
-0.424243
0.067659
-0.201871
-0.039520
-0.118877
0.088281
-0.730509
0.540588
-0.016073
-0.358431
-0.071922
-0.225843
-0.532898
0.085842
-0.318045
0.182281
0.499203
-0.095946
-0.039613
0.457446
0.168191
0.303787
0.171511
-0.087767
-0.456673
0.015191
0.233368
0.175390
0.017931
-0.043826
-0.147658
0.048521
-0.382722
0.193552
0.180713
-0.037838
-0.140772
0.362563
0.152765
0.407923
0.091832
-0.038153
-0.022863
0.246469
-0.140942
-0.357701
-0.284847
-0.544643
-0.277539
-0.261581
-0.226804
-0.141926
0.408130
-0.472027
-0.417024
0.261628
0.007684
0.097908
0.344665
-0.067590
0.299090
0.189293
0.037703
0.098549
-0.147185
0.010604
0.291520
-0.072896
0.149708
0.583213
-0.070164
0.216412
-0.046386
0.694048
-0.424923
0.431412
0.401028
0.203824
0.097838
-0.213870
0.002099
-0.260693
0.135427
0.066622
0.092802
0.113629
-0.009756
-0.320887
0.575227
-0.067394
-0.436288
-0.421488
0.429452
-0.020823
-0.136219
-0.319141
0.090725
-0.121094
0.094332
0.084415
0.104876
0.089926
0.252140
0.128670
-0.305629
0.329342
-0.767488
-0.432904
0.163927
-0.104341
0.082864
-0.073576
0.389177
-0.218904
-0.200409
-0.383559
-0.259209
0.281949
-0.115434
0.465415
0.056121
-0.043521
0.195132
-0.191748
0.594303
-0.140938
0.207959
-0.322367
-0.147364
0.407315
-0.280133
-0.041185
-0.614437
0.354615
-0.364230
0.542702
-0.126140
-0.044140
-0.322229
-0.053426
-0.170490
-0.459514
-0.017778
0.321700
-0.436209
-0.292194
-0.002460
0.002731
-0.107828
0.263628
0.178898
0.069274
-0.165564
0.290659
0.559456
0.000617
0.027015
0.030150
-0.617775
0.195378
-0.346089
-0.493953
0.213421
0.273755
0.528075
-0.018347
0.260403
-0.455874
0.267159
0.137781
-0.147410
0.011635
0.222326
0.205656
-0.110334
0.473835
-0.260457
-0.149054
-0.022242
0.171690
-0.028146
0.126668
-0.033090
-0.032745
0.079809
0.338131
-0.253379
-0.278949
-0.052642
0.230536
0.022969
0.085149
0.113158
0.020338
-0.659989
-0.070633
-0.242008
0.313535
-0.104037
-0.222191
0.083998
0.240729
0.391735
-0.035344
-0.197293
0.009537
0.484307
0.036394
-0.089715
0.569551
0.016363
-0.233786
0.114764
-0.371602
-0.172805
0.160638
-0.035663
0.003364
0.500614
0.537102
0.089654
0.173000
0.009037
-0.114572
-0.315213
-0.355661
-0.065733
0.086088
0.234774
0.041153
-0.254560
-0.304419
-0.269021
-0.252624
-0.187013
-0.122017
-0.026608
0.317584
-0.016421
0.218836
0.003088
-0.316452
0.338260
0.300200
0.042815
-0.065244
-0.211085
0.261169
0.591652
-0.174571
-0.307621
0.030969
-0.172259
-0.307874
-0.388169
-0.037505
0.421762
-0.339592
0.344570
-0.154835
-0.399229
0.665383
0.142546
-0.250736
-0.327443
0.032585
0.174620
0.088370
-0.056826
-0.115096
0.302612
-0.067402
-0.497822
0.114349
-0.147814
-0.340620
0.331867
-0.124681
0.182584
-0.204825
-0.252846
0.165232
-0.230989
0.218897
0.430135
0.320801
-0.143932
-0.208850
-0.343672
-0.006458
-0.149227
-0.274889
-0.008788
0.114610
0.017829
0.388989
-0.269559
0.019206
-0.111151
0.047100
-0.201498
0.316850
0.153606
0.118070
0.472514
0.145832
-0.099242
-0.065853
-0.156846
0.351590
0.121300
-0.347744
0.294776
-0.013944
0.020563
-0.184510
-0.279944
0.091652
0.531788
0.016821
-0.105369
0.263791
-0.164817
0.346110
0.125843
0.287568
0.158791
0.042165
-0.039303
0.233014
0.097125
-0.118400
0.061515
0.333501
-0.047700
-0.026781
-0.548421
0.403452
-0.188946
0.010889
0.182146
-0.373422
-0.417914
0.093204
0.047391
0.273377
-0.164410
0.240444
0.151592
0.262874
-0.253662
0.400702
-0.215521
0.394880
-0.155275
0.269790
0.147216
0.350201
-0.102088
0.016955
-0.330016
-0.270023
-0.282578
0.365051
-0.110745
-0.077236
0.247275
-0.366723
0.037661
-0.214999
-0.140536
-0.046395
0.159964
0.346580
0.339750
-0.275764
0.190835
0.004087
0.048855
-0.193088
-0.311462
-0.593117
-0.446635
0.141856
-0.125381
-0.076443
0.191191
0.360711
-0.096579
0.222540
-0.099449
0.342150
0.356864
-0.218524
0.140185
-0.622634
0.105814
-0.391911
-0.106078
0.172118
-0.356164
-0.200970
0.305183
0.284712
-0.266809
0.298837
-0.092836
-0.709008
0.369909
0.356174
-0.094820
0.421082
0.037879
-0.185863
-0.146891
0.487672
0.344748
0.255138
0.173025
0.627742
-0.117418
0.058232
0.187998
-0.458022
-0.101737
-0.064013
-0.245405
-0.065290
0.400855
0.528012
-0.253446
0.473111
-0.259901
0.049407
-0.225257
0.262997
0.093728
0.044560
-0.374401
0.234688
-0.158683
-0.203741
0.619345
-0.248539
-0.239482
-0.040589
-0.107360
-0.162249
0.165001
-0.100332
0.336708
-0.096577
0.502838
-0.062729
-0.188823
0.118237
0.285598
-0.420671
0.435801
-0.017781
0.520829
-0.209072
-0.086111
-0.037326
0.523420
-0.107995
0.015191
-0.502254
0.209401
-0.356440
-0.210856
0.283517
-0.212440
0.294941
0.294769
0.141292
0.274986
0.549894
-0.032040
0.286393
0.022830
-0.066209
0.076666
-0.063497
0.317962
0.106040
0.239454
-0.191687
-0.245352
-0.454023
0.418792
-0.519826
0.043168
-0.211425
0.252910
0.253623
-0.065190
-0.265061
-0.000051
-0.031711
0.517781
-0.508473
0.622478
-0.399022
0.271387
0.043886
-0.066056
-0.285711
-0.415962
0.337653
-0.390849
0.433363
-0.287011
0.371703
0.232221
-0.341171
0.109922
0.154485
0.072729
-0.075552
-0.289547
-0.115063
-0.000779
-0.014613
0.149649
0.426271
-0.039696
-0.270892
-0.033006
-0.330570
-0.152351
-0.347884
-0.515790
-0.144392
-0.308754
0.387812
0.307701
-0.226015
0.145966
0.275367
0.135472
0.178045
-0.403537
0.099947
0.123553
0.325367
-0.206008
0.380735
-0.323734
-0.078483
0.089759
0.054586
0.572324
0.425418
-0.041142
-0.293116
-0.248823
-0.033375
0.079049
-0.053876
0.270420
0.288880
-0.173016
0.093577
-0.027699
-0.335555
-0.281710
0.169056
-0.105419
-0.311702
0.249002
0.259333
0.086835
0.579708
-0.269160
0.061854
-0.318313
-0.048774
-0.331539
0.032097
0.160305
-0.110886
-0.048682
0.422721
-0.440038
-0.439620
0.063526
0.287325
0.028262
-0.092601
0.382737
0.354935
-0.083891
-0.234605
-0.207430
0.242059
-0.190354
0.152772
0.149846
-0.085541
-0.152559
-0.408457
0.320016
0.150535
-0.313656
0.193682
0.054633
-0.138948
0.004023
0.268407
0.202664
-0.193398
0.217117
0.033254
0.121209
0.012478
0.128488
0.298353
-0.143391
-0.004173
0.228123
0.043055
0.179027
-0.105766
0.397735
-0.089031
-0.218886
0.508274
0.259591
-0.008508
-0.062743
-0.060728
0.461545
0.134348
0.082138
-0.194352
0.257364
-0.375780
0.111343
-0.453070
-0.652024
-0.016235
-0.224934
-0.048581
-0.075000
0.012737
0.502587
-0.021048
-0.450105
-0.209403
0.085165
0.020336
0.004495
0.414392
0.104545
0.011736
-0.203918
-0.050574
0.148106
0.249350
0.103251
0.204050
-0.022815
0.012235
-0.005727
0.025538
0.149177
-0.425031
-0.019681
0.296833
0.333686
0.066501
0.074847
0.211734
0.227656
-0.453509
0.056932
0.154989
-0.049834
0.420929
0.108033
0.270589
0.026077
-0.576438
-0.038790
0.239006
0.415030
-0.223367
-0.290208
0.273162
0.439201
-0.242540
0.055066
0.038595
0.168938
0.089356
-0.172361
0.298571
0.028380
0.364540
-0.218554
-0.106401
0.131952
-0.456612
0.008839
-0.329278
0.198050
-0.033729
0.442355
-0.059983
-0.240324
0.036675
-0.292006
-0.230199
-0.067498
-0.258033
-0.004689
-0.082654
-0.444001
0.111913
-0.023506
-0.132885
-0.091020
0.101977
0.375690
0.105829
-0.144671
-0.151468
-0.064706
0.171311
-0.289586
-0.389511
-0.091344
0.109185
0.031650
0.062104
0.160108
0.102901
0.141984
-0.409607
-0.426664
0.525846
-0.139952
-0.368572
0.117686
0.150660
0.226641
0.108270
-0.750831
0.337314
0.124822
-0.038952
0.425918
-0.092305
0.048008
0.656873
-0.247604
0.049883
-0.153862
-0.041240
-0.240496
0.596673
-0.479155
0.278994
-0.003057
-0.034374
0.241039
-0.125689
0.001891
0.106603
-0.035940
0.062488
-0.183657
-0.253353
0.263261
0.352288
0.473393
0.140412
-0.087187
0.184590
0.616201
0.023866
-0.101800
0.309471
0.226294
-0.128038
-0.105216
0.010297
0.318585
0.119868
0.028850
0.134648
0.021023
0.143705
-0.031393
-0.105809
-0.211338
0.081400
0.520587
0.260182
0.149376
-0.101155
-0.148695
-0.421068
0.015924
0.360790
0.301589
0.418468
0.346631
-0.146821
-0.008819
0.495726
-0.002855
-0.319916
-0.133571
-0.371518
0.065144
0.333293
0.218487
-0.030805
0.367235
-0.068111
0.282640
0.030952
-0.077032
-0.055512
0.220494
-0.092426
0.160074
0.195258
0.005873
0.073728
0.033495
-0.113947
0.253940
-0.210057
-0.108836
-0.412517
-0.227256
0.046748
-0.188448
-0.228710
-0.284456
0.056528
-0.019343
0.091511
-0.285397
-0.123309
0.291318
0.193045
0.311276
-0.099808
0.058976
-0.155842
0.186968
0.125294
0.314269
0.294341
-0.112395
0.183311
0.374816
0.235175
-0.164849
-0.191944
0.050832
0.502751
0.241030
0.451361
-0.193047
-0.313742
0.146208
-0.068514
-0.092390
-0.304752
-0.085836
-0.464940
-0.049246
0.268002
0.316823
-0.281901
-0.256210
-0.175848
0.370484
0.103528
-0.346183
-0.301123
0.394360
0.288982
0.136682
0.010260
-0.181675
0.061409
0.208734
0.148782
-0.247930
-0.234488
0.293770
0.127699
0.016968
0.020324
0.097378
0.147318
-0.243342
-0.435467
0.068066
0.010023
-0.269451
0.235098
0.384216
-0.041797
0.548247
-0.032467
-0.302693
0.322628
0.114232
-0.365541
0.042664
-0.056809
-0.136122
0.184688
0.336425
-0.408136
0.427142
0.091162
-0.329772
0.042996
-0.403542
0.128013
-0.110861
0.186530
-0.279097
-0.285662
0.081724
-0.628461
-0.244336
-0.240355
-0.096796
-0.125280
-0.172401
-0.207200
-0.234043
0.425419
0.118254
0.798984
0.644500
0.131665
0.012810
-0.109297
0.189275
0.435203
-0.221350
0.379152
-0.219069
-0.191289
0.259143
0.228306
0.418935
-0.197952
-0.297012
-0.119353
-0.003692
0.336807
0.231121
-0.275890
-0.147497
-0.061192
0.121602
-0.000736
0.101508
-0.252385
0.013731
-0.194677
0.096360
-0.229928
0.065523
-0.351042
-0.140228
0.415405
-0.266359
-0.403879
-0.070625
0.551062
0.078525
-0.096784
0.202623
-0.040215
0.232645
-0.153523
-0.057949
-0.482202
-0.232371
0.386144
-0.335234
0.256972
0.040558
-0.291123
0.208834
-0.315235
0.282397
0.134455
-0.525769
-0.355921
-0.269712
-0.024459
0.128396
0.453344
0.433185
0.201482
0.108854
-0.344485
-0.195960
0.212669
-0.012150
0.108813
-0.024740
0.159574
-0.270106
-0.066326
-0.213323
0.103834
0.264855
-0.071966
-0.144471
-0.144560
0.087996
-0.343704
0.197120
-0.003872
-0.274517
-0.161300
-0.448775
0.293551
-0.007883
0.082515
-0.421520
-0.103058
0.240509
0.354796
-0.090740
-0.368464
0.155974
0.021146
0.126945
0.236694
0.358373
-0.112682
-0.108324
-0.207077
0.124709
0.161075
-0.120618
0.389550
-0.032061
-0.271943
-0.159123
-0.550291
0.163932
-0.107823
-0.100830
0.051637
-0.032834
0.166013
-0.065227
0.175470
0.247534
-0.097308
0.126286
0.033547
0.245156
0.045540
0.104756
-0.055135
0.252327
-0.187084
-0.026422
0.118727
-0.337566
0.041240
-0.167854
-0.296648
-0.294632
-0.064647
0.121224
0.341596
0.171285
-0.335447
0.026829
0.018373
0.347163
-0.081308
0.116169
0.112729
0.154503
0.231581
-0.113917
-0.032028
0.050556
0.507913
0.449211
0.003690
-0.137759
-0.124174
0.480275
0.247815
0.381631
0.399322
0.088685
0.486397
-0.115832
0.108235
-0.159942
0.101529
-0.086114
0.239275
0.166658
-0.056483
-0.093362
0.346737
-0.817278
0.135356
-0.073866
-0.145109
0.267925
-0.136973
-0.084751
0.060778
0.185040
-0.255014
0.187587
-0.293792
0.024906
-0.064283
-0.199733
0.455208
0.026979
-0.119825
-0.678240
0.065827
0.141371
-0.327175
-0.462655
0.163226
0.074584
0.461975
0.514499
-0.415953
0.113886
0.064636
0.408871
0.437279
0.152017
-0.365569
-0.066178
0.079619
0.152923
0.145867
-0.026770
-0.080030
-0.035970
0.073829
0.363355
-0.216728
-0.152880
0.043382
0.485835
0.481817
-0.181153
0.164592
-0.283891
0.277499
-0.014628
-0.612596
-0.197314
-0.332702
-0.125284
-0.519270
-0.012419
0.030104
-0.358718
0.528788
-0.331438
-0.433475
0.169989
-0.356713
0.050821
-0.399247
-0.347639
0.045171
-0.013738
-0.536997
0.039377
0.065330
0.441515
-0.075720
-0.118222
0.057207
-0.128406
0.131752
0.194199
0.220370
0.136522
-0.231163
-0.399869
0.296860
-0.024686
0.273890
-0.101028
0.114105
0.146595
-0.154193
0.510324
0.025393
0.183953
-0.293179
0.359670
-0.051768
0.208694
-0.471977
0.149942
-0.221817
0.035654
0.289637
0.338759
-0.076023
-0.144479
-0.043731
-0.280055
0.073704
-0.188512
0.348693
0.084308
-0.509253
0.343393
0.004075
-0.014503
-0.123167
0.721740
0.352538
0.062580
0.057074
-0.594012
0.146579
0.015923
-0.027382
-0.488579
-0.126538
0.349447
-0.092995
-0.201203
-0.194359
-0.234349
-0.019827
-0.566583
0.375244
0.028541
-0.300563
-0.061358
0.148672
0.084904
0.019780
0.014439
0.106748
0.069498
-0.060084
-0.108419
0.108756
0.209133
-0.296539
0.282154
0.254097
0.257949
0.072938
-0.037480
-0.151488
0.079884
-0.039786
0.052053
-0.036164
0.190462
0.004687
-0.225033
-0.538242
-0.465270
-0.082259
-0.439974
0.049269
-0.283568
-0.092431
-0.233719
0.022394
-0.023083
0.270414
-0.201455
-0.066072
-0.054598
-0.180053
-0.348574
-0.088724
-0.233146
0.149219
-0.049717
0.342970
0.048150
-0.147659
0.591348
0.091268
-0.220549
-0.159907
-0.330106
0.204499
-0.184658
0.060680
-0.189440
-0.006659
-0.092558
0.152193
-0.297964
0.022403
0.147044
0.222062
0.279913
-0.336810
0.235439
0.188956
-0.073720
-0.243190
-0.224599
0.056208
-0.272213
-0.065468
0.281920
0.199700
0.028430
0.068363
-0.022290
0.097499
-0.082750
-0.313255
-0.283372
0.284191
0.434205
0.435354
0.087776
0.048507
-0.163919
-0.027674
0.022884
0.077420
0.180481
0.267698
0.158477
0.150394
0.381448
-0.319361
-0.077502
-0.189031
-0.057710
0.383857
-0.107238
-0.151266
-0.282088
-0.181780
-0.296991
-0.153700
0.264992
-0.202637
0.165008
0.170457
0.206087
-0.394780
-0.488012
-0.463717
0.231213
-0.200824
0.075527
-0.568735
0.095536
0.073949
-0.063082
-0.337958
0.046216
0.537882
-0.354751
-0.508602
-0.292862
-0.389309
-0.291529
0.132618
0.070051
-0.014735
-0.130047
0.085900
0.022623
-0.190198
0.173069
0.239018
0.048193
-0.202443
-0.305694
0.143623
-0.088967
-0.022331
0.286437
-0.092453
0.039708
-0.000492
-0.028487
0.554517
-0.057048
-0.013583
-0.092339
-0.247022
-0.144450
-0.361077
0.019334
0.545061
0.063621
0.117635
0.087304
0.228721
0.126876
-0.030388
-0.471611
0.068303
0.624327
0.158014
0.112851
0.182105
-0.135747
0.150511
-0.559238
0.356849
0.176713
-0.578960
0.148850
-0.251324
-0.140798
-0.369383
0.235470
-0.032314
0.027826
-0.387599
-0.275483
0.476241
0.247978
0.012194
0.230008
-0.124522
0.148676
0.016228
-0.181422
0.002578
0.081304
0.275486
0.061134
-0.134709
0.187613
0.075174
0.489229
0.080501
0.416838
0.029958
0.187602
-0.177134
-0.428258
-0.335480
0.122407
0.102279
-0.175014
0.269570
0.016186
0.398943
-0.064562
-0.269410
0.115105
-0.259605
0.191861
-0.055599
-0.305253
0.114099
0.331383
-0.278300
0.207006
0.343497
-0.161263
0.181138
0.123718
-0.023366
0.169600
-0.142212
-0.092953
0.041942
0.181334
-0.095421
-0.051453
0.092739
0.091873
-0.126670
-0.055999
-0.091159
-0.338383
0.263200
0.009139
-0.036998
0.375385
-0.202378
-0.252432
0.329762
0.038104
-0.285553
-0.086023
-0.143176
-0.074076
-0.110564
0.285119
-0.097449
0.244074
0.444007
-0.047812
0.364567
-0.003409
0.260706
-0.177507
-0.394932
0.044307
-0.110851
0.113410
0.041400
0.194472
0.066167
0.445620
0.165105
0.166478
0.089259
0.162273
-0.058190
0.069796
-0.063551
-0.124765
0.406689
-0.459798
0.237289
0.176930
-0.258240
-0.375339
0.063661
-0.103851
-0.187016
-0.151118
0.140684
0.008667
-0.166557
0.054342
-0.228279
-0.118529
-0.486358
-0.211539
-0.155869
-0.109367
-0.054504
-0.314420
-0.100418
-0.205819
-0.210192
-0.075126
-0.372408
0.048394
0.323540
0.051874
0.221199
0.254677
0.331705
-0.031394
-0.302579
0.210231
0.113490
0.079728
-0.162747
0.009582
-0.264881
0.164284
0.402145
0.077486
0.098481
0.354867
-0.074760
-0.293031
-0.301801
-0.125931
-0.146091
0.305472
-0.546424
0.170615
-0.150364
-0.086895
-0.252783
-0.232051
-0.159624
-0.156534
0.137782
0.004887
0.246750
0.225044
-0.056424
-0.446537
-0.033317
0.114400
-0.104460
0.317145
-0.230499
0.228034
-0.312218
-0.105094
-0.177510
-0.145609
0.320754
-0.378724
0.189269
0.284769
0.015668
-0.283626
-0.548760
-0.147169
0.517068
0.469356
0.017384
-0.185194
0.315056
-0.179943
0.429934
-0.281241
-0.034233
0.154725
0.074537
0.123573
-0.206018
-0.634088
0.023840
-0.054933
0.199951
-0.320811
-0.544596
-0.201439
-0.147034
0.197931
-0.287432
0.093408
0.281709
-0.571411
0.130550
0.067110
0.031570
-0.114003
-0.196895
0.351188
0.023220
0.225255
0.113943
-0.613518
0.020589
0.086471
-0.077723
0.067391
0.247164
0.138267
0.029927
-0.276043
0.110484
0.247681
-0.292862
0.077505
-0.162460
-0.395462
-0.112734
0.071360
-0.002038
-0.103718
-0.099277
0.391616
-0.022578
-0.154919
0.290712
0.315602
0.389760
0.078079
-0.016853
-0.066388
-0.016354
-0.246738
-0.328905
-0.370457
-0.392297
-0.082998
0.413499
-0.167277
-0.165162
0.566823
-0.141359
0.208858
-0.168038
-0.469986
-0.171580
0.293813
0.087787
0.180121
0.437140
0.060870
-0.153403
0.129534
0.163711
0.135570
-0.387128
-0.093678
-0.456190
0.112928
-0.013980
-0.103000
0.076670
-0.040007
-0.176593
0.219048
0.310607
0.472374
-0.137918
-0.080155
-0.091969
0.213216
-0.263490
0.202006
0.060972
0.167657
-0.261984
-0.070258
0.283292
0.230163
0.355971
-0.042764
-0.052113
0.142840
-0.320116
-0.495333
0.165321
-0.071398
0.327196
0.413756
0.052186
0.234723
0.094421
0.528056
-0.021136
0.392121
-0.179503
-0.152945
-0.040074
-0.409459
0.172461
0.098184
-0.281901
-0.097742
-0.245976
-0.212582
-0.030700
0.376710
-0.081951
-0.276007
-0.200329
0.162724
-0.142788
-0.296958
0.074693
0.106896
0.123937
0.439970
0.017372
-0.083176
-0.127088
0.594154
0.074860
-0.042535
0.022496
0.214545
0.070067
-0.253220
0.157948
0.113181
0.234942
-0.057267
0.076806
-0.092355
0.064864
0.247767
-0.205690
-0.396691
0.146914
0.044572
0.122482
-0.127332
-0.250168
0.054012
-0.267991
-0.556377
-0.029606
-0.321090
0.096107
0.225601
0.252747
0.126069
0.195171
-0.024435
0.068565
0.362612
0.600641
0.390342
-0.154412
-0.435355
-0.228599
0.186908
-0.153847
-0.230684
-0.096720
-0.049863
-0.517833
0.154418
-0.254309
0.261810
0.105028
0.033043
0.347430
0.260522
-0.286549
0.041940
0.426698
0.223865
-0.217141
0.167384
0.404838
0.056208
0.409016
-0.592682
0.020918
0.465188
-0.013490
0.182894
-0.655901
-0.004574
0.406063
0.088691
-0.043806
-0.199601
0.013568
0.217117
-0.279146
-0.284609
-0.023645
-0.020979
-0.226935
-0.155241
0.357296
-0.166385
0.038934
-0.018306
0.221214
0.115154
-0.094321
0.679773
-0.088969
-0.055280
-0.324700
-0.134239
0.017161
-0.232276
-0.047691
0.248814
0.320157
-0.122244
0.455870
0.150922
0.086998
-0.181683
0.383849
0.290846
-0.592806
0.038640
0.691708
-0.444455
0.052341
0.250645
0.170049
0.267442
0.076536
-0.425113
0.175430
-0.085955
0.286268
-0.147980
0.303125
-0.113367
-0.178061
0.020299
0.383165
-0.356784
-0.138692
0.036331
-0.237903
0.500945
-0.088663
-0.310672
-0.026770
-0.211702
0.153646
0.559671
-0.270880
-0.092410
-0.343406
0.092383
0.706745
0.139808
0.045031
0.123121
-0.222448
0.020198
0.407084
-0.216882
-0.478478
-0.394624
-0.393418
-0.790647
-0.139241
-0.019134
0.261078
0.093395
-0.099224
0.024920
-0.096540
-0.027616
-0.420823
-0.168449
0.003759
0.077061
-0.169987
-0.421381
0.275441
0.534237
-0.126155
-0.182322
0.128679
0.022486
-0.236442
-0.085795
-0.221922
0.218446
0.160361
0.224399
-0.117125
-0.175849
-0.121602
-0.282929
0.330646
-0.132903
-0.263463
-0.218323
-0.199861
0.130821
0.259668
0.040994
-0.553247
0.429633
-0.286971
0.040100
0.008315
0.123364
-0.102705
-0.040069
0.164966
0.291300
-0.234216
-0.360166
0.355133
-0.137224
-0.189103
0.034761
-0.241363
0.326446
-0.187516
-0.376906
0.090857
0.075000
0.237818
-0.186258
-0.038847
0.147658
-0.009881
-0.158688
0.045841
-0.214367
-0.429693
-0.237180
0.234962
-0.063648
0.387777
-0.047539
-0.075995
0.152944
-0.061323
-0.171580
0.097363
-0.083720
-0.174576
0.050700
-0.204149
-0.127538
0.101533
-0.385425
0.141710
-0.043246
0.082546
-0.164614
-0.180643
0.288027
-0.128115
0.542234
-0.450341
-0.200045
0.405079
0.096590
0.075812
-0.189835
0.335417
0.053457
-0.124886
-0.123915
0.144201
0.189462
-0.363183
0.103254
-0.019439
-0.274381
-0.250334
-0.018153
0.312558
-0.290333
-0.022510
-0.493246
-0.106092
0.342954
0.040167
0.113180
-0.031655
0.243409
-0.109245
0.084465
-0.289174
0.002819
0.051940
-0.058422
-0.152462
-0.137714
0.045024
0.137535
0.267390
-0.363163
-0.803370
-0.095977
0.240121
-0.015006
-0.189266
-0.413767
-0.044259
-0.172728
-0.311628
-0.515933
-0.031875
-0.015526
0.387352
0.339004
0.397819
-0.360702
0.180758
0.105029
-0.284967
0.014348
0.028492
-0.115000
0.016218
-0.109086
-0.442875
0.052972
-0.415433
0.502163
-0.047503
0.491079
-0.059527
0.030712
0.031500
0.452411
-0.377519
0.110643
0.095291
0.149360
0.137892
0.130805
-0.030042
0.252473
0.186520
-0.599758
-0.123591
0.060675
-0.289071
0.034974
-0.166114
0.178077
-0.278207
0.461439
-0.059765
-0.194969
0.182967
-0.226973
-0.258160
0.246315
-0.162682
-0.188784
-0.068408
0.153088
-0.055536
0.144373
0.023839
0.167433
-0.283470
0.305143
-0.229905
-0.405782
-0.112304
-0.457725
0.324702
-0.119586
0.384846
-0.140768
0.058589
-0.306726
-0.046295
0.187986
0.075552
0.186995
0.140496
-0.329258
0.467354
0.213686
-0.449664
0.318484
0.091318
-0.135238
0.025924
0.024730
-0.588909
0.224502
0.139477
0.478432
0.017101
-0.232993
-0.083489
0.298797
0.208685
-0.015525
0.288036
-0.086278
0.343894
-0.085247
0.115335
-0.240255
0.325216
-0.250685
-0.135974
-0.189159
0.187268
-0.079818
0.255537
0.138201
0.204479
0.341279
0.401878
-0.025057
-0.224811
0.129074
-0.203351
0.200237
0.122674
-0.042513
-0.348035
-0.050254
-0.062055
-0.135230
-0.123191
-0.396585
-0.147550
-0.296380
0.066445
-0.193624
0.809246
-0.101854
-0.154731
-0.013664
0.015877
0.180776
-0.209246
-0.384431
-0.142460
-0.143746
0.122523
0.203655
0.080277
-0.238088
0.345364
0.178408
0.111902
0.076011
0.138993
-0.283288
0.229836
-0.209342
0.080463
0.227793
-0.074752
0.040501
0.160757
-0.214973
-0.249746
-0.202940
0.112820
0.195177
-0.298443
0.086928
-0.632794
0.218224
0.153681
0.069076
0.214064
-0.112707
-0.196992
0.165320
-0.151048
0.505877
0.408755
0.068071
-0.116316
0.154479
-0.045075
0.565680
-0.123750
-0.076626
0.517215
0.096857
0.160677
0.109629
-0.301205
-0.089353
-0.130074
-0.366690
0.450549
-0.319422
0.439174
0.551393
0.123524
-0.212434
0.334985
-0.110946
0.280102
-0.280195
-0.391448
-0.511084
0.017361
-0.038533
0.404284
-0.650096
-0.282876
0.003279
0.327220
-0.031892
-0.053846
0.101765
0.005525
0.173285
0.205670
-0.061499
-0.190817
0.118338
0.191787
0.127615
0.237371
0.298032
-0.023584
0.484244
0.231186
-0.045505
0.216219
0.060069
-0.504349
0.409871
0.121002
-0.591419
0.313731
0.109149
-0.723718
0.104122
-0.079482
-0.294587
0.140386
-0.126557
-0.297390
-0.246654
-0.355887
0.202248
0.055519
0.069416
0.127544
-0.346035
-0.362553
-0.019708
0.335047
-0.353462
-0.385980
0.150211
-0.092801
-0.002327
0.411412
0.239621
-0.123081
-0.055947
0.197029
-0.070285
0.080087
-0.148382
0.285368
0.027177
-0.170641
-0.017488
0.156006
0.307011
0.444795
0.264936
0.032806
0.358808
-0.180888
-0.060538
0.246273
0.087798
0.213351
0.448984
-0.034541
0.449880
-0.029816
0.077043
0.121579
-0.776244
-0.126144
0.336952
0.014062
0.076181
-0.063584
0.491219
-0.341360
-0.104503
0.068455
-0.142536
0.213273
0.373248
0.103968
-0.324950
-0.063969
0.082742
0.369145
-0.146027
-0.566959
-0.174833
-0.368900
-0.113590
0.260694
0.502899
-0.087239
0.377400
0.061872
0.178485
-0.004822
-0.018304
-0.179813
0.429627
-0.047613
-0.421153
0.025390
0.004637
0.194755
0.124285
-0.478834
0.371457
0.305566
0.233316
0.184058
0.149230
-0.372303
0.149748
-0.332035
-0.231868
-0.103917
0.057458
0.436557
0.333540
-0.684940
0.264285
-0.524240
-0.317936
0.171833
0.191561
-0.390236
0.062233
-0.249364
-0.146943
-0.330168
-0.495058
0.273850
0.229325
0.295022
-0.201122
0.299901
-0.506992
-0.107891
-0.226577
0.092083
0.245773
0.005061
-0.205024
0.031106
0.286821
0.443240
-0.194148
-0.040857
0.323902
0.142249
0.168068
-0.132868
-0.365901
-0.272481
0.243225
-0.057575
0.447347
-0.010201
0.193931
-0.364161
0.146311
0.575075
0.099990
0.415851
0.135573
0.224048
-0.173085
-0.058805
0.133639
0.043672
0.055434
-0.017452
0.279392
-0.323820
-0.280162
0.471554
-0.286387
0.121417
0.005164
0.290274
-0.066657
-0.052610
-0.476075
-0.144257
0.138133
0.534359
-0.011353
0.317417
-0.457926
0.226573
-0.413598
0.326585
0.112037
0.100269
-0.448595
0.040963
0.668561
0.164755
-0.043480
-0.260563
-0.521749
0.051893
0.023370
-0.233901
-0.045445
0.075440
0.185057
0.144650
0.485313
0.118671
0.351100
-0.394556
-0.165311
-0.155447
-0.254455
0.095457
0.374175
-0.268241
-0.362480
-0.175964
0.152291
0.568779
0.530155
-0.164621
0.069484
0.292539
0.027415
0.261410
-0.047560
-0.139730
0.172697
-0.174246
0.396529
0.166030
0.272673
0.503896
0.165678
0.041787
0.051690
0.261506
-0.274240
-0.509330
0.008960
-0.045527
-0.054958
0.285089
-0.240313
0.096028
0.093102
0.193914
-0.010350
0.208053
0.284418
-0.126145
0.058801
-0.275981
-0.196521
-0.031143
-0.053030
0.014378
-0.347992
0.009069
0.006190
-0.066187
-0.299972
0.367866
-0.108299
0.029000
-0.331962
0.265347
-0.227981
-0.417297
0.018541
0.412756
0.516272
0.020999
0.058546
-0.290598
0.462887
0.214615
0.445630
-0.114482
0.116119
-0.138809
0.364860
-0.532422
0.140922
0.175612
-0.566229
-0.132748
-0.237637
-0.322078
0.128083
0.295103
0.062614
0.109625
-0.228154
0.125393
-0.123864
-0.088802
-0.035442
-0.171966
0.158971
0.437519
-0.311242
-0.075951
0.126846
0.017958
0.093159
0.127852
0.028758
0.042978
0.247510
-0.013005
0.220178
0.087522
-0.167608
-0.235788
0.085784
-0.295013
-0.258231
-0.051087
-0.209822
0.363349
-0.180439
0.004679
-0.368237
0.137600
0.002706
0.280814
-0.188253
-0.254827
0.610756
-0.108390
-0.015152
-0.511794
0.183296
0.155622
0.043043
0.257934
-0.129349
-0.201471
0.067137
0.439399
-0.233627
0.117172
-0.008287
0.056667
0.108890
0.017293
-0.056488
0.277987
-0.497208
-0.072833
0.305283
-0.142813
-0.024569
-0.289152
-0.339842
0.379968
0.310395
0.093971
0.208295
0.061344
-0.058848
0.068386
0.241242
0.177270
0.025927
-0.543404
-0.652665
0.230524
0.396697
-0.506982
-0.029019
-0.148618
-0.156653
0.245712
0.016461
0.117392
-0.213952
-0.431404
0.698832
-0.360278
-0.250370
-0.090832
-0.301457
-0.259475
-0.470363
-0.230097
0.247714
-0.263547
-0.046079
0.196483
-0.084805
-0.249123
0.089601
-0.040247
0.012521
-0.015642
-0.012434
-0.036327
0.402297
0.489275
0.121135
0.504999
0.164917
0.170489
0.221188
0.038395
-0.391902
-0.139293
0.123465
-0.471831
-0.559654
0.355035
0.143033
-0.109796
0.322427
-0.239003
0.240923
-0.035071
-0.215627
0.172913
-0.095938
0.227794
0.266430
0.072105
0.092584
0.030212
-0.117873
0.274618
-0.182296
0.276418
0.234488
-0.199375
0.245815
0.105925
0.134903
0.120818
-0.087311
-0.077940
-0.406187
-0.431255
-0.197744
0.206191
-0.080868
0.001835
-0.226742
-0.449012
0.009117
-0.233893
0.055032
0.275846
0.133305
0.153218
-0.123826
-0.073867
0.283515
-0.072834
0.148916
-0.313819
-0.090048
-0.157092
0.202842
-0.201680
0.068779
-0.166732
0.008981
0.219433
0.037453
-0.038031
0.149698
0.370537
0.024087
0.236288
0.257619
-0.121476
-0.546961
-0.180498
0.112155
-0.243663
-0.323225
0.181465
-0.012504
-0.237188
-0.324652
-0.439373
0.358145
0.134659
0.107106
0.257380
-0.424579
0.450053
-0.066860
0.306029
0.101093
-0.047348
0.148750
-0.684025
-0.360967
-0.142565
0.244342
0.041303
-0.283988
0.327314
0.267236
-0.356329
-0.036860
-0.232100
-0.092046
-0.081215
-0.432781
0.049071
-0.077087
-0.186943
-0.204918
-0.316965
-0.022378
0.500028
0.144493
0.692703
-0.475042
-0.010737
-0.141429
-0.267029
0.385524
-0.360171
0.191781
-0.112647
0.213341
0.073353
0.137563
0.093528
0.027170
0.155515
0.061214
0.107138
-0.199654
-0.099355
0.328301
-0.248202
-0.093202
0.172230
-0.003348
-0.581096
0.162731
0.219576
0.053034
0.119807
0.099787
0.159496
-0.127740
-0.446051
0.208398
-0.139268
0.209328
-0.207860
0.418149
-0.429258
-0.336556
0.549716
0.092577
0.066886
-0.162472
0.196287
-0.143290
-0.075963
-0.244760
0.138142
-0.045303
0.118875
-0.393548
-0.285945
-0.329278
0.362560
0.009061
0.233354
0.067995
-0.395972
-0.004077
0.083129
-0.337280
0.251670
-0.327923
-0.405954
-0.485629
-0.425361
0.221644
0.032850
-0.037208
-0.171183
0.221539
-0.268159
0.356115
0.044997
-0.198513
0.155663
0.170592
-0.461382
0.498194
0.127129
0.130054
0.005524
0.073042
0.218159
-0.391813
0.185370
-0.357953
0.121095
-0.251423
0.136704
-0.192059
0.263634
-0.068617
0.129473
0.010217
-0.182647
0.043528
-0.127122
-0.171680
0.128766
0.311010
-0.090471
0.434104
0.037030
-0.308615
-0.114686
0.087659
0.121529
-0.285075
-0.022082
0.356300
0.531056
-0.108823
0.246537
-0.392085
-0.016707
0.009849
-0.094932
-0.157320
-0.118589
-0.063853
0.112834
-0.567638
0.596724
0.295751
0.166857
0.146187
-0.044648
0.321544
-0.053797
-0.067195
-0.121562
-0.104704
-0.692057
0.037293
-0.040086
-0.274315
-0.088894
-0.200912
-0.152802
0.204682
-0.226439
-0.210856
0.438523
-0.463155
-0.887708
0.275372
0.123625
0.165105
0.466265
-0.039710
-0.004795
-0.218015
0.456369
0.237330
-0.285850
-0.115956
-0.126730
-0.267156
-0.184243
0.223960
-0.363336
-0.394292
0.032750
-0.323654
0.130845
-0.722990
-0.383573
-0.227929
-0.114045
0.645757
-0.039254
-0.215717
0.368433
0.396063
0.182449
0.380878
-0.055275
-0.287989
0.061299
-0.203462
-0.006982
0.208042
0.026965
-0.252862
0.181897
0.402661
-0.097655
0.020000
-0.280557
-0.065797
-0.004229
0.169227
-0.347293
-0.212739
0.136784
0.152147
-0.247987
-0.079753
-0.077818
0.054814
0.001315
0.361832
0.021592
-0.247243
0.441746
-0.104210
-0.059308
-0.619330
0.049575
0.360484
-0.061218
-0.410688
-0.455779
-0.271167
0.028777
-0.162319
0.433374
0.467576
-0.155354
-0.390103
-0.357918
-0.189349
-0.267807
0.138441
0.288726
0.396084
-0.293262
-0.052469
-0.130367
-0.095123
0.025211
-0.054983
0.011415
0.172565
0.187279
0.067038
-0.014635
-0.357131
0.315349
0.650393
0.214439
0.320331
-0.236471
0.017136
0.534972
0.280011
0.259955
0.183472
-0.106643
-0.069831
-0.324912
0.244536
0.190162
0.242124
0.160260
0.114883
-0.136441
0.307168
-0.193366
-0.147270
0.112429
0.140935
-0.288216
-0.054258
0.279186
0.163720
0.076136
-0.258505
-0.012191
0.334451
-0.094338
0.203871
0.510922
-0.511612
0.449332
-0.351831
0.064512
0.172848
0.385997
-0.250294
-0.220408
0.182707
0.407014
-0.256342
0.196077
0.438184
-0.190346
-0.393330
0.120354
-0.097961
-0.708335
0.163524
0.025105
-0.489058
0.314092
-0.136787
0.181666
-0.122669
-0.253785
0.242294
0.186571
-0.233810
-0.091008
-0.027045
0.070153
-0.019311
-0.146747
0.467818
-0.465258
0.078699
-0.045636
0.451824
0.084731
-0.075072
0.017608
0.283186
0.048759
0.463112
-0.178933
-0.030348
0.030858
-0.409479
-0.032738
0.065668
-0.332595
-0.101676
-0.010058
0.090068
0.320239
0.052147
0.051850
0.084468
0.195170
0.444606
0.064502
0.232555
0.076485
-0.163439
0.047388
-0.146412
0.197464
-0.061468
0.155211
-0.102965
-0.145293
-0.087793
-0.179459
-0.146348
0.034341
0.203928
-0.296100
0.253354
0.282321
0.023685
0.172008
-0.042369
0.007750
-0.084690
0.105021
-0.001183
0.508600
0.165888
0.273230
-0.421487
0.544855
-0.624735
-0.391478
-0.272988
-0.176234
-0.099981
0.087270
-0.011916
0.218757
0.491511
-0.200618
-0.022030
0.075618
0.072092
-0.395662
0.040588
0.197364
-0.407051
0.281920
0.071122
-0.069940
0.102125
0.373396
-0.132919
-0.017221
-0.032378
0.365091
0.191299
0.387044
0.456074
0.021282
0.365361
0.102981
0.062984
0.047872
0.505576
-0.167014
0.292541
0.152065
0.261161
0.184111
-0.272644
-0.264425
-0.306520
-0.051589
0.388447
-0.139702
0.010791
-0.466079
-0.143025
-0.013165
-0.511938
0.163133
0.156047
-0.149662
-0.109083
0.007685
-0.102983
0.568693
0.063288
0.127383
0.235459
0.101771
-0.177597
-0.403235
0.088703
-0.369840
-0.044139
-0.084577
-0.220268
0.516460
0.338315
0.329175
-0.056880
-0.087420
-0.179082
0.351417
0.094335
0.257832
0.141297
-0.520562
0.009791
-0.029574
0.198807
0.099987
-0.468605
0.115054
-0.353459
0.207134
0.249134
-0.091118
0.159742
0.430416
-0.079029
-0.117799
-0.127194
0.016740
-0.002298
-0.117641
0.309464
-0.304169
-0.409406
0.412520
0.343460
0.003567
0.363010
0.113333
-0.466181
-0.346277
0.010959
0.349815
0.181820
0.063853
0.239199
-0.014805
-0.124745
-0.347846
-0.529413
-0.293758
0.224564
0.139647
-0.323993
0.430435
0.561605
0.082562
0.050028
0.028294
-0.214125
0.295220
0.042608
0.172993
-0.128125
-0.125812
0.126829
0.269618
0.107446
-0.077932
0.174598
0.007424
-0.142868
0.444552
0.051376
0.016324
0.177963
-0.063436
0.067097
0.139983
0.296073
0.321308
-0.018427
-0.152749
0.309271
-0.308327
0.266037
-0.406544
-0.309431
-0.412331
-0.249167
-0.066472
-0.456875
-0.024008
0.286484
0.350248
0.154356
-0.270905
0.283397
-0.487538
-0.074423
-0.118673
0.332038
0.327287
-0.110880
-0.374854
0.214748
0.327206
0.135050
-0.423756
0.038175
0.000294
-0.629603
0.018040
-0.106424
-0.152366
-0.001495
-0.191795
0.267553
-0.021274
0.159797
-0.471224
-0.445039
-0.337594
-0.564513
0.179811
0.021515
0.062260
-0.101209
0.121444
-0.196567
0.087780
0.391290
-0.023862
0.363794
-0.054992
0.041936
0.036318
0.369938
0.515034
-0.151589
-0.026938
-0.274202
-0.331921
0.202760
0.013225
-0.402045
0.481343
-0.004272
-0.143359
-0.246037
0.163480
-0.026669
0.488445
-0.210985
-0.012824
0.182726
0.241719
0.209833
0.164179
0.316336
-0.060518
-0.270063
-0.110436
0.305937
0.211322
0.037529
0.139249
-0.096663
-0.002684
0.241414
-0.343864
-0.370871
0.316685
-0.093150
0.065562
-0.126019
-0.503287
-0.167864
-0.284603
-0.308934
0.025776
0.059349
-0.423600
-0.205962
0.266091
-0.203970
0.270783
0.233606
0.206961
-0.459444
0.043829
-0.466023
0.071069
-0.174610
0.063822
0.294805
0.047331
-0.371195
0.413336
0.026015
0.450452
-0.299319
0.059188
0.241984
0.084146
0.027626
0.427129
0.352803
0.151485
0.433888
0.268879
0.269800
0.141390
0.047071
-0.133425
-0.397336
-0.211427
-0.209094
0.197590
0.228978
-0.241762
-0.102034
-0.124924
-0.263070
0.011148
-0.363184
-0.036991
-0.287260
-0.092216
-0.127830
0.098104
0.328290
0.007859
0.319333
0.130461
-0.345922
-0.276879
0.262619
-0.330140
-0.758651
0.252595
0.109631
0.339860
0.062742
-0.281993
0.315480
0.600677
-0.276287
-0.044436
-0.170056
0.309446
0.288146
0.001370
-0.122915
-0.045547
-0.352821
-0.430648
-0.114109
-0.120549
0.281104
0.401083
0.168502
0.084323
0.140023
0.465949
-0.001370
0.177982
-0.115024
-0.028554
0.109862
-0.453372
-0.080150
-0.117022
-0.360546
0.221567
0.240201
0.172383
-0.260655
0.056256
-0.039553
-0.080994
-0.261222
-0.484245
0.034387
-0.466861
0.010120
-0.332968
0.015836
0.044973
-0.140444
0.297561
-0.059902
-0.056814
0.128316
0.281901
0.038108
-0.105917
-0.367035
0.105421
0.407408
-0.115416
-0.326763
-0.445099
-0.223915
0.313358
-0.303552
-0.207888
0.090901
-0.252248
0.024348
-0.202580
-0.135871
-0.001421
-0.384736
0.273963
0.091256
-0.290221
-0.022015
-0.239311
0.229511
0.139483
-0.172481
-0.112366
-0.336719
-0.109142
0.211126
-0.154983
-0.272844
0.210225
-0.177958
0.053239
-0.109934
-0.172088
0.042038
-0.079626
0.360662
-0.141858
-0.224439
-0.003518
-0.346771
-0.181980
-0.012173
0.213036
0.089118
-0.044390
-0.020844
-0.044179
0.245584
0.261728
0.002099
-0.001211
-0.351506
0.080445
-0.043131
-0.433729
-0.402326
0.368509
0.346218
0.208123
-0.145933
-0.392323
0.289476
0.070620
-0.293515
-0.210105
-0.043871
-0.401908
0.070870
0.045061
-0.399137
-0.173273
-0.001874
-0.041680
0.342094
-0.392877
0.046106
-0.329172
0.278248
0.177013
-0.185009
0.326336
0.678545
0.208388
-0.059544
-0.230758
-0.295622
0.344781
0.376781
-0.003532
0.714951
0.019468
-0.019583
0.350274
0.031155
0.086771
0.303311
0.032436
0.242253
0.055735
-0.125429
-0.033114
-0.179188
-0.101392
-0.370883
0.169526
0.099369
0.229305
0.040686
-0.338880
-0.360298
0.343261
-0.046148
0.566365
-0.157127
-0.046063
-0.089584
-0.181411
0.183425
0.237066
-0.143144
0.027470
0.523263
0.145246
-0.284215
-0.369149
0.184798
-0.392611
0.254375
-0.199109
-0.016304
-0.052398
0.003902
-0.339781
-0.188170
0.148401
-0.378113
0.203333
0.053139
0.252636
-0.345103
0.104467
-0.046451
-0.149583
-0.209558
-0.075443
-0.327577
0.532850
0.253958
-0.250779
0.110737
-0.220862
0.258013
-0.217706
0.073614
0.347502
-0.203197
-0.294085
0.140714
0.294678
0.262403
0.004358
0.043793
0.122030
0.213111
0.153253
0.038569
-0.377535
0.449614
-0.244622
-0.342512
-0.056166
-0.125084
-0.626357
-0.046273
0.063346
0.165154
-0.249336
0.313163
-0.244725
0.221303
0.686092
-0.023494
0.101778
0.261181
0.218790
-0.137293
-0.215549
-0.028782
0.009546
-0.041955
0.306677
0.038229
-0.389015
-0.108431
0.470271
0.209328
0.173005
0.123140
0.176877
-0.292106
-0.068870
0.318052
0.158816
-0.061627
0.032493
0.215135
-0.368915
0.280477
0.418750
0.192900
0.461906
0.016894
0.036431
-0.538227
-0.109436
-0.040164
0.427304
-0.013792
-0.014060
-0.623656
-0.243061
0.160192
-0.228900
0.013159
-0.290701
-0.212546
0.142977
-0.355350
0.002457
0.238147
0.034840
-0.188609
-0.085501
0.260580
0.229287
-0.200718
-0.134928
-0.404093
-0.442775
0.312222
0.435937
0.329005
0.517139
0.269751
0.026300
0.008469
-0.174011
-0.136583
-0.049948
0.077890
-0.599226
-0.044969
0.097025
-0.370646
-0.182331
0.113942
0.017967
0.032828
0.152787
-0.002898
0.398339
0.092240
0.051011
-0.337168
0.041627
0.019265
-0.041312
0.599025
0.420160
-0.231017
0.493356
-0.433386
0.262271
0.245942
-0.335711
0.198879
-0.044922
-0.288833
0.475679
-0.418558
-0.212283
0.295557
0.050709
0.144479
0.552678
-0.093158
0.000439
0.121230
0.473295
0.366372
-0.251624
0.320206
0.113829
-0.440718
-0.031089
0.087393
0.027448
-0.529661
-0.109142
-0.257834
0.369271
0.258911
0.199197
0.176073
0.130349
0.064738
0.532792
-0.001242
-0.301525
-0.313953
0.232887
0.316476
-0.378763
0.402998
-0.314851
0.203274
0.629769
-0.048123
0.028960
-0.112126
-0.230436
-0.146235
-0.108873
0.009456
0.022085
-0.112783
0.245369
0.284818
-0.448128
0.428564
0.234598
0.148235
-0.260623
0.176056
0.114866
-0.058521
-0.595725
0.204545
0.381654
-0.565882
-0.269517
-0.655761
-0.245717
0.426654
-0.121959
-0.275403
-0.148149
0.028407
-0.334325
-0.167274
0.450773
0.298804
0.183663
-0.330746
0.136340
-0.184095
0.118168
0.258012
-0.148473
-0.231528
-0.415912
-0.333732
0.015498
0.071906
0.128802
0.128375
-0.004172
0.135506
0.147645
-0.199205
-0.522426
-0.155886
0.372847
0.135956
-0.323859
0.016133
0.635617
-0.230881
-0.012778
0.270173
-0.081206
0.072952
-0.562562
-0.102972
-0.222646
0.222511
0.127220
0.465837
0.455334
0.180882
0.282700
0.115951
-0.116529
-0.019427
-0.305033
-0.095926
0.359039
0.398917
-0.091015
-0.538950
0.587029
-0.207641
-0.238896
0.181292
-0.035767
0.235708
-0.267036
0.328780
-0.154406
0.105398
0.071229
0.591017
-0.433158
0.031244
0.432620
0.414118
0.332231
-0.296963
-0.015819
-0.155810
-0.109258
-0.174012
0.172420
-0.233796
0.234505
-0.002106
0.108578
0.272947
0.009260
0.035751
-0.102403
-0.189506
0.100968
-0.383037
0.006722
-0.116720
0.541244
0.220122
0.089221
-0.111455
-0.014719
0.221716
0.192104
0.427140
0.016722
0.249058
0.218993
0.172092
0.519247
-0.371438
0.442268
0.174268
-0.314109
0.320463
0.580752
-0.236518
0.288694
0.224438
-0.067093
0.100921
0.015641
-0.076624
0.170965
-0.097624
0.376044
0.097488
0.350627
-0.024222
-0.164308
-0.027493
-0.415146
-0.065148
-0.342008
0.286803
0.198935
-0.003287
0.534072
0.101564
-0.281281
-0.089024
-0.333432
0.009657
0.077583
0.506937
0.003175
-0.199537
-0.015544
0.138495
0.146669
0.493379
-0.097111
0.205298
-0.364341
0.184756
0.374026
-0.080987
0.247975
0.284708
-0.191915
0.182607
-0.021889
0.040269
0.317313
-0.081362
-0.186825
0.375354
-0.506769
-0.709986
-0.029167
-0.147029
0.077328
0.171763
-0.144289
0.202955
0.541616
-0.334121
0.235544
-0.135524
0.445824
-0.396491
-0.213148
0.128602
0.450952
-0.153262
-0.232495
0.168952
-0.569160
-0.283064
0.018845
-0.150130
-0.069119
-0.243178
0.082887
-0.008145
-0.072662
0.036982
-0.094767
0.212101
-0.372627
0.373422
-0.235142
-0.095512
-0.153862
0.512004
-0.040044
0.550986
0.094875
0.028182
-0.049036
-0.242587
0.096167
0.201349
0.108811
-0.243577
0.014501
0.023597
0.236975
-0.099601
0.091280
-0.311589
-0.223808
-0.317482
-0.076909
0.376753
0.215091
0.016316
0.075739
-0.083405
-0.262565
-0.143164
0.103500
0.363533
0.233550
0.377338
-0.175150
0.201979
0.524716
-0.172262
0.023504
-0.053884
-0.217333
-0.198007
0.246872
0.123106
0.183270
0.618435
0.267058
-0.126548
-0.217090
0.243945
0.163580
0.022347
-0.089279
0.376484
-0.037632
-0.253955
0.080305
-0.420091
0.063914
-0.188228
0.009055
0.355992
0.176745
0.073105
0.139688
-0.533140
0.071790
0.216615
-0.252775
-0.035817
-0.363984
-0.037266
0.188914
-0.111073
-0.394253
0.161423
0.492018
-0.004998
-0.296654
-0.003333
-0.257026
-0.354241
0.208174
0.193138
0.200581
0.297282
0.133492
0.204738
0.301706
0.003621
0.148499
-0.104246
-0.101105
-0.248694
-0.272408
0.006180
-0.125908
0.046349
-0.307910
-0.220695
0.067618
0.105934
0.327451
0.178410
-0.097515
0.230414
-0.188936
-0.302274
-0.237763
-0.181657
-0.219564
0.259709
0.203801
-0.274368
-0.101316
-0.012378
0.295175
-0.053655
0.077910
0.099983
-0.236781
-0.062675
0.201274
-0.326781
0.012515
-0.144617
0.235920
-0.423895
-0.116404
-0.256213
0.292074
0.305270
0.330438
0.036773
0.270864
0.341360
0.043523
0.087201
-0.003586
0.306104
-0.432680
-0.007078
0.105911
0.139179
-0.222856
0.122837
-0.139759
-0.220033
-0.363125
0.370394
0.419869
-0.229752
-0.172462
-0.159676
0.131713
-0.228235
-0.082685
0.331874
0.232539
0.123345
0.379366
-0.086881
0.227336
0.015060
0.281242
0.197092
0.317961
0.218369
-0.073363
0.480340
-0.292280
0.108277
-0.280385
-0.331055
-0.105818
-0.284635
-0.201674
0.008403
-0.129608
0.132456
-0.421187
-0.012113
-0.531373
-0.134577
-0.242391
0.176222
0.418258
0.083327
0.317828
-0.054169
0.452575
-0.341123
-0.573945
0.407883
0.548231
-0.103386
0.066047
0.123822
0.185558
0.189821
-0.081564
0.095319
0.160298
-0.140448
0.074415
-0.627600
-0.237385
0.111997
0.244445
-0.149996
0.178770
-0.341928
0.197899
-0.364202
0.340394
0.174602
0.313876
0.125657
-0.203650
-0.069400
0.008745
-0.035546
-0.416547
0.413443
-0.079547
0.035259
0.055375
0.432154
0.000906
-0.101225
0.179889
-0.004501
0.603410
-0.426595
0.446808
0.077391
-0.094040
0.438538
-0.024962
0.089878
-0.037718
-0.512639
0.304187
0.272253
-0.334407
0.293922
0.261465
-0.142419
0.544322
-0.369705
0.161135
0.271653
-0.324087
-0.139153
0.257066
-0.179357
-0.139931
-0.359134
0.254190
0.111531
-0.046200
0.460541
-0.388958
0.075485
-0.271058
0.284428
-0.147212
0.226903
0.276556
-0.097970
-0.169555
-0.221432
0.017030
0.181991
0.145919
-0.394571
0.314128
-0.270077
-0.198600
0.036504
-0.271742
0.420676
0.003716
-0.023050
-0.243498
-0.326143
-0.107939
-0.522557
0.417665
-0.320175
0.220949
0.106348
-0.061053
-0.324756
-0.308011
0.265840
0.292696
-0.271261
-0.077107
0.220926
0.013832
-0.067085
0.066617
-0.235621
-0.072077
0.183380
-0.059141
0.351139
-0.061949
0.276696
0.087299
-0.227318
-0.462593
0.229728
-0.646075
-0.069381
0.142260
0.077782
-0.330354
0.631673
0.288599
0.026662
0.028617
0.124851
-0.357179
-0.049110
-0.052467
-0.203145
0.709242
0.187343
-0.074434
-0.438980
0.033411
0.076278
-0.048236
-0.031679
0.176200
0.274489
0.083918
-0.133382
-0.257417
0.043474
-0.183455
0.041033
-0.170141
-0.201397
-0.186592
-0.099614
-0.100576
0.180153
0.044853
-0.311324
-0.397863
0.236409
-0.309047
0.018744
0.315922
-0.431500
-0.380742
0.167436
-0.227766
-0.641582
-0.584856
0.182270
-0.363962
-0.327104
-0.039768
-0.203278
-0.059230
-0.051604
0.048062
-0.024836
0.407905
0.209753
0.139265
-0.537431
-0.170923
0.188200
-0.054577
0.270379
0.421389
-0.443868
-0.020213
-0.111371
0.044264
0.147771
-0.412673
0.284312
-0.133120
0.558619
-0.350969
-0.048173
-0.247160
-0.283660
-0.180815
0.203703
-0.419753
0.052031
0.172373
0.627722
0.593798
0.178061
0.153715
-0.046872
-0.078569
0.014046
0.070040
0.266280
-0.067048
0.282170
0.040195
-0.272165
0.086595
-0.320261
0.099963
0.124260
0.037891
-0.158629
0.139847
-0.136934
0.481808
0.468624
0.103639
0.095180
-0.321731
0.167378
0.110487
0.016627
-0.119446
0.189346
-0.054062
0.094615
-0.341668
0.175907
-0.188092
-0.306958
-0.430242
0.363935
0.233918
0.161349
0.404980
0.158795
-0.264999
-0.060269
-0.252445
-0.233454
-0.081642
-0.049378
0.423060
0.016477
0.029233
0.132131
0.087291
-0.283115
0.508509
0.094939
-0.026091
-0.406314
0.496922
0.188393
0.219270
0.206273
0.174423
-0.137876
-0.405013
0.201808
0.198315
-0.172252
0.213551
0.317729
0.006097
0.193280
0.040385
-0.230006
0.055896
-0.088229
0.210362
0.156806
-0.059204
-0.052748
-0.056113
-0.029357
0.485935
-0.123023
-0.215412
-0.184230
-0.161788
0.120042
0.126248
-0.194730
0.255821
-0.122507
0.163445
0.204156
0.142051
-0.054476
0.186264
-0.237900
0.497994
0.436596
0.469601
0.136100
0.069012
0.119646
0.027314
0.388555
-0.186866
0.033773
-0.133327
0.328680
0.381200
0.044798
0.383465
0.199449
0.214715
-0.040824
-0.619369
0.095012
-0.269434
0.122594
0.035140
0.102036
0.251002
-0.524539
-0.611275
0.050430
-0.156329
0.139638
-0.276018
0.360552
0.076789
-0.255648
0.098765
-0.324176
-0.156575
-0.594198
0.121293
-0.457614
-0.220402
0.429106
0.393423
0.425724
0.093947
0.382041
0.218442
0.423740
-0.022456
-0.131980
-0.038543
-0.064284
0.219675
-0.630671
-0.010815
0.494162
0.203960
0.248654
0.058237
0.142832
0.049329
-0.325385
0.118536
0.299165
0.099127
-0.023857
0.071006
0.007665
0.222705
-0.178395
-0.421444
0.051209
0.262170
-0.108406
-0.365361
-0.097356
-0.406450
0.229659
0.305401
-0.101120
0.417179
-0.414879
0.063229
0.006165
-0.017845
0.390961
-0.366166
-0.108716
-0.329126
0.452718
-0.448496
0.342057
-0.130734
-0.056145
0.046235
-0.241044
0.092663
0.340619
0.243493
-0.046576
0.148568
-0.364477
0.002769
-0.031112
-0.118845
0.053972
-0.221689
-0.141149
0.104102
-0.103969
0.139062
0.130033
-0.547253
-0.043297
0.091534
0.173608
-0.095908
-0.160148
0.449240
-0.341253
-0.212086
0.014586
0.062402
-0.346777
-0.133158
0.159983
0.402911
0.585359
-0.185035
-0.126817
0.138978
0.060858
-0.242306
0.122956
-0.022680
-0.391778
-0.313255
-0.166060
-0.259777
0.563758
-0.314281
-0.176970
-0.022248
-0.228144
0.086072
0.523646
-0.098610
-0.189154
-0.012392
-0.215907
0.194394
-0.011813
0.187992
-0.289372
0.141701
0.103402
-0.249738
0.184489
0.092006
0.643276
0.183400
-0.000582
0.063615
0.026804
0.417674
-0.017686
-0.541524
-0.033250
0.012110
-0.105829
0.090182
-0.191196
-0.253988
0.130336
0.247160
0.178384
0.162806
0.170004
-0.102181
-0.238662
-0.378824
0.200575
-0.510117
0.272691
0.176126
-0.442991
0.450269
-0.133127
0.243741
0.234179
0.218125
0.027993
-0.115074
0.210986
-0.175742
0.227709
-0.157615
0.137322
-0.074343
0.064614
0.066216
0.571303
-0.100181
0.260498
-0.395218
-0.525818
-0.392819
0.041825
-0.191494
-0.510884
-0.140803
0.303886
0.079962
0.059765
-0.100251
0.058468
-0.244966
0.264049
-0.049526
0.259867
-0.011443
-0.004056
0.384966
0.064888
0.104904
-0.178138
-0.432120
-0.068695
0.489956
0.041528
-0.082751
-0.076530
0.387558
-0.105249
0.132767
-0.028560
-0.016211
0.208075
0.113558
0.400579
-0.324135
0.119169
-0.072832
-0.274452
0.014900
0.049931
0.027706
0.190238
-0.022825
0.166721
0.256119
-0.231427
0.559440
-0.009225
-0.310441
0.060787
0.330984
0.441855
-0.102511
0.249804
0.154585
0.208656
-0.134590
-0.403076
0.400996
0.184044
-0.026534
-0.235917
0.102806
-0.199421
-0.242113
-0.418453
0.255175
-0.536492
-0.226414
0.560708
0.038285
-0.068683
-0.557259
-0.094458
0.031037
-0.232257
-0.044983
0.396906
0.042088
0.033044
0.033474
0.134061
0.262557
0.411515
-0.036938
0.191095
-0.126098
0.064593
0.070369
-0.006536
-0.543021
-0.057273
0.339481
0.056024
0.103509
-0.056587
-0.033011
0.081470
-0.440490
0.148958
0.017487
0.047320
0.364020
-0.329383
0.291015
-0.024053
-0.433907
0.389753
0.093471
-0.103137
-0.334909
0.273289
0.022422
-0.377561
0.044043
0.000410
0.304692
0.225927
0.064457
0.335371
-0.053110
0.032301
-0.099276
0.047386
0.221616
0.210205
0.011586
0.032761
-0.186495
-0.131752
-0.358613
0.386301
-0.244199
-0.100005
0.187200
0.208588
0.022143
0.353146
-0.098217
0.047113
0.203619
0.175297
-0.447839
0.198462
-0.514735
0.296348
-0.090184
0.112093
0.070891
-0.198653
-0.114401
-0.002194
-0.086145
-0.325545
0.230700
0.419171
-0.178671
0.371586
0.171905
0.027917
-0.178359
0.243903
0.049221
-0.026785
0.386299
-0.061962
0.228261
-0.520935
-0.191204
0.315801
0.038032
0.132813
-0.196220
0.161340
-0.348280
-0.224806
-0.151375
-0.225019
0.015855
-0.441185
0.241206
0.090808
0.154325
0.202778
-0.103527
0.143337
-0.322604
-0.093163
0.139118
0.012976
0.388317
-0.564236
-0.294570
0.247746
0.154967
0.306032
-0.146276
0.123960
0.246304
0.240308
-0.307827
0.101729
0.263900
-0.187205
-0.350095
0.211614
0.657794
0.335040
-0.331067
0.135260
-0.111027
0.027150
-0.294886
0.349791
-0.174471
-0.148600
0.224099
0.205892
-0.235050
0.345644
0.163418
0.329457
-0.056759
0.477064
0.064122
-0.488999
0.361109
-0.417919
0.079987
0.031136
0.600590
-0.113704
0.091861
0.230855
0.128495
-0.082677
0.037400
0.192713
0.249193
-0.381951
-0.354247
-0.043657
0.249116
-0.192372
-0.417945
0.121134
-0.384378
-0.307369
-0.338050
-0.167911
0.099107
-0.501936
-0.134322
-0.208240
0.138936
-0.018725
-0.140548
-0.176566
0.100815
-0.492138
-0.131809
0.147355
0.378044
0.125075
-0.006224
-0.150170
-0.103909
-0.191180
0.161768
0.072707
0.344019
0.631034
-0.256758
-0.369766
-0.390981
-0.295573
0.236320
0.046734
0.247992
0.313796
0.019280
-0.289221
-0.086294
-0.124508
-0.301258
-0.235483
0.480132
-0.064251
0.292967
0.012486
0.215087
-0.208289
0.036860
-0.395425
-0.363033
-0.487286
-0.440829
0.350385
-0.129670
-0.140609
0.079156
0.127720
0.262200
0.191692
-0.601161
-0.131076
-0.208944
-0.052968
-0.742149
0.270099
-0.293891
0.010009
0.247377
-0.063932
-0.003720
0.507063
0.222929
0.237450
-0.182650
0.205252
-0.244857
-0.003430
0.354094
0.279667
-0.257425
0.122843
-0.162843
-0.216769
0.033237
0.140776
-0.540779
-0.006788
-0.275480
0.037150
-0.199374
-0.480561
-0.056402
0.247462
0.174721
-0.226298
0.307712
-0.569579
0.388710
-0.363420
-0.375675
-0.369201
-0.026879
0.260784
-0.150299
-0.483378
0.072809
-0.177661
-0.213507
-0.156126
0.217603
0.437458
-0.128344
-0.032492
-0.001554
0.126026
0.199952
-0.277781
-0.143191
-0.286075
0.003750
0.081829
-0.210925
-0.106583
0.124820
0.067144
-0.498738
0.039013
0.145253
0.434349
-0.016248
-0.352027
0.275013
-0.247421
-0.160894
0.339538
-0.163570
-0.006217
-0.025940
-0.034380
-0.049625
-0.427222
0.002902
0.231410
-0.044132
-0.278068
0.264562
-0.124050
-0.288695
0.328693
0.288814
0.088447
0.029584
-0.037303
-0.067426
0.407844
-0.029882
-0.301952
0.060796
0.029249
0.104664
-0.070664
0.131736
-0.383246
-0.271888
0.428240
-0.040305
-0.443008
-0.074865
0.112061
0.294582
-0.334411
0.194676
-0.299060
0.117311
-0.242553
-0.223219
0.058955
-0.044793
-0.261300
0.243593
-0.067787
-0.077163
0.389941
-0.123594
0.042937
-0.429981
0.046065
0.234509
-0.259571
-0.039652
0.415299
0.073363
0.605345
0.298801
0.026768
0.263133
-0.590618
-0.032068
-0.191854
-0.404473
0.020029
0.340964
0.350422
0.155212
0.079526
-0.001024
0.497210
-0.057655
-0.063597
0.191763
-0.383955
-0.343479
0.097239
-0.041926
0.527991
-0.173745
0.322159
-0.123747
0.121744
-0.595901
0.524408
0.278476
-0.434798
-0.383132
-0.328272
-0.167737
0.375183
0.266905
-0.090563
0.243777
-0.144810
-0.017622
-0.141981
0.205911
0.087061
0.307079
-0.471247
-0.335479
-0.115585
0.059089
-0.150380
0.080482
-0.163201
-0.123903
-0.176785
0.104693
-0.283727
0.095985
-0.482060
0.270089
0.004127
-0.049390
-0.077190
0.047371
0.004458
0.186018
-0.134250
0.160366
-0.342039
0.177034
-0.026865
0.009367
0.195984
0.127501
-0.078583
-0.341357
-0.186400
-0.022840
0.179235
-0.366312
-0.212438
-0.245531
0.195648
-0.400014
-0.064966
0.296832
0.132749
-0.097281
-0.039145
-0.155955
0.379526
-0.146800
0.053857
0.131905
0.393528
0.147063
-0.150743
0.160435
0.488174
-0.301184
-0.146602
0.385363
-0.031170
0.021292
0.441301
-0.090693
-0.130275
-0.052479
0.072213
0.057167
-0.057165
-0.331827
-0.315677
0.065645
0.361861
0.101121
0.081591
0.401937
0.054013
0.001506
-0.043961
-0.062280
0.138392
0.432044
0.197212
-0.518188
-0.024557
0.103817
0.501850
-0.489682
0.333551
0.094986
-0.014465
0.224762
-0.387295
0.413107
-0.158310
-0.043725
0.169782
-0.490126
-0.026089
0.131319
0.300033
0.074918
0.050895
0.203164
0.226115
-0.404991
-0.174636
-0.071400
-0.031870
0.130133
-0.190323
0.592522
0.155832
0.317020
0.009589
-0.028867
0.282772
0.079043
0.124694
0.063745
0.326477
-0.178745
-0.005031
-0.037063
-0.053212
-0.286435
0.408570
0.362700
-0.070666
-0.215279
0.100425
0.070487
-0.153536
0.201160
0.054536
0.228908
0.077510
0.119951
0.055557
-0.404210
-0.042288
0.156002
-0.191243
-0.162581
-0.078869
-0.121978
0.084980
-0.064537
-0.433125
0.286626
0.092933
0.010112
0.232350
-0.339473
0.252955
0.235698
-0.255584
-0.111556
-0.245537
0.130667
-0.315493
-0.360191
0.023860
0.091707
-0.046088
-0.251572
0.030966
-0.273302
-0.149611
0.051695
0.100213
-0.370851
0.300577
-0.033145
0.006840
-0.271863
-0.186358
0.206410
0.118611
-0.077005
-0.175877
0.200342
0.188689
-0.216472
0.125016
-0.186179
0.148319
0.118806
-0.269748
-0.411590
0.011346
0.135076
-0.161139
-0.388849
-0.079376
0.168127
0.426220
-0.249692
0.211148
0.023659
0.126917
-0.030343
-0.015959
0.127770
0.245521
0.170449
0.241945
-0.022875
0.122213
0.204825
-0.268922
-0.154998
-0.294610
0.013478
0.314364
0.002371
0.051036
0.199178
-0.096710
-0.426923
0.275551
-0.062838
-0.104877
0.555550
0.045878
-0.129413
0.109078
0.646737
0.400848
0.379486
-0.356484
0.195145
0.214619
-0.304260
-0.059200
0.046883
-0.097746
0.044199
-0.339949
-0.142780
0.145553
0.022579
0.255243
-0.183012
-0.383589
-0.101131
-0.201538
-0.033546
-0.290960
0.047964
-0.354828
0.128847
-0.423577
0.420181
0.130261
0.348496
0.232821
-0.056286
-0.227707
0.149200
0.171784
0.180481
-0.583089
0.083133
0.042796
-0.042133
0.336434
0.327174
-0.232196
0.146781
-0.294860
-0.000839
-0.022413
0.186136
0.467273
0.153707
0.197296
-0.066785
0.197209
0.191827
-0.252148
0.132101
-0.132098
0.118073
-0.136230
0.046460
0.156081
0.092833
-0.002669
-0.367854
0.029407
-0.276147
-0.187209
0.310480
-0.198872
0.144984
0.032854
-0.223966
-0.224103
-0.186449
-0.318450
-0.226609
0.119404
-0.341302
-0.038862
0.176486
0.169794
0.274589
0.424933
0.027443
-0.192495
0.522056
-0.156735
0.290112
-0.222258
0.045273
0.378592
-0.265711
0.073375
0.147527
0.265148
0.249520
-0.537292
0.066192
0.149849
-0.071601
-0.128429
0.086033
0.047811
-0.541720
-0.032709
-0.418143
-0.123751
-0.050999
-0.086096
0.118148
-0.101504
-0.054779
-0.434697
0.109218
-0.026939
0.266686
-0.576416
0.040601
0.204405
0.040610
-0.253089
0.487718
-0.023544
-0.053441
0.234267
-0.355885
-0.191022
0.043932
-0.091643
-0.300584
0.028632
-0.383819
-0.057097
0.145969
-0.009295
0.340641
-0.397289
-0.290206
-0.135831
-0.348458
0.163668
0.355729
-0.002150
-0.005139
0.111499
-0.295156
0.310988
-0.077599
-0.375187
0.219640
0.014514
-0.002857
0.435276
0.186919
0.368456
0.175793
-0.015181
0.020095
-0.264374
0.197911
-0.100019
0.055524
-0.109554
-0.392895
-0.398543
0.123941
0.120739
-0.100158
-0.035143
0.149916
0.219426
-0.130400
0.265000
0.311224
0.095887
0.188469
0.098429
-0.611745
-0.452014
-0.150961
-0.370276
-0.056160
0.149554
0.021451
0.188395
0.144907
0.231456
-0.041463
0.097727
0.343381
0.070162
-0.001065
-0.373830
-0.156999
0.577311
0.094531
-0.539119
0.060137
-0.056489
0.096940
-0.099567
-0.208009
-0.064367
-0.150330
-0.011553
-0.112409
-0.493146
0.334929
-0.395443
0.023889
0.025973
-0.286303
0.276429
0.145565
-0.375140
0.091517
-0.245657
-0.206677
0.098539
0.315439
-0.156545
0.241273
-0.036805
-0.366080
0.286112
0.320381
0.152202
-0.166685
0.287269
-0.259248
0.459362
-0.057316
0.094974
0.058610
-0.483546
-0.312299
-0.167317
0.473312
-0.210524
-0.363980
-0.043214
0.451620
-0.395398
0.135505
-0.371445
-0.133342
0.003360
0.455183
0.173017
0.084827
-0.293194
0.376174
-0.858498
-0.111255
-0.211745
0.348083
0.098500
-0.286954
-0.259350
0.181236
0.086147
0.560985
-0.535139
-0.048621
0.049864
0.046676
-0.038491
-0.248713
-0.467480
-0.248256
-0.458153
-0.033366
0.274418
0.296617
0.439793
-0.231281
-0.574116
0.070312
0.155364
-0.066703
0.280521
0.283770
-0.163686
0.172577
-0.352513
0.495737
-0.278229
-0.197111
0.029313
0.353880
-0.289591
0.115274
-0.376072
0.030827
-0.157614
0.101983
0.007272
-0.378593
-0.544593
0.178894
-0.350996
0.149006
-0.027862
-0.020976
-0.123633
0.211904
-0.321298
0.418515
-0.145465
0.186888
-0.304557
0.079464
0.171281
0.444556
0.160511
-0.131805
0.425168
-0.341944
-0.090640
0.170076
-0.238355
-0.161072
-0.111125
0.308369
-0.120973
-0.129325
-0.204008
0.082700
0.223504
-0.306923
-0.153451
0.173936
0.266670
0.271629
0.235476
-0.366756
0.240069
0.007557
-0.421649
0.307376
-0.615040
0.060165
-0.037186
0.047845
-0.500547
0.512079
-0.440960
-0.346290
-0.070698
0.511333
0.007807
0.161264
0.352104
-0.063422
-0.166082
-0.122413
0.187674
-0.709815
0.088459
-0.104952
-0.020642
0.094848
0.123594
-0.079349
-0.361742
-0.287434
0.257775
-0.312774
0.091396
0.265736
0.385484
0.168764
0.161612
-0.190964
-0.284305
0.249496
-0.012491
0.216970
0.189576
-0.114635
0.187539
0.089904
-0.297366
0.093996
0.000685
-0.013687
0.428430
-0.435439
0.360153
-0.115721
-0.188542
0.038211
-0.347812
-0.280700
-0.104775
-0.091889
0.195870
0.184558
0.263619
0.226407
0.481359
0.214634
0.100391
-0.518786
-0.089546
0.130588
0.329971
0.072874
-0.487699
-0.087263
0.062280
0.052529
0.332390
-0.036724
-0.109539
0.189391
0.025293
0.161556
-0.365618
-0.010043
-0.457051
0.060653
-0.625523
-0.277704
-0.040851
-0.004017
-0.685288
-0.246102
0.167223
0.345105
-0.271943
-0.000350
0.257233
-0.087545
-0.119627
0.148542
-0.149318
-0.076452
0.225576
-0.067836
0.300572
-0.325059
-0.337682
-0.154035
-0.220085
-0.213650
0.137008
-0.072465
-0.005982
0.089386
-0.222165
-0.137380
-0.162618
0.475962
-0.010185
-0.197285
0.029226
-0.000865
-0.138597
-0.494992
0.260618
0.493318
-0.236614
0.172860
-0.000744
-0.120064
0.103668
0.123136
0.206802
0.071774
-0.061347
-0.151654
0.157245
-0.055375
-0.020310
0.138196
0.437841
0.154921
-0.510242
-0.210008
-0.354514
-0.089291
0.634277
0.065196
0.004067
0.480316
0.054406
0.128329
0.768688
0.156550
-0.552605
-0.169513
0.134539
-0.143520
0.291177
-0.216591
-0.383106
-0.159154
-0.064587
-0.514238
0.144688
-0.352574
0.194337
0.111254
-0.093202
-0.357614
0.126022
-0.112141
0.067890
0.145856
-0.108271
0.048030
0.199832
0.096025
0.233670
-0.257505
-0.185721
0.344815
0.169162
0.173762
-0.384933
-0.094052
0.413147
0.157324
-0.020779
0.296612
-0.292732
-0.211419
0.193014
0.338051
0.074894
0.078370
-0.291206
0.198427
0.496459
-0.121629
-0.225772
0.639586
-0.158163
-0.226169
-0.367637
-0.384710
0.558631
-0.298397
0.086872
0.099560
0.200787
-0.226783
0.606739
-0.271517
-0.009010
-0.244873
0.049263
-0.418376
-0.128803
-0.347085
-0.032899
-0.395235
0.216454
0.407473
-0.253860
-0.230015
-0.026713
0.234114
-0.308826
0.413261
-0.274780
0.087483
-0.433113
-0.200343
0.364924
0.085496
-0.319039
0.015456
0.296166
-0.091787
-0.357078
-0.242476
-0.416195
-0.067014
-0.089092
0.019847
0.386847
0.416390
0.553257
0.130028
0.250508
-0.165597
0.005468
0.387831
-0.244373
-0.269747
0.180435
-0.092340
0.256973
-0.027971
-0.381215
-0.281253
-0.143041
-0.142547
0.227707
-0.733806
0.195811
0.601437
-0.268541
-0.062893
0.376472
-0.366977
0.271948
-0.409366
-0.252766
0.072049
-0.158210
-0.148449
0.015032
-0.355202
0.459028
-0.044393
-0.324667
-0.118722
0.106720
-0.039632
0.127962
-0.069341
0.279505
0.550891
-0.162520
0.301270
-0.123100
-0.208693
-0.060769
-0.433664
0.509496
-0.366796
0.054745
0.173274
0.117551
0.456880
-0.429011
-0.102533
-0.449451
-0.041414
-0.276514
-0.102492
-0.152921
-0.054936
0.219698
0.403340
0.306027
0.203807
0.167599
-0.317817
-0.207133
-0.323801
0.038648
0.092783
-0.317237
0.100943
0.006279
0.101066
-0.367193
-0.339602
0.099072
0.236281
-0.174571
-0.192360
-0.010215
0.044290
0.145487
-0.581106
0.161554
-0.084819
0.477088
-0.496210
0.542917
0.111532
-0.179315
-0.291753
0.447058
-0.310905
-0.621973
0.323463
0.312929
-0.151503
-0.264299
-0.041700
0.154749
-0.031914
0.142848
-0.000078
0.258019
0.241569
-0.587631
-0.036503
0.193981
-0.185160
0.300890
-0.093695
-0.579851
-0.441433
0.249934
-0.255449
-0.208682
-0.225049
-0.137395
-0.057152
0.085134
0.081872
0.200817
0.377062
0.199130
0.225509
0.029886
-0.210524
-0.259089
-0.223049
0.144625
0.139296
-0.204593
-0.023778
0.347999
-0.160139
-0.075261
-0.522135
0.378896
-0.337408
0.170753
0.293379
0.085990
0.041792
0.480629
-0.146166
0.031280
-0.088827
-0.227046
0.428021
0.019890
0.447821
-0.345263
-0.279606
-0.368984
0.184990
-0.440730
0.173865
-0.182339
0.264869
0.249765
-0.107042
0.081070
-0.359335
0.513832
-0.329659
0.009996
-0.398967
0.085146
0.346247
-0.385131
-0.140450
-0.114021
0.164674
0.086869
-0.075204
-0.128083
-0.382799
0.093744
-0.156825
0.180812
-0.031787
0.071018
0.154743
0.309995
-0.343837
-0.052966
0.086552
0.575694
0.000115
0.240910
-0.346289
0.122866
-0.000982
-0.537148
-0.156604
0.466655
0.369836
-0.115799
0.428090
-0.216158
0.206473
-0.156215
-0.140378
-0.160833
0.185280
-0.018516
-0.310305
-0.031083
-0.060567
-0.200338
-0.288440
0.131699
0.049320
-0.326435
0.322143
-0.630211
-0.056092
0.513819
-0.340690
0.146633
-0.325019
0.603346
-0.093417
0.160544
0.195535
-0.176220
0.186892
-0.546381
-0.212884
-0.255332
-0.084950
-0.254733
-0.256701
0.118296
0.222995
-0.074815
0.076728
0.025634
-0.068561
0.131378
0.371922
-0.275940
-0.214443
0.452300
0.094056
-0.026261
0.457476
-0.274225
-0.126796
0.321082
0.241205
0.116707
0.570126
0.392412
0.292729
-0.557456
-0.047794
-0.285796
0.413105
0.194542
0.031167
-0.053213
-0.166911
0.402199
0.008653
0.106335
0.248666
0.317675
-0.224154
-0.080839
-0.139847
-0.020957
-0.114915
0.214372
-0.388550
-0.227979
0.090734
-0.061468
-0.101450
-0.123130
-0.379539
-0.380374
-0.250452
-0.306025
-0.031975
-0.110362
0.529311
0.219839
0.164345
0.073295
-0.010518
-0.270184
0.493508
-0.397413
0.339703
-0.432460
0.289632
-0.377243
0.174137
-0.314795
-0.266313
-0.428792
0.060726
-0.021093
-0.465275
0.058745
-0.031900
0.045636
-0.158736
0.056428
-0.567691
-0.285316
0.191585
-0.155040
0.031144
-0.176612
0.442408
-0.453587
-0.012506
-0.303743
-0.363881
0.575425
0.467374
-0.319253
0.201613
0.146818
0.079162
0.204849
-0.005567
-0.044878
0.129046
0.121702
0.113139
0.005098
-0.022678
0.005944
-0.041771
-0.002535
0.480764
-0.133752
-0.295410
-0.501192
-0.123132
0.116861
-0.497455
-0.059426
0.050223
-0.179883
-0.077527
0.123456
-0.291784
-0.092039
-0.200713
-0.441707
-0.227216
-0.194947
-0.031116
-0.200576
-0.323105
0.097060
0.413745
0.162007
-0.145669
0.105621
0.241761
-0.027826
-0.274976
0.250402
0.362017
0.058033
-0.710099
0.306507
-0.396751
0.452780
-0.140862
-0.235587
0.706066
0.186609
-0.141083
-0.149027
-0.069271
0.040829
0.115563
0.013593
0.062633
-0.033234
0.073235
0.083545
0.265375
-0.200328
0.033583
-0.408652
0.118497
0.021513
-0.082183
-0.412923
-0.405720
0.135120
-0.084028
0.081954
-0.182973
-0.008448
0.165707
0.258341
0.028329
0.645045
-0.129241
-0.304583
-0.123726
-0.077993
0.055577
-0.237554
0.381099
0.050625
0.043155
0.100715
0.061129
-0.297852
0.040382
-0.074116
0.053436
-0.045777
-0.300902
-0.301199
-0.051056
0.044648
0.190704
0.020789
-0.062476
0.209817
0.066753
0.113970
0.087865
0.360157
-0.307238
0.347151
0.102587
0.162212
0.089850
0.242174
-0.218549
-0.443455
-0.120515
0.407234
0.216802
0.015005
0.202457
0.045319
-0.052620
0.462882
-0.159562
-0.184922
0.067035
0.052406
0.003239
0.110740
0.130063
-0.130147
-0.500718
-0.144223
0.299054
0.230239
0.341672
-0.270514
0.112549
-0.457784
0.144553
0.079981
0.040917
-0.212957
0.221867
-0.097479
-0.200420
0.355904
-0.296386
0.294729
0.001707
0.356279
0.219091
0.110930
-0.125146
-0.066089
0.463050
-0.221748
0.168515
0.435447
0.232380
0.044042
0.096714
-0.461850
-0.066369
0.223895
0.155781
-0.084971
0.053855
0.069147
0.071079
0.256280
0.230068
0.036426
0.063180
-0.153783
0.002395
-0.348104
0.004408
-0.433097
-0.147871
-0.023330
-0.044687
0.163751
0.094716
0.084526
-0.834875
0.076039
-0.430093
0.047702
0.397980
0.119528
0.025639
-0.043612
-0.491995
-0.183620
-0.120640
-0.043717
0.515958
-0.034240
0.251306
0.200944
-0.006799
0.016704
0.493026
0.150260
-0.705850
0.325113
0.101519
-0.173802
-0.256692
0.106622
0.305868
0.486425
-0.206149
-0.513872
-0.018316
-0.088773
-0.306472
-0.060237
0.260256
-0.136020
-0.149774
-0.011000
0.041887
-0.487987
-0.013785
-0.249235
0.152219
-0.432432
0.137741
-0.469728
-0.011912
-0.298575
0.232371
-0.005375
-0.209235
-0.134158
-0.192918
0.040854
-0.048056
0.034575
-0.301506
-0.018172
-0.007133
0.514021
-0.023178
0.223941
-0.223778
-0.235887
-0.121589
0.331571
-0.097689
0.236753
-0.232920
0.156072
0.201419
-0.296780
-0.158213
-0.083428
-0.063274
0.090433
-0.194318
0.145694
0.295670
0.149123
-0.130404
-0.062750
0.271743
0.072276
-0.172113
0.096117
0.246571
0.069105
-0.002493
-0.187585
0.141364
0.158139
-0.578585
0.196167
-0.056642
-0.106075
-0.164308
-0.050218
-0.198743
0.094836
-0.243526
0.033110
0.059090
0.084837
-0.181419
0.277458
-0.110318
-0.284752
0.137144
-0.267656
-0.367786
0.050582
0.070165
0.254391
0.391157
-0.361067
0.107340
0.447951
0.136870
0.609703
-0.334573
0.147267
0.359194
0.061170
-0.073776
0.111986
-0.208978
0.399083
-0.036223
0.134326
-0.209841
0.436285
-0.052182
-0.654936
-0.336606
-0.113665
0.163833
0.166266
-0.242443
0.118669
0.046522
0.464485
0.310875
-0.099295
-0.150617
0.095546
-0.066562
0.231581
-0.229674
-0.167418
-0.264225
-0.061493
-0.147695
-0.304634
-0.203108
-0.529638
0.309861
-0.510744
0.030283
-0.138578
0.139216
-0.249781
-0.036812
0.725492
-0.087155
0.413257
-0.122783
0.118782
0.031599
0.020000
-0.054667
-0.651550
-0.052198
0.497063
-0.085348
0.494188
-0.269704
-0.161315
-0.097434
0.127854
0.098341
-0.196700
-0.339444
-0.225134
0.350536
-0.644055
-0.379807
0.346092
-0.316659
-0.312642
-0.002393
-0.041192
-0.329564
0.251476
0.052952
0.159832
-0.152476
0.493029
0.212360
0.399644
-0.285732
0.275030
-0.040136
-0.098783
-0.339937
-0.493798
0.392010
-0.076852
-0.006277
-0.264086
0.054126
0.043299
0.121085
0.288896
0.143120
0.333014
0.083647
0.270125
-0.293176
0.504129
-0.010784
-0.382519
-0.471669
-0.646819
0.273305
-0.296259
0.050890
-0.270360
0.111741
-0.040647
-0.226882
-0.057640
-0.202846
0.784848
0.095553
-0.271432
0.095342
-0.471815
-0.077180
0.177015
0.028491
0.363257
-0.442724
0.084540
0.189914
0.066164
0.061408
0.132097
0.319286
0.093290
0.146503
-0.212256
-0.235097
0.012098
-0.096251
0.122280
-0.110311
0.235904
0.447356
0.309371
0.229251
0.577101
0.178021
-0.115603
-0.257478
0.224528
0.190979
0.247896
0.266539
0.672001
-0.007233
-0.459761
0.302226
0.046275
0.000293
-0.268289
0.171638
-0.190687
0.085306
-0.228260
0.028799
-0.056902
-0.277424
-0.270641
-0.128022
0.181577
0.456455
0.115919
-0.219037
-0.347862
-0.198377
-0.277262
-0.144560
0.011166
0.127878
-0.028303
-0.016501
-0.043908
0.146512
0.001174
-0.462933
-0.222827
0.042231
-0.240170
0.343508
0.319563
-0.093147
0.104664
0.176766
0.077510
-0.154307
0.531754
0.100828
0.058546
-0.826661
0.109689
-0.175516
0.026956
0.058407
0.271133
0.307709
0.031777
0.082714
0.240687
-0.351911
-0.088388
-0.353254
0.090908
0.116511
0.026558
-0.013361
-0.557521
0.019462
-0.125159
0.128450
0.066855
0.047259
0.033291
-0.003908
-0.237465
0.176429
-0.395578
0.084892
0.362144
-0.009645
0.300803
0.022941
-0.187321
-0.218786
-0.250098
-0.323501
-0.161608
-0.305101
0.337580
-0.345687
0.042655
-0.079719
0.129035
-0.234809
0.050981
0.160987
0.057864
-0.328429
-0.113397
0.079940
-0.282602
-0.017845
0.456235
0.171532
0.030056
-0.460875
0.031897
-0.155622
0.190989
-0.571905
0.206900
-0.010655
0.181845
-0.354871
-0.039343
-0.398419
0.278694
0.239140
0.162306
-0.378200
0.442825
-0.161955
-0.319331
0.151391
-0.296715
-0.439322
-0.220289
0.372610
0.218715
0.276266
-0.124944
-0.296772
-0.300324
-0.297219
-0.014632
0.199860
-0.429069
-0.139327
-0.140778
-0.137964
0.090710
0.221225
0.082435
0.033600
-0.137663
0.068393
0.384415
0.442887
0.194703
-0.370465
-0.567249
0.563047
-0.315580
0.330955
0.129256
-0.022767
-0.154721
0.576591
0.215682
0.252472
0.507656
0.103878
-0.180394
0.383036
0.244779
-0.001615
-0.249545
-0.486461
0.176885
0.099105
-0.502175
-0.621055
0.580247
-0.450666
0.023615
-0.427298
-0.248676
0.093873
-0.366722
-0.326970
-0.038074
0.065918
0.028402
-0.184764
0.168967
-0.530806
0.534902
0.109152
-0.256762
0.070464
0.520630
-0.084581
-0.247541
0.223505
0.412512
-0.081566
-0.019412
0.110434
-0.501937
0.205933
-0.138865
-0.205626
-0.072808
-0.019543
-0.224415
0.016478
-0.246532
0.075498
-0.177572
0.132742
0.281794
0.132308
-0.182523
-0.241737
0.381697
-0.278360
0.000031
0.165035
-0.171215
-0.186575
-0.223080
-0.214336
-0.381112
-0.083916
0.227919
0.068203
-0.392389
-0.068526
0.103141
-0.347798
-0.020365
0.431926
0.291085
0.016688
-0.006932
0.003374
0.312921
-0.425721
-0.181885
-0.186253
0.129264
-0.065532
-0.084689
0.042405
-0.486359
-0.253992
-0.260510
0.475199
-0.224427
-0.008224
-0.188750
-0.170284
-0.133576
-0.394143
0.004846
-0.229820
-0.081373
0.390275
0.042064
0.111336
-0.127009
-0.022783
-0.148425
-0.128409
0.175586
0.323669
0.559137
0.330622
-0.587853
0.315757
-0.185720
0.141969
0.345436
-0.325041
0.443167
-0.344394
0.411725
0.211412
0.146060
-0.046908
-0.388982
-0.153317
-0.587750
-0.044219
-0.351103
-0.464354
-0.178709
-0.002466
-0.292324
-0.152176
0.188666
0.519266
-0.290346
-0.160580
-0.063606
0.134766
0.005806
-0.123000
-0.240481
-0.253342
-0.051056
0.138850
-0.334703
-0.022961
0.099130
-0.035351
-0.402632
0.247507
0.206302
0.557121
-0.277615
-0.014005
-0.179440
-0.413988
-0.045860
0.090260
0.360408
-0.158687
-0.102628
-0.074161
0.025253
0.160469
-0.236068
-0.104426
0.088836
0.331145
0.319513
-0.262245
0.170702
-0.165906
0.023961
-0.276842
0.131091
0.038427
-0.136439
0.441211
0.521157
-0.306896
-0.001913
0.102719
-0.201844
0.074821
0.493226
0.230200
0.058490
0.141103
-0.070727
-0.348676
-0.228175
-0.071776
-0.263328
0.221079
0.491858
-0.212125
-0.411261
-0.159591
0.287445
0.446202
-0.319977
0.063702
0.155563
-0.197027
0.157226
0.297140
0.410630
0.119486
-0.142809
-0.108294
0.079799
0.398816
0.460987
-0.077253
-0.684750
0.049671
0.246164
-0.085094
-0.139153
-0.110001
0.302509
-0.179768
0.131419
0.254542
-0.055051
0.350526
0.294325
0.108124
0.323107
0.435154
-0.038976
-0.304747
-0.108069
0.454200
-0.184611
0.277683
0.209882
-0.062460
-0.114889
0.511557
-0.092875
0.268983
-0.075208
-0.314337
0.288530
-0.228849
0.318623
-0.325888
-0.348156
0.337624
0.320776
0.227980
0.080778
-0.088218
-0.100269
0.081417
0.062172
0.326657
0.196993
-0.219282
0.243499
0.236908
-0.127075
0.342209
-0.413972
-0.093135
0.291071
-0.001858
0.016336
-0.109816
-0.247226
0.275058
-0.318297
0.097419
0.307496
-0.558444
0.220650
0.364794
0.146814
-0.049783
-0.088256
-0.229888
0.100409
-0.153579
0.264213
0.131363
0.148642
0.266765
-0.336043
0.052882
0.216803
0.263539
0.480110
-0.564332
0.311917
-0.021730
0.008301
0.056851
-0.661880
-0.081279
0.352723
0.229523
-0.118198
-0.296578
0.194557
0.592074
-0.720525
-0.002807
0.369669
0.288627
0.050324
-0.136204
0.036597
-0.116641
-0.137138
0.234461
0.322241
-0.091045
0.107993
0.269983
-0.197070
-0.254211
-0.108852
-0.132091
0.483546
0.055045
0.521117
-0.089111
0.005088
0.271462
-0.290424
-0.262455
-0.427631
-0.441212
-0.214205
-0.174168
-0.154475
-0.302602
0.027199
-0.429085
-0.155675
0.290816
-0.416378
-0.274795
-0.180736
0.048244
0.177881
0.210510
0.322132
-0.013879
-0.104756
0.352871
0.121488
0.107012
-0.130406
0.339655
0.108261
0.155320
0.348144
0.088173
-0.136031
0.183871
0.196368
0.410492
-0.375444
0.081848
-0.525377
0.224303
-0.117008
0.233279
0.706852
0.282845
0.298411
-0.211762
0.047877
-0.336673
0.082700
-0.468207
0.102910
0.219063
0.260977
-0.101684
-0.344776
-0.424559
0.046173
-0.069909
0.517210
-0.522700
-0.118432
0.375210
0.028443
-0.091703
0.047142
0.321803
0.091992
-0.166632
-0.144975
0.109980
-0.120449
-0.095537
-0.231871
-0.228567
-0.342292
0.204886
0.066454
0.152182
-0.003440
-0.076123
0.259647
-0.615793
0.284666
-0.158479
0.247044
-0.184509
0.226502
0.032460
0.439565
-0.367528
0.292881
0.632378
