0.339353
0.514406
1.068341
1.343435
1.343435
0.986254
0.275281
1.249700
0.806581
0.806581
0.806581
0.820202
0.829684
0.829684
0.829684
1.145850
0.689455
0.706408
0.398337
-0.035160
0.363711
-0.261414
-0.596650
-0.136441
0.112402
1.046063
0.818868
1.566875
1.640477
1.640477
1.640477
0.764427
-0.165809
-0.586319
-0.465228
-0.280102
-0.122694
-0.938898
-0.718519
-1.271559
-1.225988
-1.461010
-0.788230
-0.788230
-1.372658
-1.743102
-0.757748
-0.757748
-0.864098
-0.220158
-0.414862
-0.069245
-0.135557
0.151425
0.042493
0.891256
0.848289
0.401592
0.401592
-0.533265
-0.727996
0.056422
0.223508
0.692239
0.826677
0.229727
0.502937
0.982865
1.464306
0.634938
1.079348
0.480225
0.300698
1.178409
1.178409
0.260672
0.582532
0.582532
0.116751
1.107995
0.140419
0.817710
0.817710
1.174054
1.022925
1.022925
1.324240
2.032610
1.498478
2.475988
2.475988
1.792726
1.590364
0.845428
-0.076730
-0.513246
-0.339679
-0.181717
-0.816191
-0.816191
-0.585004
-0.585004
-0.502701
-0.502701
-0.806887
-1.188811
-1.188811
-0.857018
-1.579007
-2.551146
-2.551146
-1.772581
-1.010002
-0.803088
-1.019536
-0.068005
-0.759279
-0.443246
0.490501
0.364831
0.364831
0.364831
0.644996
0.888949
0.517309
-0.328777
-0.328777
-0.045349
-0.185476
-0.185476
0.699166
0.593802
0.211545
0.019080
-0.747793
-0.747793
-0.747793
-0.747793
-1.191545
-0.254530
-0.472108
0.332725
0.700452
0.211466
0.414267
1.086341
0.140151
0.140151
1.004857
1.004857
0.486495
0.951505
0.951505
0.251074
0.400572
0.978788
0.682481
1.043172
1.223416
1.104834
1.104834
1.417794
1.417794
0.637094
0.637094
0.456257
0.520592
0.520592
0.962174
0.863781
1.331901
1.698542
1.698542
1.698542
0.770539
0.770539
0.182936
0.688297
0.165436
0.165436
0.165436
0.379297
0.379297
0.195655
-0.640510
-0.258349
0.247436
0.516693
-0.380108
0.023224
-0.893228
-0.280485
-0.141303
0.414159
-0.488284
0.417660
1.003964
0.591463
0.843845
0.311533
-0.484117
0.294309
0.344125
0.055731
-0.182594
-0.149258
0.105469
-0.678068
-0.743146
-0.027668
-0.141006
0.821909
0.875477
0.875477
1.141150
0.301520
0.241182
1.129565
1.659333
2.543789
2.183053
2.075121
2.098331
1.198359
0.507419
0.579223
0.337900
0.672656
-0.240836
-0.453341
0.081552
-0.272284
-0.659874
-0.030010
-0.576960
0.400634
0.481873
0.343772
1.126533
0.830517
0.953300
-0.043539
-0.043539
0.324352
-0.644198
-0.071433
-0.071433
-0.299917
-0.306219
-0.509724
0.314932
-0.337159
-0.851968
-0.765399
-1.282486
-1.909390
-1.692424
-0.998700
-0.386988
-0.990687
-0.631669
-0.130254
-0.652413
0.282228
0.410787
0.057157
0.518343
0.069963
-0.810013
-1.615669
-2.111697
-1.822627
-1.822627
-2.534874
-2.079966
-2.176363
-2.216269
-2.216269
-2.216269
-2.216269
-1.381485
-0.809637
0.127114
-0.712459
-0.468046
-0.689017
-0.486870
-0.492637
-0.824750
0.004768
0.677548
0.666951
0.666951
0.568109
0.087506
0.130592
0.130592
0.636704
0.125568
0.682714
0.990910
1.016176
1.542812
1.492564
1.492564
1.492564
1.492564
0.518944
0.835485
0.835485
0.447572
0.376469
0.101547
0.895400
0.895400
0.762143
0.475679
0.918137
-0.013070
0.636521
0.636521
0.658750
0.333906
0.333906
-0.044659
0.696100
0.823662
0.092616
0.565971
-0.317523
-1.276691
-2.205274
-2.205274
-2.205274
-1.529373
-0.653400
-0.219164
0.721161
0.725864
-0.263502
-0.263502
-1.037159
-0.783691
-0.375749
-0.760869
-0.402578
-0.694399
-0.694399
-0.659103
-1.029401
-1.722017
-0.993079
-0.993079
-1.181623
-1.181623
-0.837456
-1.577172
-1.569015
-1.688636
-1.688636
-0.851762
-0.332973
-0.332973
-0.680582
-1.011633
-1.011633
-0.723307
-0.717843
-0.158753
-0.639022
-1.109205
-1.343637
-1.343637
-0.739942
-0.108879
0.037452
0.191165
-0.113862
0.268989
0.268989
0.904430
0.167320
0.819515
0.626530
0.626530
0.626530
0.032583
0.551312
0.603146
1.473233
1.322656
0.884036
0.906968
0.414445
-0.370412
-0.298302
-1.036129
-1.374207
-1.034079
-0.204437
0.242833
-0.478910
-0.908737
-0.625300
-0.539246
-0.539246
-1.023197
-0.731019
-0.731019
-0.731019
0.145289
1.042267
0.364936
0.364936
0.430148
0.414587
0.268299
0.268299
-0.449009
-0.134574
0.477048
1.430293
0.894633
0.894633
0.397675
0.121332
0.682142
0.784400
0.019621
-0.108121
-0.591425
-0.591425
-1.390990
-0.464651
-0.811056
0.168532
0.373175
0.373175
-0.095109
0.072094
-0.800803
-1.491038
-1.880064
-1.552640
-1.725773
-0.848605
-1.062741
-1.062741
-1.062741
-1.062741
-0.367035
0.365809
0.144919
0.369310
-0.137543
-0.408335
-0.812139
-0.004880
-0.004880
0.752766
-0.182316
-0.937260
-0.311306
0.361336
1.215003
0.825369
1.103310
0.488207
0.981433
0.453215
0.920749
1.090631
1.090631
1.090631
1.090631
0.870157
0.615679
0.297820
0.738619
-0.080409
0.075705
0.676002
0.805703
-0.116461
0.321309
0.321309
-0.060625
-1.047264
-1.047264
-1.776154
-1.850786
-1.850786
-2.202352
-2.059835
-2.059835
-2.257129
-2.495749
-2.266828
-2.182950
-1.811487
-1.059158
-1.059158
-0.882467
-0.882467
-0.493091
0.125246
0.899998
0.095338
0.031941
-0.817220
-0.334791
-0.666917
0.064417
0.045654
0.735785
0.975195
0.975195
1.403294
1.489763
1.489763
1.489763
1.069554
0.398229
0.836324
0.836324
0.816853
0.816853
0.815423
0.815423
0.493231
-0.452280
0.051270
0.457207
1.312177
1.672332
1.132436
1.954676
1.651059
2.326442
2.226238
2.226238
2.461607
1.900355
1.706048
1.729178
1.729178
1.336183
1.084486
0.205094
0.945375
0.726789
1.371369
1.371369
1.764774
1.764774
0.939198
0.939198
-0.050902
0.636815
-0.276542
0.161511
0.368199
0.570600
-0.358562
0.387250
0.750308
-0.092589
0.657421
0.657421
0.143877
0.402127
-0.001229
-0.103713
-0.969444
-0.790974
-0.325561
0.278650
0.556149
0.538203
0.538203
1.447778
0.714275
0.204714
0.888306
-0.024753
0.618446
0.349967
0.321624
0.020819
-0.313973
-0.313973
0.141438
-0.423785
-1.061045
-1.061045
-0.172418
0.381957
0.981423
0.371808
0.866499
0.060143
0.423559
0.423559
0.538189
0.658957
0.199021
0.199021
-0.192662
0.515225
0.515225
-0.068390
-0.033724
-0.466952
-0.055074
0.448151
0.534459
0.214404
0.151125
0.151125
-0.303206
-0.303206
0.064856
0.963638
0.867900
0.842567
0.233954
0.816406
0.816406
1.019486
1.019486
0.113329
-0.083203
-1.011993
-0.972433
-0.673079
-1.098008
-0.173718
-1.112053
-1.160132
-1.265554
-1.407695
-1.809348
-0.895468
-0.820814
-0.492457
0.009519
0.009519
-0.428015
-0.054136
-0.658820
-0.658820
-0.926104
-0.231199
-0.088344
-0.518373
-0.492090
0.254401
-0.107110
-0.152473
-0.152473
-0.152473
0.231009
0.272303
0.400569
0.246954
0.090093
-0.675418
-1.258318
-1.439599
-0.888290
-1.057794
-0.361339
-0.361339
-0.151794
-0.128607
-0.663494
-0.989067
-0.989067
-1.457484
-0.726202
-0.726202
0.256685
0.657472
-0.016931
-0.016931
-0.155344
0.312864
0.864298
-0.058506
-1.013119
-1.180094
-1.004925
-0.537728
0.222878
-0.356968
-0.514790
-0.514790
0.468720
0.623434
-0.321864
-0.035896
0.379247
0.313801
0.111459
-0.287115
0.306645
0.181985
0.028450
0.028450
-0.132543
-0.136461
0.110193
0.110193
-0.202434
-0.410752
-0.854393
0.055573
-0.478682
-0.847079
-0.847079
-1.744835
-1.711661
-1.847182
-1.445865
-2.114334
-2.114334
-2.442456
-2.442456
-2.220312
-1.818168
-1.342807
-1.306846
-1.788696
-1.831306
-0.949079
-0.828800
-0.620201
-0.620201
0.079380
0.307998
-0.511337
-1.345444
-0.477153
-0.572572
0.332827
0.824610
0.623066
-0.290660
-0.002384
-0.844223
-0.797737
-0.401065
-0.966209
-0.236033
-0.236033
0.473769
-0.406630
0.584903
0.719937
0.719937
1.155908
0.459237
0.384008
0.384008
-0.515278
0.031275
0.334411
-0.095454
-0.266361
-0.071386
0.811576
0.268735
0.797411
1.274571
1.007842
0.827269
0.153202
0.290523
0.628963
0.615278
-0.174048
0.452861
-0.280920
-0.315661
0.662143
0.630619
0.781511
0.781511
1.123347
1.014237
0.146596
-0.517019
0.301785
0.783019
-0.032794
-0.689077
-0.359849
-0.976067
-0.813039
-0.813039
-0.536850
-1.477665
-0.807979
0.146843
-0.708519
0.008964
-0.313238
-1.271795
-1.271795
-1.271795
-1.271795
-0.700710
-0.789299
0.132308
-0.658891
-0.476565
0.341430
0.242314
1.105851
1.213788
1.213788
1.213788
0.816377
0.816377
-0.043125
-0.043125
-0.501917
0.263216
0.379164
0.480655
-0.153984
-0.588258
-0.553286
-0.074195
-0.013871
-0.274966
-0.274966
-0.251242
0.532670
-0.430888
-0.577020
-0.407590
-0.856358
-0.019585
0.807404
0.891406
0.791943
0.971723
0.971723
0.971723
1.016734
0.786934
-0.072016
-0.072016
-0.072016
-0.954922
-0.477202
-0.394731
-0.686852
-1.047814
-1.047814
-1.502905
-2.326528
-2.221778
-2.219068
-2.219068
-2.219068
-2.772453
-2.669515
-2.669515
-2.669515
-2.669515
-1.721395
-1.638482
-0.822292
-0.822292
-1.377449
-1.119588
-0.904100
-0.601717
-0.780570
-0.780570
-0.518022
0.433072
1.102522
0.164875
-0.797085
-1.285496
-1.067188
-0.351931
-0.351931
-1.018450
-1.018450
-1.414993
-1.414993
-1.586468
-1.943007
-1.943007
-1.943007
-1.943007
-1.943007
-1.943007
-1.481726
-0.928647
-0.236809
0.208554
0.790689
0.426687
0.326662
0.130815
-0.844605
-1.139625
-0.764817
-0.769934
-0.769934
-0.769934
-0.403117
-0.691923
-0.691923
0.048833
0.048833
0.855605
0.855605
1.102982
1.555400
0.735017
0.637362
0.632074
0.632074
0.409839
0.409839
1.086191
1.188097
1.459790
1.459790
1.459790
2.197526
2.809361
2.809361
2.390096
1.793753
1.793753
1.436008
1.043533
1.410297
1.923753
2.023463
2.336635
2.696315
2.696315
1.725473
1.725473
1.125763
0.260070
0.284629
1.220865
1.377262
0.689280
0.097740
0.097740
1.082419
1.985561
1.985561
1.985561
1.985561
2.069971
1.330269
0.834903
0.032670
0.032670
0.673333
0.218966
0.218966
-0.099326
-0.446615
-0.736872
-1.729116
-1.729116
-1.729116
-0.869631
-0.451123
-0.636618
-1.535916
-1.535916
-2.094903
-2.094903
-2.094903
-1.773774
-1.773774
-0.990407
-1.156923
-2.015308
-2.015308
-2.015308
-2.607717
-2.493161
-1.818465
-2.117901
-1.272116
-1.272116
