0.575673
-0.024042
-0.114412
-0.795227
-0.795227
-0.795227
-1.449853
-1.659272
-1.416935
-1.304187
-1.822834
-1.837463
-1.960400
-1.112422
-1.503102
-0.910991
-0.910991
-1.055196
-1.055196
-1.055196
-1.252867
-1.227598
-0.396145
0.504478
-0.398340
-0.398340
-0.409619
-0.409619
-0.697437
0.049210
-0.713919
-1.534685
-2.073999
-1.781609
-1.398045
-0.731175
0.088917
0.156377
0.267721
0.345745
0.658828
-0.027436
0.713827
1.137800
1.137800
0.942357
0.324260
0.625957
0.713413
0.052184
0.736271
0.549429
0.912520
0.044644
0.007444
-0.217101
-0.217101
-0.221187
-0.557053
-0.557053
0.122606
-0.752391
-0.036604
0.113626
0.341755
-0.047671
-0.199711
-0.328155
-0.328155
-0.328155
-0.328155
-0.193616
-0.414235
-1.164804
-0.697752
-1.553138
-1.553138
-1.281475
-1.146180
-1.518403
-1.518403
-2.340121
-1.629306
-1.290173
-0.844739
-1.768674
-1.768674
-1.601039
-0.628641
-0.149044
0.827164
-0.172186
-0.254294
-0.137784
-0.395490
0.048352
0.048352
-0.198562
0.423290
0.358467
1.038372
0.767691
0.603762
0.250086
1.054493
1.315812
0.535542
0.312120
0.312120
0.987975
0.077793
0.576288
0.546486
0.546486
0.315811
-0.046045
0.008773
0.160859
0.160859
0.444986
0.304005
0.380161
0.394380
-0.364947
-0.244449
-0.144918
-0.610723
-0.701111
-0.701111
0.236380
0.119088
-0.216580
-0.820289
-1.075091
-0.690949
-0.462201
-0.767346
-0.524671
-0.896203
-0.320506
-0.719277
0.180410
0.283396
0.110186
0.110186
-0.544516
0.363808
0.345668
-0.295779
-0.703580
-0.703580
-0.703580
-0.357186
-0.357186
0.571726
0.990251
1.086797
0.386605
0.118346
0.118346
0.118346
-0.018340
0.183602
0.615052
0.615052
-0.156891
-0.825832
-0.003080
0.043704
-0.188021
0.302859
0.037333
0.047742
0.047742
0.451452
0.222566
0.222566
1.106827
0.448195
0.700454
-0.047576
-0.449039
0.201528
-0.495190
-0.495190
-0.295843
0.246922
1.065263
1.025509
0.978492
0.575888
0.926113
0.385645
0.618723
0.238210
-0.206339
-0.627846
-0.965815
-0.965815
-0.891979
-0.316930
-0.941826
-0.186744
0.431352
0.168729
-0.208311
0.095591
-0.613428
-1.261551
-1.261551
-1.826451
-1.245484
-0.927339
-0.927339
-1.188578
-0.779559
-0.779559
-1.518588
-0.693105
-0.693105
-0.722449
-0.906788
-0.435289
0.505339
-0.132425
0.492942
1.238108
0.695186
0.912698
0.766322
0.730540
0.696714
0.928046
1.845603
1.818114
1.516056
1.651456
1.651456
1.651456
1.651456
0.816390
1.209503
1.049028
1.049028
1.697318
0.732787
0.709288
0.080628
0.862065
0.327553
0.683244
-0.291244
-0.871960
-0.634946
-0.072835
-0.072835
0.052083
-0.101353
-0.631422
-0.470566
0.122722
0.266223
0.280130
0.875452
1.274316
0.483592
0.297614
0.297614
0.829766
0.434355
0.602488
0.950747
1.340410
0.541780
0.541780
-0.077560
0.656146
0.184112
0.693418
0.446619
-0.454452
-0.454739
-0.290080
0.307980
-0.502239
-0.172272
-0.172272
-0.349014
-0.251825
0.602714
-0.342724
-0.935609
-0.935609
-0.814116
-1.694517
-1.694517
-1.251459
-1.392704
-1.730330
-0.969515
-0.093512
0.175391
0.084163
0.386957
-0.206400
-0.505795
-0.421729
-0.417908
-0.042195
0.271192
0.271192
0.383706
0.383706
1.065534
0.459417
1.269858
1.269858
0.721714
-0.150633
-0.150633
0.082981
-0.087862
0.665652
0.731725
-0.137622
0.048837
-0.933714
-0.933714
-1.872647
-1.365050
-2.334573
-1.390262
-1.990061
-1.088036
-0.254366
-0.914119
-0.914119
-0.183036
-0.804446
-0.644769
-0.848979
-0.462783
-0.721800
-0.341303
-0.978430
-1.079036
-1.499739
-0.969573
-0.866843
-0.866843
-0.404500
-0.404500
-1.353419
-1.353419
-0.833149
-1.480509
-1.254813
-1.254813
-1.228329
-0.813057
-0.813057
-0.306000
-1.079743
-0.318367
-0.638844
-0.072327
-0.220383
0.491763
-0.202375
-0.475370
0.261191
-0.283368
0.056030
-0.442347
-1.209550
-1.209550
-1.209550
-2.172301
-2.172301
-2.172301
-2.020913
-2.288181
-2.288181
-2.921296
-2.496594
-2.496594
-1.629703
-0.975008
-1.405345
-0.419333
-0.714169
-0.624626
-0.598925
-0.598925
-1.023212
-0.739067
-0.232120
0.673310
0.673310
0.419898
0.831853
0.858807
0.858807
0.858807
1.261026
1.643325
1.643325
1.643159
1.428620
1.641713
1.641713
1.318949
1.318949
1.935202
1.501777
1.468616
0.704313
-0.180797
-0.735592
0.086402
0.242220
-0.457974
-0.684110
-0.684110
-1.561739
-2.001016
-2.566068
-2.566068
-2.566068
-1.889558
-1.743611
-2.377562
-1.539500
-0.549380
0.133009
0.018559
-0.544904
-0.040029
-0.914604
-1.024426
-1.851605
-1.851605
-0.909022
-0.569491
-0.135871
-0.730774
-0.223796
0.615021
0.488057
0.488057
0.488057
0.475399
-0.060208
-0.369832
-0.529378
-0.434682
-0.434682
0.077185
0.896238
-0.044193
0.642065
0.145774
-0.320268
-0.530285
0.439918
0.356481
0.295811
0.295811
1.081760
0.162992
0.074640
0.317421
-0.570322
-1.444279
-1.038187
-0.271112
0.141186
0.882800
1.073676
1.466905
1.671206
1.671206
1.995914
1.497762
0.960907
0.689352
-0.000293
-0.210126
0.084122
-0.301589
-0.088092
0.473605
0.657946
0.830723
-0.050548
0.719152
1.370884
1.370884
0.650425
0.388204
-0.406100
-0.788293
-0.788293
0.101651
0.746242
0.340866
0.066932
0.689883
0.181693
-0.213826
-0.213826
0.199560
-0.214731
0.646293
-0.092209
-0.306045
0.343882
0.772731
1.521058
1.521058
0.888625
-0.019986
0.057771
-0.934245
-0.613432
0.060431
0.944957
1.039321
0.316199
1.260303
0.575096
0.902001
1.458161
1.458161
1.458161
2.021213
2.416510
2.416510
2.363605
2.363605
2.271638
1.732369
2.191072
2.191072
2.191072
1.697635
1.217088
1.217088
1.169391
0.221506
0.221506
0.221506
0.221506
-0.323653
-0.102332
-0.117165
0.370929
0.505767
-0.081245
-0.847393
-1.169170
-0.289178
-0.549234
-0.496083
-0.522565
0.082857
-0.565560
-0.300054
-0.209986
-0.446656
-0.850196
-0.528443
0.337866
-0.152400
-0.168925
-0.318261
-0.318261
-1.235046
-1.505457
-1.505457
-1.002790
-0.496950
-0.228003
-0.522301
-1.251062
-0.470174
0.222608
0.584099
0.084482
-0.383383
-0.435851
0.074598
-0.191437
-0.881665
-1.609950
-1.609950
-2.129417
-2.129417
-2.960555
-2.761752
-2.761752
-1.805642
-1.805642
-2.210273
-2.210273
-2.174607
-2.291733
-2.291733
-1.673151
-1.253261
-1.253261
-0.996334
-1.004439
-0.510091
-0.510091
0.423872
-0.115682
-0.424604
-0.861078
0.080999
0.080999
0.434261
0.434261
-0.549980
-1.051538
-0.549642
-0.995871
-1.001185
-1.146561
-1.146561
-1.146561
-0.333879
-0.369935
-0.959722
-0.611098
-0.119837
-0.023231
-0.212819
-0.113988
-0.306850
-0.306850
0.587095
1.060599
1.060599
0.061081
0.061081
-0.841271
-0.508535
0.140290
-0.498531
-0.108004
0.218274
0.471697
1.309178
0.919451
0.919451
0.240675
0.410321
0.410321
0.129373
-0.233507
-0.799719
-1.593827
-0.848566
-0.752174
-0.752174
-1.520928
-1.992414
-2.341465
-2.892580
-2.945935
-2.221858
-2.917455
-2.917455
-2.488821
-1.642203
-1.896164
-2.142745
-2.050058
-2.050058
-1.662533
-1.662533
-2.013144
-1.962514
-2.051207
-1.281086
-1.281086
-1.173303
-1.192175
-0.667067
-0.254476
-0.254476
-0.123842
-0.657948
0.294383
-0.364615
-1.275837
-1.507778
-2.111491
-2.111491
-1.859318
-0.873094
-0.707773
-0.307338
-0.415974
-0.109045
-0.473023
-1.147282
-1.593527
-1.593527
-2.018977
-1.838538
-1.165831
-0.688246
-0.331306
-0.331306
-0.595725
-1.192257
-0.661466
0.157866
-0.760495
-1.274083
-1.016057
-1.467529
-1.467529
-1.259866
-1.259866
-1.259866
-1.512172
-0.948467
-1.439956
-1.439956
-1.556073
-0.929288
-0.394623
-0.027109
-0.404022
0.269042
-0.497614
0.039680
-0.053353
-0.090722
0.207845
1.164539
1.164539
0.751800
0.751800
0.163893
-0.019890
-0.019890
-0.019890
-0.121305
0.247148
-0.269743
0.640687
-0.115130
0.454635
0.265788
1.171347
0.528069
-0.299044
-0.631739
0.294127
-0.075843
0.212523
-0.082621
-0.776956
-0.332274
0.355892
-0.584063
0.211834
0.355187
0.565260
-0.408059
0.543837
0.978150
0.982964
0.936949
0.936949
0.142891
0.100652
0.099072
-0.643086
-0.080669
0.213358
0.375138
0.375138
0.556036
0.556036
0.556036
0.360458
1.070987
1.070987
0.681691
-0.265083
0.414417
-0.320031
-1.179222
-1.179222
-1.697968
-1.242984
-1.021873
-0.958341
-0.958341
-1.212282
-1.910957
-2.710072
-2.710072
-2.710072
-2.241418
-3.180129
-2.265764
-1.413374
-1.413374
-1.413374
-1.413374
-1.609867
-1.609867
-1.609867
-1.609867
-1.941168
-2.145776
-2.145776
-2.145776
-1.823351
-1.328081
-0.471036
-1.361656
-1.201216
-1.113040
-1.113040
-1.861936
-2.036323
-1.361782
-1.361782
-1.743764
-1.500984
-1.500984
-0.824156
0.012962
-0.576637
-0.775325
0.047287
0.600174
0.544226
0.493420
1.202118
1.202118
1.202118
1.202118
1.202118
1.202118
0.757649
1.301423
2.101037
2.043063
2.292937
2.292937
2.031960
1.150717
1.150717
0.229187
0.337773
0.590248
0.269603
0.269603
0.000538
-0.102913
-0.102570
-0.622205
-0.311755
-0.311755
-0.311755
-0.667353
0.326038
1.226011
0.945371
1.219915
1.219915
0.425082
0.831426
0.831426
1.033362
0.733528
0.615807
1.370846
0.515329
0.515329
1.290674
1.162785
1.401323
1.401323
0.621009
0.366950
0.046049
0.379343
-0.308664
-0.308664
-0.308664
-0.982938
-0.098418
-0.444303
-0.135296
-0.135296
-0.135296
-0.135296
-0.577046
0.221080
-0.361998
-0.329859
-0.521372
-0.800867
-0.908885
-0.303606
-0.160494
-0.160494
-0.160494
-0.915783
-0.115486
-0.281605
0.050920
0.889476
1.467208
1.112538
0.829261
1.136750
0.645899
0.819319
0.970845
0.928803
1.348395
0.748855
0.748855
0.728164
0.048062
-0.660389
-1.412741
-0.979498
-0.979498
-0.210573
-0.730100
-0.730100
-1.206818
-0.691057
-0.691057
0.043802
0.561716
0.622306
1.128235
0.153269
0.340452
0.344390
-0.242302
-0.693942
-0.634239
0.272470
0.272470
0.377710
1.147136
1.023228
0.249053
0.605304
1.185302
0.397373
-0.470697
-0.470697
-0.371069
-0.133240
0.346889
0.346889
0.346889
1.140359
1.927251
1.365840
0.512693
-0.024892
-0.500823
-0.896225
-1.889917
-0.953848
0.005677
0.229966
-0.229065
-0.229065
-0.557994
-0.557994
-0.740924
-1.572867
-1.951164
-2.937954
-3.150418
-3.451406
-2.622706
-2.622706
-2.453159
-2.068560
-1.654500
-0.753797
-0.710281
-0.710281
