0.661797
0.906232
0.995355
0.737048
-0.105270
-0.038800
-0.299062
-0.174581
-0.031045
0.440500
0.440500
0.757062
0.769155
1.142514
0.913637
1.490645
1.727449
0.978294
1.361906
1.002895
0.584257
0.646251
0.801860
-0.061400
0.391055
0.391055
0.392518
0.145505
-0.161322
-0.507942
-0.486334
-0.264965
0.601903
0.422944
0.499740
0.499740
0.499740
0.132285
-0.238827
-0.167046
0.582981
1.022911
0.239376
0.950512
0.767559
0.054350
-0.397998
0.337538
-0.634109
0.058621
-0.846179
-0.869203
-1.106541
-1.847684
-1.020483
-0.521942
-0.067033
-0.817547
-1.371500
-1.371500
-1.371500
-0.718823
-1.028194
-0.454091
-0.454091
0.440516
-0.028960
-0.028960
-1.014729
-0.763592
-0.104268
0.575169
0.575169
1.095898
1.462473
1.135480
1.973425
2.064677
1.937680
1.197798
0.471127
-0.365671
0.277123
0.277123
0.277123
-0.440196
-0.215530
-1.093319
-1.093319
-1.093319
-1.493655
-1.616942
-1.616942
-1.616942
-1.303882
-1.356958
-1.179301
-1.543840
-1.337211
-1.337211
-0.981541
-0.153132
-0.128747
0.622004
1.066556
0.654966
0.427598
-0.566092
-1.490605
-0.864750
-0.054229
-0.003610
-0.003610
-0.618880
-0.618880
0.031130
0.136908
0.470303
0.232543
1.057444
0.661795
0.956651
0.956651
0.027332
-0.182587
-0.803526
-0.246428
0.169414
-0.502335
-0.502335
-0.556500
-0.940319
-0.940319
-0.751606
-1.254501
-1.254501
-1.254501
-1.390601
-1.202919
-1.429627
-1.429627
-1.429627
-0.456421
-0.227902
-0.906552
-0.809663
-0.240977
-0.528853
-0.374698
-1.237808
-0.978024
-0.978024
-0.978024
-1.870655
-1.975998
-1.754565
-2.392788
-1.464707
-1.464707
-1.228356
-0.327778
-0.531083
-1.040328
-0.362941
0.328358
-0.311126
0.496950
0.496950
-0.433689
0.085001
1.026750
1.026750
1.639650
1.639650
1.639650
1.158485
1.200492
1.549609
1.144685
1.202071
1.202071
1.253109
0.734951
0.533715
1.096812
1.096812
0.303641
0.142061
-0.845604
-1.116127
-1.116127
-0.565045
-0.565045
-0.565045
-0.890253
0.071560
-0.358847
-1.115108
-0.431983
0.210492
-0.775437
-1.538496
-2.374623
-2.374623
-1.888147
-1.888147
-1.884645
-1.573593
-1.573593
-0.818363
-0.366021
0.111009
1.044910
0.974993
0.492037
0.472671
0.275302
0.275302
0.275302
0.015798
0.525573
-0.164828
0.461227
1.319997
1.319997
1.319997
0.930202
0.683600
0.380566
0.080885
0.701576
0.690720
0.859537
0.469400
-0.447423
-0.428001
-0.713805
-0.713805
-1.312251
-1.373899
-1.353170
-1.353170
-1.353170
-1.353170
-1.353170
-0.668592
0.283715
0.005943
0.623610
0.912681
0.407735
-0.388362
0.074151
-0.413677
-1.052279
-1.052279
-1.052279
-0.959895
-0.510676
0.396679
1.229652
0.641865
1.443022
0.584776
0.222531
0.293550
0.293550
-0.701997
-0.701997
-0.702729
0.258885
0.795312
0.164119
0.648059
0.648059
1.046774
1.536095
1.536095
0.771792
0.771792
0.941388
0.161134
-0.426394
-0.544447
-0.109237
-0.705980
-0.705980
0.103858
1.102957
1.688984
0.809200
0.295140
0.730089
0.933021
0.462241
0.676105
0.150012
-0.848499
-1.295097
-1.295097
-0.505137
-0.505137
-0.149442
0.605607
0.605607
0.134083
0.593059
0.085169
0.850925
0.863269
0.863269
1.090217
1.441492
0.498868
1.149394
1.149394
0.174298
0.174298
0.776141
-0.208399
0.092501
-0.637683
-0.387174
-0.308041
0.231401
0.701668
0.327603
0.748271
-0.046526
0.272588
0.071374
0.071374
0.931591
0.482061
-0.281786
-0.281786
-0.450501
-0.640651
-0.640651
0.349640
1.242561
1.242561
1.574055
1.574055
0.621818
0.621818
1.502490
1.502490
1.252181
0.381899
0.381899
-0.154544
0.314144
-0.178151
0.099704
0.099704
-0.519296
-0.318540
-0.524064
0.014972
0.791628
0.791628
-0.185597
0.022604
0.212834
0.468125
0.969545
0.373670
-0.559720
-1.188639
-2.012733
-1.709308
-1.709308
-2.320516
-2.320516
-2.320516
-1.482215
-1.559049
-0.909525
-1.289757
-1.150538
-1.686169
-0.951098
-1.287562
-0.653006
0.118611
0.506062
-0.359314
-0.359314
-1.182788
-1.565238
-1.611811
-1.304763
-1.012485
-1.004717
-1.868454
-1.424804
-0.791249
0.069471
-0.836484
-0.836484
-0.050837
-0.032607
0.857018
0.281958
0.281958
0.281958
0.777097
1.223591
1.620690
1.050590
1.050590
0.923039
0.923039
0.333561
0.132092
0.895339
0.895339
0.225886
0.915802
0.956857
0.005625
-0.502102
-0.724509
-1.047286
-1.047286
-0.471085
0.080428
0.080428
-0.409992
-0.409992
-0.250428
0.531834
1.374169
1.760059
1.731313
0.869647
0.869647
1.267938
1.423445
1.423445
1.423445
0.763752
1.481154
1.481154
1.339199
2.230934
2.334255
2.523197
2.548677
2.548677
2.548677
2.232997
1.292133
1.292133
1.292133
1.292133
0.873456
0.242726
-0.633502
-0.120475
-1.013816
-1.841372
-2.786870
-2.821932
-3.159693
-3.819347
-3.007879
-3.007879
-3.007879
-3.007879
-3.007879
-2.625739
-2.603173
-2.603173
-2.199703
-2.299752
-2.827200
-2.636504
-1.884337
-1.884337
-1.740483
-2.265915
-1.655058
-2.121582
-1.541213
-1.541213
-1.541213
-0.840786
-0.061963
-0.912475
-0.877311
-0.877311
-0.877311
-0.270982
0.612563
0.027409
0.557487
1.014436
0.187751
0.248270
0.096741
-0.764691
-0.437993
0.317003
0.102734
1.093826
1.028252
0.550101
0.215503
-0.158821
0.332308
0.332308
1.188976
0.911989
1.141609
1.141609
1.141609
0.702520
0.551204
-0.006119
-0.872923
-0.527049
-0.331842
-1.212721
-1.553877
-0.945105
-0.478028
0.370742
0.557940
0.557940
0.725029
0.810307
-0.101502
-0.101502
-0.212451
-0.739043
-0.716178
-0.693647
-0.462218
-0.454078
0.109984
0.025444
0.025444
-0.809826
0.155247
-0.428785
-1.341149
-1.341149
-0.884420
-0.884420
-1.346865
-0.484398
-0.484398
0.103282
-0.085750
0.625263
0.598334
-0.285160
-0.285160
-0.758189
0.121616
0.310844
0.310844
0.786974
0.786974
-0.150481
0.051771
0.673562
0.673562
0.673562
0.878353
0.604958
-0.208244
-0.498922
-0.443318
0.050625
0.814937
0.814937
1.460209
0.927050
0.597459
0.239218
-0.335542
0.414773
0.414773
0.414773
-0.237204
-0.237204
0.714651
1.305234
0.669798
-0.007081
-0.545171
0.250165
0.509169
0.935386
0.935386
0.337833
0.566681
1.398184
1.398184
1.613070
1.613070
1.473445
1.247971
1.247971
1.247971
1.247971
1.247971
1.247971
0.544212
0.190323
0.941648
0.941648
1.096220
1.096220
0.169404
0.388161
0.449376
0.142368
0.246168
0.184227
0.350000
-0.058030
-0.058030
0.778037
1.249388
1.249388
1.249388
1.156865
1.238307
0.872382
0.077259
0.067393
0.067393
0.762912
0.490599
0.490599
0.439583
-0.556480
-0.556480
-0.221490
-0.795428
-0.795428
-0.446709
-0.553704
-0.553704
-0.140959
-0.375280
-0.174061
-0.780574
-1.258137
-0.597766
-1.518737
-1.605573
-0.808833
0.126402
-0.145358
-0.145358
-0.364686
0.385099
0.397087
0.397087
1.215616
2.119015
1.120249
0.804447
0.019607
0.483252
1.114391
0.311184
-0.256041
-0.256041
0.597918
-0.389901
-0.451123
0.525008
0.954561
1.042750
0.789880
1.500139
1.070350
0.604714
-0.166460
0.127444
0.257161
0.559141
0.256670
0.256670
-0.225112
0.167741
0.296471
-0.122211
-0.604128
-1.262808
-1.497129
-1.692210
-2.099904
-2.099904
-1.405626
-1.525744
-2.293434
-1.530003
-0.562600
0.219023
-0.129603
-0.929666
-0.929666
-0.203570
0.684157
-0.191706
-0.304179
-0.304179
-0.211194
-0.167013
0.206949
0.516762
1.439789
1.101312
1.150998
1.097508
0.121546
0.016939
0.077997
-0.340423
0.280892
0.788021
0.273321
0.273321
0.791524
-0.181198
-0.188759
0.684355
-0.111708
-0.111708
-0.886529
-1.089318
-1.089318
-1.089318
-0.631289
-0.448435
0.337844
-0.004212
-0.216488
-0.463081
0.071124
-0.218760
-0.218760
-0.106948
-0.106948
-0.045445
0.032654
0.032654
-0.255690
-0.847322
-0.847322
-1.227569
-0.660614
-0.103893
-0.905968
-1.152681
-0.859241
-0.859241
-0.859241
0.034741
0.512252
-0.057060
-0.900097
-0.681065
-0.664662
0.114899
0.683600
0.675205
0.631693
-0.208977
-0.237319
-0.154225
0.460701
-0.069441
-0.372792
0.392811
0.263775
0.081989
0.586979
0.263641
-0.010142
0.977854
0.449483
1.227843
0.563561
0.262205
0.667414
0.207456
-0.554657
-0.505192
-1.153781
-1.783092
-0.792854
0.136156
-0.526926
-0.506744
-0.360944
-1.024019
-0.803150
-0.745522
-0.745522
-1.455485
-0.751754
-0.751754
-0.573529
-1.291454
-1.972056
-1.066775
-1.066775
-1.066775
-0.864473
-0.502636
-0.458157
-0.256402
0.674627
0.561529
-0.088069
0.010433
-0.930395
-0.930395
-0.753846
-0.006586
0.568076
0.970724
0.783316
0.922398
0.595980
0.595980
0.100246
0.100246
0.851725
0.851725
0.007583
-0.895781
-0.895781
-0.546269
-0.546269
-0.546269
-0.546269
-0.744454
-0.305040
-0.304557
-0.144892
0.418539
0.909044
0.309194
0.522769
0.082275
1.068512
1.068512
1.068512
0.327845
0.380845
0.403630
1.149964
1.150307
0.929188
1.481678
1.481678
1.647871
0.780609
0.016390
-0.976098
-0.014691
-0.497114
-0.224678
-0.153822
-0.421212
-0.078037
0.225321
-0.593426
0.383903
-0.567180
0.262897
-0.410752
0.514502
0.529042
1.405548
1.027825
0.203239
-0.241795
0.020884
-0.668010
-1.270143
-1.392889
-0.761914
-0.926703
-0.625455
0.319336
0.035028
-0.946858
-0.134369
0.056174
0.357914
0.940857
0.940857
0.940857
0.423969
0.872109
0.408469
-0.561684
-0.561684
-0.044887
-0.044887
-0.044887
0.247872
0.247872
0.247872
-0.409370
-0.409370
-0.906809
-0.653389
-0.129141
-0.671871
0.266999
1.095109
2.023720
2.750863
2.750863
1.901727
1.917993
1.252772
0.728556
1.337545
1.124504
0.937386
0.368344
0.629430
-0.178786
0.703123
-0.254717
-0.111506
-0.119379
-0.215869
0.743455
0.145842
0.190209
0.333631
0.873657
0.873657
0.927446
1.592230
1.592230
1.481757
1.481757
1.481757
1.481757
1.732457
1.732457
1.732457
0.856909
0.532132
0.954406
0.166097
0.166097
-0.619042
-0.996404
-0.747322
0.031074
-0.339344
0.193183
0.627359
-0.132065
0.764733
1.315215
0.903039
0.773444
-0.010439
0.120579
0.628905
0.079696
-0.001831
0.020202
-0.038724
0.435665
0.229997
0.138646
0.827429
0.002414
-0.298692
-0.238548
-0.696794
0.081908
0.832023
0.320011
0.213894
0.155631
-0.585984
-0.585984
-1.570483
-0.918190
-0.881051
0.040290
0.040290
