0.300343
-0.108927
-0.123472
-0.546794
-0.904124
-1.891263
-1.214196
-1.214196
-0.511490
-0.511490
0.209666
-0.634111
-1.137361
-0.540876
-0.540876
-0.540876
-0.939181
-0.939181
-0.645187
-0.243424
0.200604
0.200604
-0.029610
0.286750
0.286750
0.920603
0.308608
0.957164
0.282648
0.335202
-0.010091
0.395976
0.096870
0.680903
0.910608
1.066615
0.704125
-0.159972
0.755446
0.419136
-0.013019
-0.129757
-1.096421
-1.233664
-1.548681
-1.548681
-2.237371
-2.175766
-2.799605
-1.883845
-1.883845
-1.273233
-1.597785
-1.532599
-1.520174
-0.579010
-0.808485
-0.795459
-0.795459
-0.436587
-0.344699
0.541019
0.947614
0.956007
1.068315
1.068315
0.734453
0.734453
0.649246
1.238517
1.251873
1.251873
0.465067
-0.457685
-0.457685
-1.309003
-1.288059
-1.303949
-1.975719
-1.578888
-2.022334
-1.451512
-1.118469
-1.118469
-1.179872
-1.340880
-2.030174
-2.030174
-1.265989
-1.280682
-1.280682
-0.892864
-0.112141
-0.533654
-0.286257
-0.286257
-0.460049
-0.460049
0.207000
0.207000
0.406417
0.288364
0.288364
-0.149899
-0.474725
0.517241
0.517241
1.048683
1.451000
1.451000
1.732159
1.538242
1.538242
1.538242
2.365824
2.925175
2.925175
2.925175
1.963220
2.138723
2.554696
2.554696
1.727316
1.875698
1.033537
1.383609
1.273747
2.200684
2.229238
2.229238
2.229238
1.645029
0.970641
0.970641
0.970641
0.084887
0.116202
0.534263
0.534263
0.582121
0.821658
0.174013
0.536983
1.041637
1.674666
1.697982
1.830528
1.830528
1.867300
2.247931
2.267216
2.267216
1.687187
2.098875
1.725628
1.725628
2.331151
1.528469
1.528469
1.019760
0.328854
0.300336
-0.414984
0.177768
-0.179193
-0.179193
-0.108692
-0.065528
0.238772
-0.441118
0.106238
0.338456
0.220308
0.427020
-0.277482
-1.182154
-0.423574
0.246153
0.183554
0.062665
-0.723653
-0.723653
-0.723653
-0.540085
-0.540085
-1.202315
-1.202315
-1.202315
-1.202315
-1.202315
-1.202315
-1.202315
-1.357034
-2.161154
-2.161154
-1.623520
-1.381806
-1.200786
-1.200786
-1.060655
-0.343204
-0.562524
-0.650312
-0.650312
-0.409437
-1.107350
-0.306781
-1.274044
-1.274044
-1.274044
-1.300637
-0.437957
0.506200
0.550140
-0.319616
0.266830
-0.337361
-0.192466
0.268930
0.914007
0.805376
0.316166
0.603966
-0.245051
-0.388995
-1.099463
-1.544632
-1.544632
-1.053572
-0.771266
-0.164701
-0.164701
-0.775803
-0.288266
-0.827126
-1.162840
-1.229385
-1.229385
-1.288741
-1.288741
-1.610214
-2.372811
-2.686771
-2.267470
-1.574010
-2.368477
-1.932827
-1.472486
-1.472486
-0.581191
-0.547476
-1.227831
-0.869483
-0.869483
-0.428623
-0.516678
-1.172267
-1.231043
-1.217428
-1.217428
-1.217428
-1.217428
-0.912441
-0.912441
-0.843449
-0.666018
-0.958648
-0.365316
-0.365316
-0.050879
0.547161
0.733658
1.299615
1.135964
0.262784
-0.405525
0.343056
0.678516
-0.011275
0.030027
0.292301
0.903129
1.621005
1.799128
1.620547
1.502696
1.426082
1.426082
1.426082
1.393018
0.752394
0.752394
0.752394
0.425298
1.283702
0.874456
0.874456
0.874456
0.964887
0.428149
0.428149
0.822490
0.060955
-0.507373
0.426768
0.426768
0.527574
0.527574
-0.290461
0.485682
1.201170
0.808909
0.808909
0.808909
-0.035647
-0.035647
-0.035647
-0.705783
-1.359115
-0.407194
0.175064
0.072400
-0.665294
0.062676
0.110618
-0.220204
-0.300213
-0.650427
-0.120779
-0.157633
0.799893
0.112409
0.366377
-0.596111
0.323735
0.779219
0.358869
0.358869
0.405388
-0.448088
-0.448088
-0.448088
-0.724959
-0.724959
-0.602207
-0.602207
-1.135012
-0.335677
0.174521
0.724948
0.183707
0.806168
0.084545
0.889751
0.682472
-0.068749
-0.048638
0.226693
-0.188575
-0.023945
-0.023945
-0.709396
-1.591566
-0.601159
-0.887271
-0.887271
-0.919784
-0.919784
-0.132556
-0.132556
-1.079660
-0.499620
-0.154086
-0.347905
0.256904
0.023411
0.048070
-0.080470
0.403828
-0.472573
-1.254403
-1.360814
-1.360814
-1.360814
-1.360814
-1.084367
-1.084367
-0.982051
-0.982051
-0.982051
-1.689312
-1.725406
-0.798078
-0.355517
-0.230338
0.756662
-0.053212
-0.859572
-0.859572
-0.185207
0.247815
0.823632
0.823632
0.823632
0.846241
1.314226
2.270927
2.270927
1.855019
1.088376
1.110680
1.110680
1.110680
1.388432
1.283684
1.283684
1.281928
0.462845
-0.094738
-0.375001
-1.047695
-0.792169
-0.178357
0.250101
-0.684496
-1.550460
-1.214410
-1.214410
-0.492267
0.082240
-0.464298
0.410400
0.410400
0.051574
-0.398741
-0.579664
-0.017952
-0.034187
-0.749179
-0.278272
-0.278272
-0.278272
0.536402
1.356013
1.372346
1.372346
0.599746
0.720987
1.002363
0.827821
0.827821
1.489157
1.489157
0.660864
0.140105
0.644209
-0.258590
-0.258590
-0.744730
-0.091539
-0.105724
-0.105724
0.835294
0.887367
0.039432
0.039432
-0.246098
-0.120929
-0.276230
-0.276230
-0.292168
-0.510978
-0.510978
-1.244739
-1.368492
-0.386366
-0.145094
-0.262465
0.461144
1.085505
1.085505
1.721732
1.174415
1.174415
1.174415
0.699400
0.792288
0.792288
-0.168998
-0.667480
-0.699038
-0.699038
0.193010
-0.376838
0.147482
0.508316
0.435800
0.530434
0.218489
-0.751846
-0.289612
-0.976376
-0.976376
-0.780578
-0.704871
-0.062347
0.194636
0.504618
0.504618
-0.040181
-0.371336
-0.371336
-0.074071
-0.357753
0.569847
-0.058708
-0.700008
-1.009199
-0.483360
-0.703922
-0.072895
-0.878285
-0.384561
0.251127
0.251127
-0.236876
-1.231037
-1.972082
-1.972082
-1.897982
-1.539400
-1.539400
-1.539400
-0.843038
-0.843038
-0.283681
-0.295443
-0.295443
-0.017604
-0.893688
-1.401464
-1.318298
-1.389235
-1.122091
-0.995300
-0.978803
-0.177777
-0.177777
-0.031441
0.440871
0.419665
-0.513500
-0.659173
-0.830351
0.142835
0.142835
0.233527
-0.282678
-1.199442
-2.046647
-1.200341
-0.709086
-0.012843
-0.550507
0.067927
0.961681
1.094920
1.094920
0.595412
0.880250
0.880250
0.999580
0.249849
-0.643481
-0.401964
-0.243011
-1.234157
-0.464106
-0.765089
-0.765089
-0.008821
-0.092153
0.712426
0.476125
0.975198
0.996681
0.996681
1.259034
0.734553
0.734553
-0.186437
0.254851
0.870927
0.231445
-0.229885
-0.342405
-0.668874
0.157727
0.156161
-0.699075
0.176552
0.176552
-0.314881
-0.530536
-0.242680
0.651354
0.312334
0.955524
0.955524
1.411837
1.881241
1.395484
1.395484
0.598388
0.155248
0.155248
-0.583045
-0.790554
-0.790554
-0.790554
-1.678670
-1.678670
-2.659384
-1.661591
-1.661591
-1.661591
-1.324692
-0.679883
-0.353992
-0.945763
-0.898632
-0.898632
-1.225813
-0.692355
-1.058085
-0.128477
0.142295
-0.834538
-0.309423
-0.943308
-1.336869
-1.336869
-0.723355
-0.943833
-0.116992
-0.274067
-0.609798
-0.245557
-0.327468
-1.133798
-1.133798
-1.133798
-0.392353
-1.230835
-1.230835
-0.346275
-0.346275
-1.314609
-1.439972
-1.433310
-1.433310
-1.363018
-1.090361
-0.618348
-0.531913
-0.740379
-0.236889
0.599611
1.570130
0.704720
1.050310
0.932212
1.067056
0.361399
0.361399
0.355036
0.355036
-0.635892
-0.055615
-0.344223
-0.344223
-0.164495
-0.164495
0.571602
0.478570
-0.181568
-0.648021
-0.033898
-0.109915
-1.016007
-0.538205
-0.405192
-0.520688
0.418228
0.792932
0.601240
0.045756
0.724668
0.724668
-0.256944
-0.190629
-1.002841
-1.437059
-1.437059
-2.131577
-1.195287
-0.386953
-1.114415
-0.796259
-0.112497
0.082394
-0.640215
-0.730666
-0.730666
-0.730666
-0.368394
-0.941845
-0.941845
-0.350255
-0.903339
-1.630710
-1.630710
-1.630710
-1.476262
-1.017574
-1.017574
-1.017574
-1.020339
-1.186705
-1.186705
-1.444229
-1.505087
-0.784585
-0.784585
-0.288511
0.185764
-0.064657
0.219739
0.672656
0.672656
1.314053
1.669956
1.466542
1.466542
1.658127
1.343931
1.343931
0.925464
0.925464
0.295008
0.330342
0.330342
0.583408
0.843865
0.987803
1.891077
1.891077
1.891077
1.596188
2.526821
1.705674
1.643626
1.410180
1.410180
0.804473
0.514255
0.102680
0.102680
0.102680
0.927187
0.927187
0.085345
-0.397339
0.577923
0.183446
0.739637
1.602456
1.602456
1.602456
1.005968
0.428790
-0.289700
-0.434929
-0.290884
-0.020796
-0.663949
0.164337
0.833219
0.833219
0.833219
0.633064
0.486895
0.486895
-0.403018
-0.403018
0.028001
-0.597321
-0.465907
-0.465907
-1.138179
-0.781366
-0.669814
-0.211851
-0.730938
-0.443430
-0.000138
-0.000138
-0.123113
-0.123113
0.255262
-0.382908
-0.133567
0.454589
0.903920
0.903920
0.903920
0.574030
-0.304950
-0.388118
-0.319741
-0.983657
-1.308807
-1.004473
-0.417739
0.532438
0.867777
0.832078
1.712748
1.760528
1.760528
1.087820
0.589418
0.178884
0.903168
0.340469
1.048362
0.879974
1.017868
0.882652
0.882652
0.007852
-0.057669
0.064887
0.064887
0.815771
-0.151814
-0.389664
-0.118248
-0.118248
0.679406
0.579248
0.131948
0.131948
0.171344
-0.245428
0.172760
-0.231330
-1.108995
-1.209081
-1.484835
-1.484835
-1.539654
-1.539654
-1.111395
-1.335795
-0.874272
-0.251657
0.670967
-0.205440
-0.622519
-1.242976
-0.869635
-0.869635
-0.119740
0.693132
0.356804
-0.221470
0.154229
-0.810117
-0.408168
-0.408168
-0.408168
-0.427125
-1.206023
-1.027687
-0.860280
-0.727173
-1.075972
-1.062577
-1.062577
-1.372798
-0.531944
-0.009604
0.111008
-0.631596
0.340137
1.310754
1.033873
1.033873
0.081853
0.081853
0.081853
-0.760402
-0.232242
-0.290520
-1.072990
-1.226835
-2.145776
-2.145776
-2.145776
-2.933125
-2.059893
-1.980955
-1.312453
-1.312453
-1.312453
-0.554379
0.336198
0.612777
1.144112
1.144112
0.708065
0.139513
-0.417438
0.155958
0.825104
0.825104
0.973091
0.371284
0.371284
0.701128
0.701128
0.279761
0.399543
-0.282295
0.332772
0.170077
0.448190
0.327863
-0.192321
-0.192321
-1.032343
-0.880178
-0.409000
-1.105140
-1.105140
-1.720411
-1.896268
-1.896268
-1.204588
-1.753784
-1.753784
-1.753784
-1.141459
-1.172604
-1.092838
-1.092838
-0.571612
-0.396364
0.301534
0.301534
0.302942
-0.609343
-0.306167
-0.164959
0.011920
-0.625280
0.198604
-0.541357
-0.353333
-1.193007
-1.193007
-1.102489
-0.856466
-0.956334
-0.624342
-0.624342
-1.040379
-1.070552
-1.070552
-1.070552
-0.377914
-0.584805
-0.584805
-0.349765
-0.101838
-0.397837
-0.449203
-0.812128
-1.534368
-0.543715
-0.255923
-0.943236
-0.943236
-1.371519
-1.371519
-1.371519
-1.189822
-1.189822
-0.672847
