1.000000
1.000000
0.942096
1.167949
0.800565
0.954974
0.954974
0.297294
0.678525
0.274762
-0.201632
-0.731073
-0.934934
-0.996349
-1.052249
-1.353413
-1.353413
-1.181198
-1.709818
-2.064702
-1.933405
-1.264283
-0.587750
-0.587750
0.079839
0.085772
0.085772
-0.147301
-0.019240
-0.156740
-0.156740
0.204458
0.864035
0.580312
1.386484
1.386484
1.386484
1.602891
1.602891
1.078781
1.072840
1.272989
0.980779
0.523457
-0.396991
-0.224954
0.043297
0.662924
1.088222
0.527533
0.527533
-0.055916
-0.417547
-0.266432
0.517536
1.046938
1.954253
1.116376
1.796997
1.207666
0.241786
-0.558152
0.061226
0.017683
-0.875219
-0.959170
-0.959170
-1.200040
-1.200040
-1.094977
-1.225489
-1.242772
-1.247984
-0.509610
-1.455666
-0.494289
-0.494289
-0.134254
-0.108735
0.436608
0.524939
0.561370
0.432259
-0.168804
-0.975724
-0.644490
-0.715802
-1.245028
-1.285622
-1.285622
-1.093443
-0.438207
0.296766
-0.462828
-0.476298
-0.476298
-0.476298
-1.312632
-0.334377
-0.308051
0.330349
0.762381
0.342197
0.251385
0.359555
0.189740
-0.514107
-0.259946
-0.847326
-1.444854
-1.097538
-0.966513
-0.863192
-0.524056
0.200458
-0.053545
0.808777
0.808777
0.808777
0.808777
0.116626
-0.546196
0.037515
0.232282
-0.648716
-0.977741
-0.529456
-0.506358
-0.041569
-0.794741
-0.794741
-0.794741
-0.033909
-0.663667
-1.239312
-1.239312
-1.239312
-0.457691
0.291834
0.056820
-0.450928
-0.337037
0.353297
1.000744
1.277549
0.640939
0.623075
0.127708
1.034685
1.193429
1.796850
1.796850
1.777805
1.777805
1.171534
0.267308
-0.695158
-0.704902
-0.704902
-1.362510
-0.788671
-1.410564
-1.764750
-0.937376
-0.514664
-0.035562
0.599507
0.745270
0.745270
0.033712
-0.461529
-0.917286
-0.917286
-0.917286
-1.239317
-1.239317
-0.469822
-1.106224
-0.499911
0.118669
0.118669
-0.310557
-0.018537
0.414112
-0.440676
-1.200021
-1.351969
-1.351969
-1.351969
-0.809297
-0.508864
-0.455541
-0.720200
-0.303812
-0.698808
0.107554
0.107420
0.107420
-0.692023
-0.563179
-0.563179
-0.563179
0.273684
0.861314
0.648235
0.957292
0.759956
1.586491
1.330759
0.339811
0.477568
0.477568
0.342257
0.342257
-0.540317
-0.447179
0.215878
-0.366805
0.136871
0.136871
0.726741
1.351568
1.862751
1.093385
0.539688
1.518153
0.816672
0.940435
0.213722
0.083673
0.235762
0.839076
0.839076
0.839076
0.370801
0.029116
0.342790
0.133055
0.133055
-0.465024
0.234409
-0.204763
-0.232560
-1.142565
-1.608210
-1.053094
-0.640475
-0.640475
-0.380466
0.377505
0.289597
0.312330
1.157448
1.355173
0.880194
0.469426
-0.073674
-0.918449
-1.171426
-1.171426
-0.981989
-0.981989
-1.381827
-1.866761
-1.104720
-1.009204
-0.190029
-0.389066
0.349627
-0.552585
-0.677528
-0.713916
-0.713916
-0.320031
0.335642
0.335642
0.335642
-0.575806
-0.144418
0.654564
0.654564
-0.314651
-0.314651
-0.479087
0.296971
-0.403846
0.065734
-0.530494
-0.087017
-0.613332
-0.852154
-0.852154
-0.158552
-0.677989
-0.677989
-1.156153
-0.660169
-0.094858
-0.094858
-0.879822
-0.704877
-1.535767
-1.535767
-1.535767
-0.983082
-0.983082
-0.265686
0.213861
-0.121149
0.840316
0.061626
-0.908701
-1.422767
-1.424327
-1.424327
-1.375958
-1.838998
-1.838998
-1.850988
-1.855986
-1.949548
-1.949548
-1.949548
-1.058628
-1.030308
-0.094444
0.832772
0.832772
0.210227
-0.196471
0.406772
-0.527313
0.010346
-0.511440
-0.990269
-1.820098
-1.820098
-0.986256
-1.655156
-1.165539
-1.165539
-0.961701
-0.985781
-0.661618
0.092772
-0.831887
-0.180187
-0.450192
-0.888557
-0.251067
-0.036216
-0.531544
-0.531544
-0.169662
-0.075600
0.242850
1.107447
1.798788
1.798788
0.930158
0.779954
0.675903
-0.167060
0.582614
0.236817
0.005388
-0.126273
-0.530416
-0.231272
-0.381780
-0.774000
-0.018902
-0.424639
0.314321
0.336807
1.229855
1.229855
1.300571
0.835807
0.772134
0.707530
0.662388
0.840043
0.840043
0.291162
-0.452848
-0.452848
0.189957
-0.590068
-0.334564
-1.312162
-1.255119
-0.594903
-0.233223
-0.163300
-0.174472
-0.286499
-0.249587
0.738052
0.394845
0.138219
0.375783
0.434649
0.434649
-0.464419
-0.724555
-0.368703
-0.130377
-0.130377
-0.206167
-0.017955
0.267064
0.267064
-0.536540
-1.218522
-1.593183
-1.593183
-2.179900
-2.437221
-2.437221
-2.721199
-2.697791
-1.881001
-1.589964
-1.248460
-0.905372
-0.628199
0.175882
1.155832
1.155832
1.134847
0.488670
0.636888
-0.223778
0.746677
-0.149725
0.615405
0.619543
0.491672
0.640508
-0.152953
-0.529319
-0.529319
0.468576
0.311518
0.283565
1.127851
0.306936
1.241609
1.241609
1.056829
0.743089
0.717604
0.444618
-0.104168
0.099003
0.099003
-0.581833
0.315629
-0.455403
-1.011982
-0.393872
-0.293258
0.020957
0.621175
0.975673
0.234757
0.181999
0.181999
0.120564
0.120564
-0.537608
-0.083449
-0.558639
-0.489576
-0.776215
-0.197795
-0.051912
-0.928809
-0.928809
-0.699500
-0.699500
-0.699500
-0.663685
-0.019913
-0.759243
-0.143337
-0.035352
-0.361819
-0.654186
-0.654186
-0.654186
0.006528
0.894383
1.242043
1.242043
0.744563
0.132379
-0.283869
-0.690687
-0.180822
-0.795924
-1.061390
-1.046170
-1.144325
-1.475991
-0.649202
-0.493669
0.143086
-0.533975
-0.720364
-0.145733
-0.852280
-0.852280
-0.803836
-0.576689
-0.726463
-1.111544
-0.358800
-0.358800
0.062497
0.062497
0.402026
0.402026
1.120479
1.120479
0.792313
0.221657
0.221657
1.029167
1.163240
0.591954
0.122068
-0.115186
0.454467
0.899297
0.899297
0.675080
0.927369
0.508335
-0.227088
0.159063
-0.298550
-0.818496
0.081121
0.642322
0.792701
0.892035
0.459378
0.635535
0.635535
0.855520
0.272861
0.448410
0.536369
0.719223
0.724123
0.724123
0.724123
1.348362
0.844695
0.844695
0.844695
-0.043015
-0.043015
-0.065970
-0.437514
-0.316537
-0.256872
0.458677
-0.077096
-0.135942
-0.688791
-1.132759
-1.132759
-1.065926
-1.065926
-1.034251
-1.070881
-1.070881
-0.468652
0.207779
0.207779
0.207779
0.318679
0.488310
0.488310
-0.174713
0.719399
0.719399
0.719399
1.099349
0.357660
-0.552880
0.343911
0.813485
0.017504
-0.872832
-1.121510
-1.529247
-1.132635
-1.350038
-0.815219
-1.060096
-1.916201
-0.967186
-0.037933
-0.130606
0.864059
0.278867
0.761433
0.823916
1.670210
2.562284
2.154652
2.154652
2.154652
2.682711
2.682711
2.682711
2.682711
2.682711
2.408117
1.436662
1.436662
0.992302
1.562372
1.763218
0.941916
0.858269
0.858269
0.858269
1.182320
1.668293
1.889586
1.889586
1.065191
1.065191
0.841472
-0.107284
-0.287481
-0.048449
0.712965
1.577914
1.577914
1.457460
0.579579
0.161359
0.408887
-0.374301
-0.342367
-0.079586
0.182641
-0.265343
0.224328
-0.030713
-0.505456
-0.472341
-0.181284
-0.181284
-1.030244
-1.751649
-0.868114
0.008010
0.770331
0.473361
0.634686
1.071422
0.710642
0.961828
1.520987
1.521556
0.717123
0.443781
0.023073
-0.838708
0.118078
-0.303967
-0.652744
-0.522262
-0.359529
-0.359529
-1.151754
-0.528575
-0.068097
-0.989780
-0.200497
-0.502686
-0.053299
0.063085
-0.502023
-1.080504
-1.440345
-1.440345
-0.732279
-0.374788
-0.838548
-1.462030
-1.143184
-0.566676
-0.482190
0.419748
0.882164
1.268664
1.268664
1.508815
1.142689
1.142689
1.142689
0.910437
0.926304
1.354661
0.565669
0.858046
0.014172
1.012695
0.611636
0.035017
-0.028966
-0.028966
-0.471436
-0.325749
-0.325749
-0.869027
-1.292414
-0.318467
-0.899320
-1.078668
-1.263126
-0.679842
-1.184530
-1.191563
-0.294259
-0.294259
0.222217
-0.727541
0.016779
0.587242
0.587242
0.738397
0.740764
0.748625
0.748625
0.851108
0.836742
-0.145070
-0.336153
0.174800
-0.631417
0.043543
-0.908669
-0.288230
-0.738204
-0.971330
-0.212262
0.340344
-0.154790
-0.154790
-0.517313
-0.678691
-0.674378
-1.273686
-1.273686
-1.209102
-0.973181
-0.973181
-0.973181
-0.678028
-0.746169
-0.746169
-0.746169
-1.094863
-1.094863
-1.398062
-0.501122
-0.501122
-0.477346
-0.178923
-0.023626
-0.368830
-1.178133
-0.980774
-0.129581
-0.216739
-0.348371
-0.682960
-1.249400
-1.672838
-0.961563
-0.422401
-0.422401
-1.205321
-0.549077
-0.666374
0.087003
-0.394532
0.188082
-0.020909
0.937959
0.937959
0.454479
0.454479
0.606662
0.522354
-0.092820
-0.309462
0.135960
0.497861
-0.181373
-0.206391
-1.008361
-0.737700
0.017049
-0.311884
-0.633554
-0.633554
-0.346147
-0.346147
0.269769
-0.588260
0.128638
0.192438
-0.672433
-0.595604
-0.386985
-0.401219
-0.177075
-0.319471
0.209063
-0.571609
-0.581305
-0.581305
0.348175
0.348175
0.231457
-0.250118
-0.445855
0.268367
0.000137
0.482513
-0.041620
0.606444
0.296582
0.296582
0.698742
1.134941
1.134941
0.972678
0.582811
0.037157
-0.146292
-0.146292
-0.146292
0.757286
-0.241075
-1.038953
-0.501244
-0.374344
-0.530168
-0.517509
-0.276677
0.102965
-0.729656
-0.334024
-0.049770
-0.819597
0.023587
0.700685
0.012611
-0.415357
-0.415357
-0.203222
-1.029424
-1.883747
-1.883747
-1.883747
-1.883747
-1.923327
-1.923327
-1.923327
-1.923327
-1.848973
-1.507953
-1.507953
-1.749404
-1.333922
-1.333415
-1.629138
-1.629138
-1.990065
-2.016225
-1.669706
-1.669706
-2.265078
-2.096812
-2.029322
-1.995813
-1.748363
-2.204294
-1.541898
-1.541898
-1.541898
-1.058396
-0.751747
-0.751747
-0.751747
-0.864083
-0.476875
0.133895
0.133895
0.133895
-0.217117
-0.699986
0.297359
0.297359
0.297359
0.289052
-0.283674
-1.124061
-0.616369
-0.897219
-0.630627
-0.397826
-0.053672
-0.789803
-0.264717
0.016516
0.234397
-0.273607
0.300009
-0.276892
-0.440602
-0.618409
-0.508729
-0.284575
0.451903
1.097421
0.562887
0.330095
0.386873
0.386873
0.063078
-0.936899
-0.186879
-0.914298
-1.035967
-0.705759
-0.895112
-0.895112
-1.582731
-0.977328
-0.786947
-0.786947
-0.478594
-0.090889
-0.752277
-0.752277
-0.449841
-0.030792
-0.030792
-0.030792
-0.030792
0.203271
0.192048
0.641541
0.487129
0.333770
0.097343
-0.763273
-1.235370
-1.321806
-1.306103
-1.193831
-1.026465
-1.007062
-0.223168
-0.223168
-0.129276
0.518345
-0.252258
-0.518328
-0.764099
-1.019828
-1.045540
-0.734033
-0.541700
-0.683202
-0.609528
-0.606511
0.168114
0.168114
-0.142213
-0.068579
0.578246
0.026840
0.220987
-0.760434
-0.647694
-0.647694
-0.409333
