0.563312
1.232629
0.955219
0.955219
0.851526
-0.063854
0.528182
0.661818
1.329605
0.921987
1.333140
1.333140
1.516889
0.906206
0.287185
0.944954
1.858578
1.282650
1.282650
0.642595
0.457239
-0.177069
-0.533880
0.452230
-0.115228
0.001105
0.001105
-0.095309
-1.016158
-1.121917
-1.548064
-1.618042
-0.829166
-0.302785
-0.302785
-0.481188
-1.028153
-0.293081
-0.797059
0.059656
0.283522
-0.032316
-0.918258
-0.918258
-0.918258
-0.411922
-0.556543
0.196814
0.838565
0.568566
-0.242277
-0.242277
-0.731997
0.169947
1.161045
0.294411
0.240694
0.240694
0.645827
0.645827
0.645827
0.660299
-0.192376
0.500068
0.534984
-0.318161
-0.318161
-0.473389
-0.892641
-0.610356
-1.235861
-1.235861
-0.873019
-0.344723
-0.827663
0.043510
0.043510
0.043510
-0.217665
0.096956
0.336504
-0.639668
-0.557350
-0.557350
-0.215232
-0.904225
-0.904225
-0.904225
-0.904225
-0.904225
-1.171126
-0.469000
0.442594
0.754337
0.850605
1.089149
0.641683
-0.071206
-0.882110
-0.882110
-0.882110
-0.767100
-0.638621
0.344725
0.222427
-0.056098
-0.400430
-0.382451
-1.015579
-1.212867
-1.212867
-0.781958
-0.447725
-0.056399
0.169973
0.169973
0.277668
1.080671
1.042177
1.285485
1.380420
1.380420
0.625883
1.074579
1.074579
0.100066
-0.685680
-0.371154
-0.186288
-0.783546
-1.214197
-1.738427
-1.972732
-1.567129
-0.720827
-0.720827
-0.576377
-0.576377
0.331516
0.492637
1.047013
1.047013
1.829128
2.087185
2.087185
1.960509
2.094964
1.679466
0.858597
0.319859
0.636172
0.265051
0.351148
-0.120262
0.105768
1.033686
0.304637
0.304637
0.330676
-0.342927
-1.311250
-0.487320
-0.904229
-0.904229
-1.330496
-0.806516
-0.279555
0.173237
-0.459030
0.190444
1.096025
1.680140
1.750303
1.619890
2.003740
2.003740
1.604680
0.771507
1.307303
1.402284
1.402284
1.402284
1.751274
1.751274
1.382504
2.209972
2.209972
2.209972
2.097424
2.097424
1.763963
1.624970
1.402292
1.439430
0.715437
1.147608
1.147608
1.139771
1.139771
0.232503
1.120653
1.797470
1.797470
1.446455
0.711178
-0.102455
0.365149
-0.218895
-0.634527
-0.020327
-0.185910
0.177551
0.177551
0.718053
0.325699
1.046219
0.350330
-0.573566
-0.761538
-0.679196
-0.023586
-0.023586
-0.023586
0.530786
1.308299
1.308299
0.458951
1.280235
1.280235
1.035354
0.404094
0.498189
0.498189
0.231823
-0.311513
0.479601
0.632057
-0.160287
-0.645814
-0.120496
0.074757
0.074757
-0.419118
-0.494134
-0.672617
-0.836865
-0.836865
-1.227077
-1.227077
-1.190362
-1.190362
-0.243828
-0.243828
-0.841449
-0.519583
-0.753916
0.239746
-0.559533
-0.502488
-0.559329
-0.559329
-1.214064
-2.072547
-1.996462
-1.462958
-1.462958
-1.462958
-1.462958
-1.099355
-1.153849
-1.149591
-1.374285
-0.531897
-0.531897
-0.776178
-1.027113
-1.150894
-1.061579
-0.065371
-0.862463
-0.862463
-1.565180
-0.755620
-0.755620
-0.755620
-0.986411
-0.585660
0.129302
0.197340
0.656615
1.165661
1.293450
1.293450
0.470434
1.071506
1.071506
0.960701
0.466529
-0.484828
-0.443727
-0.010024
-0.610536
-0.610536
-0.610536
-1.142872
-1.142872
-1.142872
-0.421590
-0.421590
-1.375504
-1.139308
-1.139308
-1.139308
-0.842973
-0.752772
-1.245654
-1.639694
-1.692326
-1.502638
-1.502638
-1.289613
-0.891388
-0.891388
-0.396441
-1.058009
-0.319159
-0.306583
-0.313975
0.277459
0.029144
-0.903951
-0.592653
-0.222992
0.000598
0.000598
0.669206
0.669206
0.004954
0.696997
0.696997
0.156226
-0.141232
0.286228
-0.060751
0.693002
1.054145
0.801408
1.447526
1.170733
1.457998
1.141615
0.755379
0.730373
-0.029318
0.818205
0.263964
0.281837
-0.341809
-0.638499
0.074311
0.069882
0.588659
0.049985
-0.807060
-0.924043
-1.377236
-1.377236
-1.539434
-1.539434
-1.539434
-1.908029
-1.256288
-0.751928
0.237165
0.237165
0.327365
0.024685
0.618111
1.363255
0.883852
0.153376
0.989913
1.894019
2.700412
3.531083
3.400153
3.091827
2.504882
1.988916
1.988916
1.988916
1.230278
1.079301
1.079301
0.776370
1.279488
0.511323
0.452044
1.079759
1.415535
1.415535
0.669897
0.659593
0.659593
-0.114963
0.476188
-0.259737
0.661675
0.611530
0.611530
0.611530
1.475198
1.481346
1.481346
2.300843
1.326580
1.083836
1.502077
0.863281
0.863281
0.793936
1.551209
1.051470
1.555160
1.481666
1.019814
1.019814
0.755907
0.238868
0.238868
-0.632197
-1.052377
-0.202512
-0.286245
0.701647
0.701647
0.701647
0.701647
-0.026943
0.461733
0.006830
0.342989
0.005139
0.005139
-0.377163
0.091056
-0.826513
0.057050
0.242410
0.863828
1.694633
1.678990
1.478420
2.038035
1.361831
1.279454
0.507535
0.507535
-0.372063
-1.042501
-0.605836
-0.242859
-0.242859
-0.242859
0.560044
0.560044
0.110952
0.364668
-0.164322
0.532806
0.545126
1.277029
1.277029
0.277740
0.974094
1.191450
1.400138
1.400138
1.707262
1.929165
1.441322
1.309294
2.208636
1.621765
1.632701
1.123045
1.123045
1.123045
1.456181
1.456181
2.073637
1.234162
1.234162
1.234162
1.234162
0.567390
0.578193
1.233389
1.035142
1.609653
1.609653
1.682737
1.743317
1.873117
1.873117
1.873117
2.045510
2.227561
1.356601
2.085914
1.942256
1.942256
1.942256
1.255868
1.241710
0.943029
1.051889
1.011576
1.519323
1.156520
1.629995
1.082245
0.594183
0.594183
1.060173
1.060173
0.317030
0.212576
-0.051463
0.356789
0.928182
1.438880
1.438880
1.169036
1.169036
0.686216
0.686216
1.393895
1.393895
0.507455
-0.012323
-0.012323
-0.335444
-0.807417
-0.807417
-0.807417
-0.707860
-0.577946
-0.412753
-0.412753
-0.734029
0.223184
-0.037482
-0.558309
-0.558309
-0.558309
-1.193534
-1.404400
-0.826239
-0.826239
-0.855979
-0.961378
-0.961378
-0.548452
-0.874787
-0.583968
0.079492
0.789689
0.904633
0.614480
0.755589
0.137841
0.754358
0.813553
0.695371
0.695371
0.695371
-0.286422
-0.439945
-1.013275
-0.971128
-1.636713
-0.922499
-0.528152
0.441474
0.441474
0.700681
0.232801
0.232801
-0.591716
0.331911
1.025071
1.025071
0.096096
0.004740
0.004740
-0.254362
-0.254362
-0.417777
-0.083951
-0.908739
-1.354289
-1.633593
-0.884331
-0.613022
-1.282400
-1.282400
-0.683505
-0.753029
-1.358429
-1.362838
-1.203046
-1.203046
-1.203046
-1.648253
-1.648253
-1.832597
-0.917510
-0.917510
-1.310455
-0.477158
-0.477158
-0.690573
-0.690573
-0.355974
-0.497975
0.344422
-0.331681
0.219600
0.462226
0.533124
0.630219
-0.167078
-0.886318
-0.442500
-0.442500
-1.238037
-1.238037
-1.238037
-1.238037
-1.238037
-1.238037
-1.973129
-1.973129
-1.239005
-0.707168
-0.707168
-0.225802
-1.034399
-1.034399
-0.116116
0.349246
0.974096
0.028143
0.028143
-0.558543
-1.296098
-1.296098
-0.325820
-0.364526
-0.282859
-0.256777
0.087978
-0.844043
-0.967318
-0.820463
-0.734244
-0.584040
0.166403
-0.437977
-0.430298
0.014687
-0.031788
0.551938
1.105267
1.105267
0.248783
-0.740671
-1.710543
-1.926062
-1.239855
-1.239855
-1.239855
-1.239855
-1.117476
-1.237810
-0.898670
-0.127156
-0.143154
-0.747177
-0.504495
-0.098434
0.060320
0.799374
0.041129
0.041129
-0.104910
0.525343
-0.046468
-0.060976
-0.154412
-0.154412
-0.260082
0.370246
0.179818
-0.317910
-0.247929
0.612025
1.366439
1.366439
1.812404
1.329774
0.450244
0.467231
0.057904
0.572395
0.572395
-0.396450
0.235977
0.235977
0.939376
0.939376
0.092123
0.754349
0.754349
0.050474
-0.278438
-0.278438
0.072559
-0.574917
-0.922210
0.001968
0.128008
0.619627
0.148552
0.525717
0.525717
0.488726
0.207812
0.578398
0.578398
1.103151
1.134285
1.134285
0.728363
1.184343
2.044185
1.783201
1.783201
1.783201
1.090825
0.426685
0.203612
0.728391
0.728391
1.466966
1.260926
1.260926
0.424017
0.363955
-0.531161
-0.531161
-0.843778
-0.214857
-0.648702
-0.648702
-0.648702
0.095020
0.080440
0.177606
-0.779635
-0.917696
-0.281609
-0.819956
-0.122854
0.095251
0.050611
-0.198436
0.138662
-0.365148
0.050342
0.050342
-0.820515
-0.078442
-0.078442
-0.207935
0.511408
0.764879
0.260886
0.648854
0.660936
-0.310364
0.661163
0.661163
0.328685
-0.090905
-0.946987
-1.763220
-0.981209
-0.701514
-0.557647
-0.557647
-1.155261
-0.245758
-0.547229
-0.547229
-0.547229
-0.445285
-0.375236
0.134127
0.578783
0.578783
0.703807
-0.079765
-0.079765
-0.955987
-0.955987
-1.202447
-0.869239
-0.275686
-0.884860
-0.884860
-1.159910
-1.201695
-0.678259
0.231188
0.513724
0.595441
-0.339102
-1.338249
-2.019923
-2.019923
-1.808331
-1.808331
-1.373466
-1.373466
-1.373466
-0.456296
-1.433554
-1.468477
-1.562065
-2.143066
-1.707018
-1.112039
-1.033405
-0.697756
-1.138275
-1.138275
-0.672019
-0.672019
0.142521
-0.708429
-1.508109
-1.508109
-1.176795
-0.644037
0.224225
0.615341
0.003957
0.098863
-0.760393
-0.760393
-0.457639
-0.014628
-0.150932
-0.972059
-1.274246
-0.780420
-0.822803
-1.052615
-1.276106
-0.518565
-0.518565
0.102381
0.102381
0.102381
0.252707
0.252707
-0.257457
-0.160979
-0.160979
-0.232721
-0.277623
-0.277623
-0.432655
-1.073141
-1.551567
-1.718767
-1.917593
-1.917593
-2.808581
-2.295174
-1.355799
-1.142033
-0.619737
-0.446940
-0.097767
0.640524
0.284708
0.154029
0.545444
0.807351
0.807351
0.559973
0.568666
1.181586
0.358498
0.654908
0.654908
0.909464
0.909464
0.192330
0.089608
0.460906
0.460906
-0.061789
-0.061789
-0.110978
0.020222
-0.329883
-0.207442
-1.198632
-0.713984
0.124353
-0.241134
0.102957
-0.487547
-1.322203
-1.019339
-0.379957
-0.379957
-1.218302
-1.471555
-1.471555
-1.249827
-1.177800
-0.994588
-0.994588
-0.340846
0.153067
0.844085
-0.113869
0.145313
0.145313
0.911517
0.600863
-0.221793
-1.083950
-1.013592
-1.200774
-0.871108
0.018710
0.809284
0.809284
0.707943
1.241150
1.731890
1.098916
0.527862
-0.080412
0.714446
1.053079
1.249103
1.657862
1.657862
1.594257
1.035414
2.027583
2.189724
1.867674
0.953892
1.242478
1.242478
0.421057
1.120389
0.475206
0.983074
1.127960
1.403185
1.481197
0.548586
0.537153
0.335107
0.967051
1.689592
0.912256
0.014157
-0.342385
-0.232961
0.407170
1.275922
0.643837
1.178366
1.178366
0.486522
0.095238
-0.757175
-0.757175
-1.091965
-0.119096
