0.804529
0.355260
0.663298
0.815777
0.337958
0.337958
0.337958
0.411466
-0.116116
-0.400982
-0.918652
-0.338657
0.252070
-0.128463
-0.128463
0.343274
0.343274
-0.560173
-0.528736
0.409170
0.648668
1.464103
0.962359
0.822178
-0.033489
-0.276059
-0.496525
-0.112137
0.727473
0.727473
0.727473
0.727473
0.414161
-0.140086
0.261730
-0.641126
0.039720
-0.820137
-0.362317
0.061497
-0.711064
-0.013830
0.842677
0.955642
1.121017
1.213274
1.684955
1.561055
0.781224
0.898316
1.470914
2.095383
1.415678
1.415678
0.567060
0.398900
0.398900
0.629035
-0.065169
-0.541793
0.042921
0.676131
0.691190
-0.197742
-0.132336
0.443840
0.443840
1.090793
0.484397
0.045486
0.187480
-0.077967
-0.077967
-0.359670
-0.143300
-0.143300
-0.143300
0.753323
0.915027
1.711335
0.753785
0.399646
0.683066
-0.286819
-0.813411
-1.015836
-0.041857
0.704049
0.028804
-0.193439
0.296067
0.246876
0.863054
1.430396
1.342781
1.192171
1.514290
1.234098
1.234098
1.495669
1.242706
1.242706
1.242706
1.280447
1.280447
0.953032
0.651674
-0.218579
-0.705045
-0.705045
-0.606257
-1.202677
-0.359720
-0.085850
-0.849979
-0.332852
-0.332852
-0.932475
-0.070500
0.089193
-0.628381
-0.628381
0.046361
-0.815040
-1.681403
-1.063565
-1.063565
-1.337721
-1.337721
-1.337721
-1.025358
-0.704211
-0.489338
-0.132999
-0.955522
-0.955522
-0.955522
-0.955522
-0.544837
0.308935
0.717178
1.378919
1.595712
1.024991
1.024991
0.395537
-0.220867
0.076543
-0.509504
-0.774537
-0.184118
-0.184118
-0.415228
-0.485969
-0.234896
-0.633114
-0.724456
0.020188
0.538782
-0.172931
-0.172931
-0.556931
-0.735003
0.252743
-0.249205
-0.527448
-0.435400
0.503465
0.447292
0.357030
1.126541
0.625037
-0.197264
0.441938
0.057007
0.057007
0.057007
0.510595
-0.439832
0.274997
0.710367
0.148760
0.379868
-0.335201
-0.805262
-1.750627
-1.750627
-1.705455
-1.705455
-1.154245
-0.260153
0.193116
1.041171
1.519168
1.605007
1.605007
0.703263
0.291702
-0.135151
0.356534
1.207120
1.207120
0.950187
0.552196
0.573048
-0.224177
-0.224177
-1.008429
-0.391083
-0.736788
-0.496864
-0.496864
0.355923
0.658995
-0.151609
-0.151609
0.729927
0.561161
1.078984
0.762263
0.942885
0.797170
0.234835
-0.510461
0.182674
-0.239411
-0.669609
-0.669609
-1.060983
-0.098880
0.043662
-0.630498
-0.297321
-0.925018
-1.517765
-1.384714
-0.486973
-0.305300
-0.305300
-1.291564
-0.491873
-0.766675
-1.399387
-0.639114
-1.298983
-0.804716
-0.533501
-0.533501
-0.309237
0.406982
0.119198
-0.139375
0.117231
0.117231
-0.200097
-0.200097
0.030831
-0.652359
-0.313303
-0.387735
0.083234
0.892294
0.892294
0.892294
0.932880
1.203823
1.203823
0.443809
-0.128319
0.421338
-0.502792
-0.444752
-1.380691
-1.509498
-1.509498
-1.212851
-0.633102
-0.633102
-0.115765
-0.305323
-0.671276
-0.715746
-0.820697
-0.820697
-1.146023
-1.727355
-1.026505
-0.540134
-0.540134
-0.673494
-0.878674
-0.594688
-0.796876
-1.098754
-0.933472
0.032624
-0.822875
-0.443852
-1.429062
-1.429062
-1.947703
-1.080855
-1.080855
-0.769510
-0.518024
-1.292853
-1.312186
-1.564013
-1.939462
-2.287776
-2.287776
-2.677156
-2.677156
-2.677156
-2.699329
-2.699329
-2.699329
-2.699329
-2.595089
-2.055203
-2.527408
-2.648801
-2.573733
-2.573733
-2.573733
-2.573733
-2.483357
-2.213848
-1.224814
-0.303130
-1.204713
-1.204713
-1.204713
-1.723457
-1.025416
-0.773474
-0.094074
-0.094074
0.258959
-0.587718
-1.486078
-1.269171
-0.270520
0.123360
-0.116717
-0.116717
-0.071064
-0.150035
0.219901
0.965298
0.255690
0.827602
0.827602
0.513885
-0.063837
-0.618340
-0.599003
0.222694
-0.451274
-0.451274
-1.118747
-0.505136
-0.355584
-0.355584
0.617087
-0.335645
0.133990
0.129808
0.769795
0.769795
-0.051590
-0.051590
-0.131439
-0.131439
0.652628
1.150595
0.959502
1.439397
0.992494
0.953504
0.457503
0.740339
0.740339
1.391139
0.843082
1.216476
0.563025
0.143057
-0.053528
0.293210
0.419504
-0.487653
0.319168
0.383386
1.027244
0.441604
0.924094
1.769780
1.474457
1.108647
1.448456
2.329233
1.687920
1.175970
1.175970
1.461746
1.387611
0.779605
0.547585
0.547585
0.505677
0.769647
1.472792
1.161020
1.161020
1.161020
1.608905
1.157215
0.556766
0.867022
0.263191
-0.117961
-0.982623
-0.982623
-0.982623
-0.982623
-1.942987
-1.942987
-1.754465
-2.200145
-1.221734
-0.331850
-0.800506
-1.525140
-1.065063
-0.788348
0.015946
-0.112558
-0.112558
-0.112558
-0.112558
0.612146
0.276371
0.815383
1.087314
1.087314
1.620995
1.620995
1.259420
0.682190
0.682190
0.682190
0.658102
1.455820
1.625280
1.236469
2.090241
2.090241
1.253639
0.410023
0.873480
0.052867
-0.503677
-0.503677
-0.871297
-0.087667
-0.480937
0.166784
0.060497
-0.682744
-1.398415
-0.804646
0.187502
0.187502
-0.454097
-0.408360
-0.140390
0.154912
-0.774043
-0.399257
-0.363543
-1.184411
-1.010321
-0.331237
-1.228532
-1.228532
-0.463925
-0.165377
0.118831
-0.580797
-0.326287
-0.456379
-0.344523
-0.077756
0.355736
0.997242
0.916705
0.503228
0.503228
0.503228
-0.339378
-0.339378
-0.339378
-0.823512
-0.140560
0.401812
0.411716
0.232528
-0.108866
-0.451395
0.391724
-0.215881
0.120686
-0.057078
0.627861
1.415332
1.551597
0.596121
1.308915
0.769547
0.603698
0.988995
0.988995
0.988995
0.988995
0.610802
0.610802
0.093476
-0.493023
-1.433511
-0.531003
-0.361393
0.142632
-0.083854
-0.207738
-0.048605
0.515684
0.174645
-0.786306
0.073502
-0.849593
0.007680
-0.713663
-0.065123
-0.186266
-0.707981
-0.179605
0.343679
1.218881
1.218881
1.971389
2.220163
1.401021
0.456354
-0.350918
-0.213299
0.524230
0.524230
0.960955
1.148137
1.148137
0.869470
1.421240
0.707346
1.071540
0.534395
0.030042
-0.392475
-0.392475
-0.063143
0.423578
1.258549
0.279466
0.279466
0.385107
0.672947
0.546131
0.027023
-0.360516
0.491077
-0.042334
-0.042334
0.861796
-0.074371
-0.181319
0.310145
-0.221358
0.560659
-0.405674
-0.466389
-0.408283
-0.191702
0.275367
-0.124853
0.328590
0.357332
-0.011535
-0.173816
0.397700
0.689679
0.345157
0.328868
0.803086
0.075034
-0.439876
-0.899712
-0.567635
0.072227
0.072227
0.295368
-0.678964
-0.678964
-0.801852
-1.694007
-0.938746
-0.582494
0.407140
0.407140
0.537932
0.537932
0.537932
0.537932
0.554592
0.368634
0.368634
-0.539066
0.204337
0.891268
0.101839
1.066670
0.971997
0.971997
1.433186
1.433186
0.771911
0.306883
0.956812
1.459578
0.642136
0.642136
0.315660
1.161251
0.828322
0.582962
-0.328701
-0.289609
-0.738848
-0.503034
-0.713041
-0.713041
-0.713041
-0.713041
-0.823883
-0.823883
-0.138585
-0.805683
-0.289381
0.457466
0.457466
0.507455
0.507455
0.653501
1.443492
1.443492
0.694157
0.694157
0.966768
0.966768
0.409782
0.923711
0.250401
0.003103
-0.885131
-0.885131
-1.015240
-0.812056
-0.812056
-0.748907
-0.748907
-0.748907
-0.403047
-0.539731
-0.362835
-0.362835
-1.066111
-0.309350
0.557200
0.311465
0.311465
0.706150
0.757993
-0.154400
0.011115
0.425202
-0.278174
-0.083960
0.468233
0.392523
-0.362746
0.572894
0.572894
0.498984
0.852410
0.807379
0.665080
-0.272827
-0.657597
0.055278
0.686354
-0.106211
-0.146707
0.682328
0.927807
0.571759
0.142226
0.142226
0.266583
-0.422269
-0.178925
-0.174026
0.269368
-0.414868
0.493125
-0.232728
-0.232728
0.745409
-0.056712
-0.768254
-0.768254
-0.768254
-0.838812
-0.885161
-0.766751
-1.317882
-2.141997
-2.141997
-1.507357
-2.119759
-2.119759
-2.119759
-2.867955
-2.867955
-2.038729
-2.323731
-1.944163
-0.951826
-0.951826
-0.936472
-0.936472
-0.495636
-0.495636
0.016332
0.557598
0.079342
0.381426
0.225522
0.907013
1.380093
1.086969
0.963434
0.791931
1.353315
0.962726
0.873315
0.773187
1.549252
0.914136
1.182016
0.414542
0.897205
1.701217
0.913157
0.455922
-0.052328
-0.060098
0.789613
1.675742
1.675742
1.311251
1.311251
1.311251
1.388944
1.388944
0.844757
1.718521
1.718521
0.934747
0.289865
-0.520358
-0.569124
-0.569124
-1.288945
-1.288945
-1.288945
-1.288945
-1.288945
-0.446066
-0.446066
-1.243037
-1.243037
-0.811632
-0.811632
0.008418
0.492771
0.410774
0.327110
0.506798
0.241128
0.235260
0.878798
0.360679
0.255379
0.703505
1.077236
0.430092
-0.509997
-0.312249
-0.700798
-0.801814
-0.801814
-0.801814
-0.098671
-0.202920
-0.202920
-0.202920
-0.176427
0.337520
0.736981
1.135122
0.930952
0.051751
0.269031
-0.589821
-1.205331
-1.330496
-0.805813
-0.093044
0.818423
0.731527
0.292434
-0.353656
-0.353656
-0.230896
-0.585195
-0.352117
-0.352117
-0.285788
-0.444663
-1.147719
-1.147719
-1.147719
-0.836202
-0.450216
-0.450216
-0.234523
-0.234523
-0.729770
-0.729770
-0.367029
-0.269099
-0.686912
-0.081615
-0.364614
-1.047091
-0.583342
-0.649466
-0.675847
-0.675847
-0.106578
-0.208672
0.729481
-0.174052
-0.174052
-0.620379
-0.372018
0.558249
1.223754
0.542511
0.542511
0.250976
-0.563603
-0.803791
-0.803791
-0.803791
-1.269082
-0.759222
-0.759222
-1.165589
-0.712978
-1.478521
-1.478521
-1.328436
-0.615466
-0.615466
-0.802650
-0.802650
-0.802650
-1.280722
-1.280722
-1.090867
-0.962622
-0.962622
-0.445515
-0.239356
0.400902
-0.029450
0.427925
0.157293
0.028185
-0.890830
-1.511898
-1.014670
-1.266447
-1.068306
-1.068306
-1.125551
-1.080936
-0.245945
-0.721927
0.163809
0.163809
0.163809
-0.243407
-0.198979
-0.099172
0.346340
1.073395
1.205277
0.209194
0.453474
0.332911
0.332911
0.722651
1.210060
0.544648
0.393931
0.184895
0.110443
0.110443
-0.061910
-0.445606
-0.445606
-0.445606
-0.366346
0.633496
0.559164
0.962431
0.696711
0.696711
0.699135
0.699135
0.418177
-0.341649
-1.178715
-1.219187
-1.132590
-0.156094
-0.741795
0.116287
-0.459143
-0.423538
-0.423538
-0.449700
-0.074394
0.314483
-0.450521
-0.209953
-0.557815
-1.471387
-1.471387
-1.575014
-1.232364
-0.523923
0.154556
0.058153
-0.221514
-0.110302
-0.213555
0.085131
0.085131
0.739765
0.221105
0.259419
0.721989
0.721989
1.160750
1.153406
0.267444
0.105280
0.030919
0.119461
0.195192
0.210138
0.498816
0.585840
0.769455
1.436859
1.108583
1.373961
2.202368
