0.399265
0.997233
0.997233
0.508881
0.508881
0.223414
0.279921
0.279921
-0.024838
-0.433980
-0.778164
-0.951675
-1.126089
-1.052633
-0.383526
-0.383526
-1.261901
-1.278956
-0.930544
-0.930544
-0.572579
-0.674495
-0.674495
-0.693153
0.075238
0.075238
0.075238
0.075238
0.075238
0.108179
0.108179
-0.343391
-0.373211
0.574122
0.949413
0.648238
0.272227
-0.673263
-0.673263
-1.111298
-0.312588
-0.257678
0.474320
1.247035
1.937409
1.937409
2.100395
1.630929
0.908706
1.524722
1.100800
2.064629
3.053326
2.831723
2.831723
2.299850
2.299850
1.768637
1.768637
1.768637
2.204235
2.204235
1.892754
2.123015
1.274168
1.449315
1.449315
1.048419
1.316367
0.476692
0.078787
0.078787
-0.867990
-0.974298
-0.974298
-1.177073
-0.376137
-0.105067
0.184194
0.244802
0.256069
0.256069
0.672112
0.672112
1.456887
1.645843
1.645843
2.641802
2.641802
1.957589
2.430076
1.879412
1.802020
1.280713
0.720140
1.627204
1.627204
1.627204
0.962823
1.127339
1.564539
1.661115
1.067435
1.150707
0.727087
1.673089
1.673089
1.637671
0.920568
0.406162
1.306489
1.306489
0.647715
-0.001566
-0.001566
-0.466115
-1.121228
-1.105455
-0.513280
-0.513280
-0.697541
-0.249173
-0.228878
0.694629
0.831431
0.813659
1.672793
1.672793
1.604308
0.818834
0.818834
0.528534
-0.451777
-1.446406
-0.667005
-0.667005
0.224769
0.423091
-0.080952
-0.602984
-0.601559
-0.753372
-0.753372
0.245294
0.352035
0.601224
0.402299
0.402299
0.660432
0.670873
0.339900
0.119201
0.259705
0.259705
-0.573097
0.105442
0.528304
1.155130
1.155130
0.899100
0.976598
0.460002
0.773630
0.160135
0.058831
-0.436359
-0.810050
-0.627979
0.352160
0.352160
0.918109
0.361007
0.191762
0.191762
0.861099
0.468940
0.983432
0.112340
0.578735
0.025058
0.599854
0.497133
0.145764
-0.285749
-0.521632
-0.486466
-0.486466
-0.486466
-0.235315
-0.930379
-0.481169
-0.951001
-0.581937
0.191718
0.750285
1.516814
0.877527
0.877527
1.351941
1.652625
1.459846
0.671326
-0.165609
-0.165609
-1.003959
-1.003959
-0.993922
-1.322877
-1.556227
-1.749240
-1.603477
-1.461575
-2.268797
-2.182228
-1.392260
-0.906356
-0.407455
-0.989998
-0.989998
-0.989998
-0.886941
-0.106047
-0.197248
0.330212
-0.202348
-0.664644
-0.664644
-0.724516
-0.559749
0.249198
0.359588
-0.264525
0.345122
0.345122
0.594496
0.594496
0.567236
-0.408927
-0.708927
-1.067392
-1.669207
-2.006616
-2.006616
-1.974023
-1.075078
-0.305187
0.284654
0.125921
-0.775371
-1.206293
-1.206293
-1.206293
-2.167612
-2.129710
-2.129710
-1.225901
-1.070559
-0.971751
-1.019207
-0.821403
-1.000179
-0.035646
0.554227
1.158683
1.158683
1.158683
0.634946
0.049079
-0.240352
0.165067
-0.211842
-0.229408
-0.229408
0.492273
-0.219445
0.500148
-0.090449
-0.180398
-0.512883
-0.144504
0.482774
0.654411
0.053444
0.962682
0.384530
0.384530
-0.062895
0.039525
-0.477475
-0.527717
0.215969
-0.751268
-0.751268
-0.932548
-1.595186
-2.208429
-1.872485
-1.121762
-0.974168
-0.062028
-0.127404
0.269937
0.487119
0.003592
-0.852222
-0.143920
-0.125795
0.422388
0.365991
1.159184
0.815325
1.193278
1.288544
0.424241
0.208509
-0.128075
-0.781651
0.100044
-0.789227
-1.438971
-1.056115
-1.123860
-0.322162
-0.089260
0.031386
0.053353
0.053353
0.075650
-0.185474
0.160674
-0.573704
-0.061430
-0.487129
-1.210904
-0.382006
-0.382006
-0.382006
-1.270229
-0.694563
-0.570530
-1.211253
-0.356736
0.086655
-0.684589
-0.303033
0.630031
0.738833
1.042275
1.042275
0.389861
0.674837
0.108495
0.108495
0.423568
0.423568
0.001752
-0.937374
-0.353371
-0.353371
-0.165090
-1.049243
-1.049243
-0.160176
-0.466832
0.214726
-0.369066
-1.288617
-1.911143
-1.304961
-1.304961
-1.118170
-1.118170
-0.346241
-1.034805
-1.412087
-1.618705
-1.538195
-1.892138
-1.088582
-0.441422
0.498578
0.758688
1.109496
0.838324
0.838324
0.395357
1.105049
1.105049
0.477514
0.582191
0.311831
1.242852
1.358828
0.840912
0.102828
0.632484
1.117277
1.117277
1.117277
1.157124
1.049920
0.525850
0.595719
-0.131955
-0.858588
-0.118335
-0.653760
-0.161030
0.579859
0.437428
0.382932
0.306484
0.264184
-0.377132
-0.794549
0.018858
0.982626
0.206074
-0.355533
-0.687060
-1.065866
-1.065866
-0.758774
0.011914
-0.398128
-0.442522
0.444969
0.395076
0.006865
0.894957
0.133094
-0.232682
-0.232682
-0.696671
0.289264
0.289264
0.544495
0.539295
1.225660
0.272112
-0.457588
-0.464308
0.275217
-0.225269
0.280477
0.194355
0.194355
0.194355
-0.003733
-0.935782
-0.714299
-1.581129
-1.399341
-1.399341
-0.685282
-1.427517
-0.649207
-0.050607
-0.453963
0.011108
-0.963541
-1.181913
-0.446114
0.497952
1.434434
0.797791
1.182260
0.377718
1.041000
0.333309
0.069645
0.696181
-0.151555
-0.151555
0.245801
-0.042654
0.297906
-0.010202
-0.320201
0.436834
0.395552
0.174578
0.791526
1.581034
1.663371
2.628519
2.504708
1.770699
1.770699
1.800529
1.533452
1.085548
1.352290
1.352290
1.697586
1.887127
1.417755
1.379529
0.427754
0.012657
-0.082642
0.436078
-0.081224
-0.149906
-0.149906
-0.451735
-0.469441
-0.493118
-0.493118
-1.359559
-0.362299
-0.363054
0.390480
-0.066897
0.134494
0.719444
0.427721
0.427721
1.076467
1.219468
1.219468
0.550164
-0.206300
-1.016717
-0.029898
0.593449
0.293369
0.293369
0.955930
0.343961
-0.335733
0.172865
0.172865
-0.303148
-0.780439
-0.780439
-0.780439
-0.368191
-0.604191
-0.149373
-0.113791
-0.533175
0.103105
1.027242
1.027242
0.922120
0.870712
0.596686
0.846067
0.324629
-0.582619
-0.974495
-0.190202
0.659764
0.659764
0.410076
0.120964
0.588239
0.588239
0.038066
0.403136
0.041716
0.589602
0.945663
0.945663
0.945663
0.722145
0.035462
-0.577827
-0.577827
-0.732157
-0.709339
-0.435759
0.414315
0.765491
0.457879
0.736996
0.607094
1.282635
1.200735
0.290232
0.035105
-0.199833
0.033835
-0.510686
-0.408955
-0.408955
0.102152
0.102152
0.014099
-0.808069
-0.066673
-0.436053
-0.972358
-1.281372
-1.281372
-0.612160
0.367766
-0.350985
-0.350985
0.098509
-0.253830
0.643957
-0.004193
-0.419316
-1.328834
-0.730873
-0.730873
-0.900827
-0.341995
-0.948795
-0.137589
-0.081434
0.203104
-0.387470
-0.095522
-0.095522
0.845401
1.355132
1.355132
1.355132
0.971264
0.706365
0.637482
0.638410
0.187336
0.150536
0.304865
0.259360
0.776156
0.776156
-0.202640
0.656263
-0.252667
-1.050426
-0.268902
-0.424678
-0.491123
0.461707
-0.426067
-0.204055
0.020798
0.131090
0.831886
0.885999
0.885999
0.339937
0.339937
-0.480195
-0.607323
-0.627323
-0.627323
0.187880
-0.522416
-1.427312
-0.993369
-1.075392
-1.334608
-0.484410
-1.428108
-1.659658
-0.934869
0.002014
0.002014
0.002014
0.828942
0.980425
0.100387
0.100387
0.100387
0.644993
0.257840
0.257840
-0.213647
-0.968593
-0.438307
-0.831506
-0.097623
-0.520583
0.334482
0.996361
0.996361
1.902364
2.077297
1.784083
1.148941
1.779346
0.980466
0.689043
0.689043
1.685269
1.516222
0.685039
0.979777
0.368385
-0.442499
0.385034
0.191816
0.445867
-0.025097
0.051061
0.834013
0.552139
0.552139
0.034397
0.010279
0.432447
0.601333
0.601333
0.038921
0.038921
0.038921
0.038921
0.669144
0.669144
0.709386
0.395980
0.997946
1.151101
1.151101
0.411385
0.969085
0.420995
-0.135825
0.845073
1.155183
1.155183
0.973435
0.973435
0.738555
0.738555
0.738555
-0.111842
-0.111842
-0.938051
-1.151793
-1.613396
-1.757381
-1.435222
-1.435222
-1.435222
-0.851175
-1.570897
-1.304533
-0.641171
-0.566993
-1.297165
-1.878863
-1.878863
-1.385552
-1.385552
-1.385552
-0.679966
-0.020199
0.540267
0.540267
-0.036045
-0.951198
-1.949388
-1.693595
-0.817618
-0.817618
-0.817618
-1.231003
-0.464161
-0.124493
0.543949
0.247553
0.247553
-0.491084
-0.491084
-0.491084
0.442847
0.225610
0.225610
-0.069415
0.255588
0.278421
0.587245
0.587245
-0.115667
-0.421405
-0.360239
0.241904
1.127727
0.735046
0.735046
0.735046
0.420308
0.843713
0.843713
1.602637
1.253948
1.253948
0.781032
0.134417
-0.586606
-0.639578
0.125873
-0.317912
0.167075
0.167075
0.042741
0.042741
-0.325370
0.343791
0.625673
0.625673
0.132032
0.041904
-0.601658
-0.601658
-1.089931
-1.089931
-1.532730
-1.131146
-1.131146
-0.584847
0.377322
0.110563
-0.722080
-0.722080
-0.551065
0.009470
-0.608696
0.037290
-0.274327
0.385516
0.110370
0.492089
0.492089
0.492089
0.224063
0.378716
0.224257
-0.212145
0.521320
0.521320
0.521320
0.943511
0.943511
0.097849
-0.763822
-1.124997
-1.124997
-1.124997
-0.226336
-0.356496
-0.876850
-0.890154
-0.890154
-1.190803
-0.837967
-1.413806
-1.413806
-1.413806
-1.724422
-1.141281
-1.271558
-0.807755
-1.424423
-1.424423
-0.791896
-0.547976
-0.547976
0.329899
0.329899
0.536197
0.011803
-0.661174
-0.561279
0.391409
0.763754
0.763754
0.188835
-0.726358
-0.700582
-1.133159
-1.133159
-0.433753
-0.500805
-1.442589
-1.183225
-1.183225
-0.315607
0.069508
0.069508
0.749458
-0.060256
0.610562
0.370874
-0.139370
0.578206
-0.189007
-0.354890
-0.789622
0.173395
0.173395
-0.446079
0.226376
0.605237
0.246735
0.539265
0.539265
0.539265
0.890937
0.676243
0.214799
0.214799
-0.614183
-0.614183
-0.614183
-0.614183
-0.434224
-0.682456
-0.007173
-0.414221
-0.232934
-0.478045
-0.876183
-1.326375
-1.326375
-1.326375
-1.811895
-1.811895
-1.554114
-1.554114
-0.784935
-0.752598
-0.034465
-0.279108
0.026662
-0.262777
-0.731800
-1.672893
-1.408728
-2.300308
-2.295712
-1.976957
-1.976957
-1.976957
-1.537356
-1.537356
-1.537356
-1.537356
-1.015474
-1.015474
-1.015474
-1.015474
-0.904248
-0.904248
-0.573003
-1.301527
-1.301527
-1.301527
-0.706553
-0.404009
0.498706
-0.193988
0.356414
-0.495366
-0.495366
0.046620
-0.403837
0.154359
-0.098211
0.443336
-0.390449
0.470903
-0.031973
0.703024
1.206603
1.392237
1.678988
1.893725
1.893725
1.759873
1.370048
1.370048
1.370048
1.370048
1.554381
0.987703
0.987703
0.097496
0.097496
-0.614817
-1.348453
-0.679827
0.242068
-0.433998
0.446479
0.921346
0.004864
0.176555
1.083065
0.390512
-0.131810
-0.472434
-0.189707
