0.181472
1.122959
1.195346
1.401118
2.207525
1.591635
1.139426
1.139426
0.946907
0.946907
0.535254
0.855669
1.108778
1.108778
0.545322
-0.089388
-0.089388
-0.952264
-0.985982
-1.694079
-1.694079
-0.813950
-0.813950
-1.592965
-2.564523
-2.535994
-1.554039
-1.099392
-0.730654
-0.730654
-0.096860
0.441081
-0.385939
0.341091
0.784023
1.194656
0.584455
-0.142292
0.634160
0.634160
0.670635
0.670635
1.140884
0.890675
0.030837
-0.644917
0.273349
0.290336
0.853524
0.853524
1.123882
1.515366
1.515366
1.543109
1.452123
1.452123
2.420485
2.420485
2.420485
2.420485
2.311638
2.214315
1.654126
1.722466
1.722466
1.722466
2.695459
2.695459
3.010051
2.359595
1.872403
1.769264
1.105099
1.105099
1.105099
0.523555
0.015153
-0.148513
0.606410
0.707442
0.707442
0.855536
1.510358
0.563231
-0.117096
-0.236623
-0.695054
-0.078615
-0.385109
-0.385109
-0.270165
0.249603
1.071882
0.804310
1.600711
1.554563
1.174485
1.174485
0.650946
0.728617
1.371892
0.785061
0.002931
0.002931
0.812825
0.812825
0.362686
0.271780
0.045698
0.910323
1.633325
1.735628
1.412055
2.312116
1.334993
1.169249
1.169249
0.328770
0.328770
0.001823
0.001823
-0.240309
-1.011580
-0.692341
-0.692341
-0.692341
-1.311969
-0.920556
-0.295323
-1.257921
-1.171242
-1.171242
-0.388270
0.382499
0.417672
0.532327
0.532327
0.465416
0.707547
0.275647
0.545372
1.503486
1.675984
1.269777
1.269777
1.098950
0.317226
0.945753
0.945753
0.652150
0.407757
0.660432
0.568642
0.138337
0.706811
0.135643
0.135643
-0.397830
0.279596
0.279596
0.004322
-0.932460
-0.785899
-0.170492
0.111989
0.356366
0.356366
-0.378525
-0.598680
0.089039
-0.854976
-0.925208
-0.878397
-0.548801
-0.622683
0.077995
-0.644173
-0.644173
-0.195026
0.803966
0.089616
0.263578
0.293241
0.868365
1.043149
1.085072
0.644149
0.840873
0.919604
-0.017246
-0.762338
-0.958625
-0.096759
0.069855
0.069855
0.440314
1.000552
1.000552
1.000552
1.016647
0.255754
0.280174
0.000902
-0.237735
0.132117
0.677025
0.429027
1.006620
1.160858
0.787402
0.787402
-0.028470
0.121049
0.976141
1.314324
0.480226
-0.492918
-0.492918
-0.133246
-0.269705
-0.269705
0.502027
0.974929
1.262982
1.262982
1.843412
2.515701
1.952456
1.952456
1.562235
2.052363
3.044272
3.026782
3.026782
2.289590
2.369309
1.865135
1.865135
1.862246
1.862246
1.436709
1.697408
2.091487
1.095595
1.228624
2.191755
2.191755
2.191755
1.945881
1.145862
0.462614
0.666304
0.635097
0.310948
0.514023
0.879972
0.879972
1.734095
1.716234
1.875430
1.199926
1.199926
0.983211
0.656314
-0.168928
-0.715343
-0.070831
-0.070831
-0.070831
-0.640125
-1.154567
-0.401896
-1.203980
-1.203980
-1.720798
-1.681757
-1.737680
-1.737680
-1.505284
-1.505284
-1.505284
-1.484711
-0.952511
-0.952511
-1.873849
-1.873849
-1.858528
-1.023573
-1.520640
-1.507686
-1.507686
-1.729417
-1.823886
-1.879451
-0.972518
-1.232294
-0.447051
-1.044652
-0.705352
-0.836820
-1.046461
-0.134738
0.752265
1.604612
0.627182
1.574856
1.119371
1.119371
0.990752
0.990752
0.990752
0.106267
0.474417
0.953479
0.027883
-0.147342
0.581706
1.342786
1.342786
1.342786
1.353141
2.109095
1.324507
1.324507
1.324507
1.324507
1.491547
0.605756
0.003993
-0.183044
-0.183044
0.299618
-0.605335
0.224528
0.100440
0.100440
-0.659274
-0.659274
-1.205157
-1.025417
-0.629310
-0.219968
-0.427371
0.319819
0.680811
-0.089278
-0.089278
0.844285
1.274790
0.861011
0.322527
-0.571606
0.166606
0.408022
1.134861
0.721448
0.044067
0.044067
-0.473631
0.376961
0.182500
-0.432884
-0.432884
-0.479596
0.050246
0.861767
0.861767
1.287185
2.086920
1.354281
2.048464
2.048464
1.746420
1.094987
1.094987
1.671642
1.671642
1.583511
1.521168
0.670580
0.670580
0.375431
0.021981
0.827706
-0.104190
0.785528
1.030631
0.861260
0.191440
0.579270
0.379462
-0.343449
-0.803021
-1.148522
-0.436930
0.359209
0.369496
0.369496
0.838910
0.735827
0.735827
0.417867
0.108032
0.480481
0.634261
0.634261
0.123576
0.123576
0.123576
-0.240035
-0.005825
0.053020
-0.013850
0.736414
-0.183027
-1.098835
-0.724327
0.129407
1.023295
0.361310
0.361310
-0.581280
-0.192733
-0.907004
-0.887419
-1.579560
-0.842509
-0.585264
-0.585264
-0.596051
-0.596051
-1.240911
-0.862814
-0.862814
-0.674541
0.088555
-0.632196
-0.632196
-0.264112
-0.312931
0.086647
0.397805
1.341876
0.707385
0.102438
0.649719
0.649719
0.813379
0.813379
0.568563
0.568563
0.528091
-0.056505
0.664409
0.445913
-0.244902
-0.279073
-1.040790
-1.071200
-1.019628
-1.285992
-1.507434
-2.023912
-2.101395
-1.276776
-1.276776
-1.106379
-0.242486
0.006411
-0.486828
-0.486828
0.016680
0.481103
0.481103
1.465195
0.879040
0.879040
0.438203
-0.384385
-0.016365
-0.603841
0.088206
0.481632
-0.305214
-0.305214
-0.064950
0.341020
0.138605
-0.284127
-0.284127
0.181511
0.274701
0.341840
0.341840
0.341840
-0.002541
0.926459
0.231384
0.032866
-0.700040
0.192845
0.296077
0.159629
0.325152
-0.436614
-1.222399
-0.929648
-0.858308
-0.742391
0.008474
0.744821
0.744821
0.324113
0.391098
0.979061
0.979061
1.514287
1.866740
2.566868
3.054226
3.054226
2.847900
2.854966
2.030467
1.726722
1.004523
0.615608
0.615608
0.551098
-0.030538
0.089482
0.089482
-0.189862
0.073954
0.042428
0.808609
0.808609
0.174976
-0.564829
-0.564829
-0.871161
-0.312828
0.142690
0.142690
0.507007
-0.214704
-0.563757
-0.209727
-0.419545
-0.798449
-0.137914
0.075538
0.915646
1.818330
1.407944
0.783877
0.266119
-0.046831
-0.046831
-0.046831
0.153674
0.153674
-0.512864
-1.315628
-1.315628
-0.332615
-0.178401
-0.178401
-0.789676
-0.394516
0.023847
-0.114051
0.537735
-0.355039
0.634339
0.313496
0.313496
0.334893
-0.544676
-1.073270
-0.886715
-0.795759
-0.916193
-0.899104
-0.807889
-0.236353
-0.102871
0.675498
0.675498
0.055167
0.116190
0.116190
0.116190
0.237355
0.237355
0.122175
0.498797
0.860226
0.055658
0.130946
1.129063
0.694243
0.803143
-0.150952
-0.544231
-0.381198
-1.296590
-0.514998
0.136431
0.752017
0.982738
0.942418
0.991904
0.991904
0.991904
0.039880
0.142484
0.142484
0.064856
0.908530
-0.051681
0.180541
-0.457918
-0.567011
-0.045109
-0.164424
0.711789
0.974374
1.270683
1.667260
1.691020
1.618724
1.618724
1.659163
1.659163
1.709035
1.791137
1.012828
1.012828
1.012828
0.719663
0.439612
0.439612
-0.048286
0.734247
0.734247
0.734247
0.384903
-0.139078
-0.139078
-0.139078
0.379192
0.250879
-0.520266
-1.056097
-0.830142
-0.413675
-0.545687
-1.269081
-0.494478
0.284099
0.341732
-0.057607
0.124231
0.745625
0.251498
1.116709
0.264564
-0.467634
-1.170689
-0.280874
-0.131526
-0.131526
0.425369
0.425369
-0.450084
-0.608124
-0.998131
-0.998131
-1.064009
-0.133521
-0.002171
-0.006869
-0.042917
-0.042917
0.115533
0.858388
-0.105859
0.125928
-0.126437
-0.214178
0.008355
-0.656119
-0.656119
0.216183
-0.176940
-0.249191
-0.077429
-0.077429
0.187800
0.316135
0.946794
0.925067
0.891515
0.891515
0.361135
-0.315677
-0.315677
-0.485624
-0.344889
-0.155550
-0.155550
-0.978952
-0.693658
-0.495603
-0.515765
-1.071779
-1.071779
-0.921066
-0.985254
-0.775375
-0.655088
-0.100529
-0.012797
-0.012797
0.217734
0.940665
0.940665
0.672133
1.126717
1.310284
0.976206
0.976206
0.173250
-0.171486
0.587075
0.585008
0.568225
0.983433
0.983433
0.983433
0.983433
0.849986
-0.047651
-0.169077
-0.881755
-1.412862
-1.929343
-1.529329
-1.529329
-1.553736
-1.744769
-1.283687
-2.122180
-1.311326
-1.311326
-0.952712
-0.474080
-0.711815
-0.986133
-0.838058
0.046372
0.676540
0.770310
1.350535
0.517125
0.784034
0.446816
0.816305
-0.146648
-0.146648
-0.514357
0.399138
1.133089
1.133089
1.133089
1.133089
1.762068
1.538685
1.160051
1.160051
0.737553
1.433061
1.290414
0.517743
0.517743
1.357833
1.236171
1.236171
1.218262
1.218262
1.218262
1.591164
2.019178
2.019178
2.019178
2.221773
2.514598
1.641322
1.263645
0.304986
1.035284
1.587039
0.673436
0.474889
0.474889
0.987714
0.830552
0.948694
1.625864
1.625864
1.625864
1.625864
1.736419
1.736419
1.546170
1.546170
0.811644
0.462186
-0.471499
-0.727968
-0.164923
-0.511197
-0.699264
-1.037492
-0.633135
-0.414346
-0.682237
-1.486582
-0.973422
-0.973422
-1.238533
-0.798108
0.052279
0.723618
1.036645
1.036645
0.266025
0.805290
-0.107243
-0.107243
-0.082140
-0.513306
-1.269782
-0.887715
0.019577
0.232941
0.232941
-0.663245
0.096702
-0.367407
-0.959704
-1.458008
-0.647892
-0.647892
-0.054392
-1.029632
-1.200727
-1.467913
-2.365085
-2.159710
-2.277981
-2.277981
-2.277981
-2.277981
-2.561255
-2.561255
-2.561255
-2.561255
-2.297951
-2.736028
-2.514691
-1.516399
-0.809605
-1.257985
-1.257985
-1.257985
-1.066267
-1.424721
-0.799788
-0.709593
0.233755
1.031762
1.053863
1.053863
0.765821
1.701107
1.781387
1.792503
1.093986
1.195386
0.824908
0.390640
0.892533
1.198450
0.603596
-0.129376
-0.641665
-0.282557
-1.164026
-0.967562
-0.313511
-0.313511
-0.313511
0.181876
0.452934
1.122888
1.266770
2.188367
2.188367
1.402246
1.536381
0.935507
1.041326
1.249799
1.401317
0.885808
1.432472
1.432472
1.432472
0.794020
1.305781
0.665603
0.665603
0.665603
0.730047
0.963472
0.963472
1.491670
1.491670
0.993307
1.216786
1.124182
2.082669
1.256010
1.256010
1.412503
1.706789
1.706789
1.535037
1.549678
0.743315
0.818546
0.286745
-0.418637
-0.319686
0.443850
0.599576
0.760819
0.356041
0.035029
0.227167
0.837251
1.008330
0.843037
0.843037
1.130608
0.380661
0.156917
-0.261110
-0.261110
-0.379566
-0.942461
-1.220490
-1.688533
-0.920263
-0.310393
0.428259
0.428259
-0.257984
0.402683
0.033110
-0.037035
-0.398478
-0.625292
-0.576101
-0.713157
-0.713157
-0.120034
0.448062
0.448062
-0.090151
0.311666
0.828855
0.767157
-0.133580
-0.671002
-0.455364
-0.059537
-0.304384
0.142892
0.145644
0.145644
-0.547093
0.402190
1.037519
0.629023
0.911250
0.332855
0.332855
