0.810697
1.001283
1.056206
1.056206
0.626499
-0.092723
-0.397399
-0.397399
0.015939
0.412770
0.412770
0.302423
0.285288
0.285288
0.329228
0.430116
0.092200
0.936745
0.641466
-0.170025
-0.989128
-0.989128
-0.989128
-1.506321
-0.920328
-0.054457
0.211489
-0.166914
-0.832370
-1.472720
-1.472720
-1.472720
-1.023797
-1.873125
-0.961181
-0.972593
-0.255113
-0.255113
-0.629028
-0.061570
0.795546
0.548113
0.587528
-0.231042
-0.058065
-0.607777
-1.389740
-2.035588
-1.436050
-1.416749
-1.050575
-1.530909
-0.969266
-1.617467
-1.275258
-1.275258
-1.275258
-0.774796
-0.774796
-0.774796
-1.366354
-1.289764
-2.024720
-1.701524
-1.319808
-1.089237
-1.089237
-0.659968
-0.118912
0.724621
0.724621
0.239664
0.239664
-0.621453
-0.136496
-0.136496
0.124131
-0.827274
-0.369480
-0.695318
-0.734554
-1.471790
-1.413112
-1.413112
-0.924471
-0.681085
-0.681085
0.190199
0.551606
0.178315
1.091812
1.934767
1.355212
0.646695
0.643104
0.343316
0.511688
0.511688
0.511688
-0.483574
-0.148886
0.135337
-0.531853
-0.155171
0.166384
-0.420640
0.288070
0.965285
-0.010260
-0.635614
0.169977
0.326210
-0.143521
-0.792679
-0.792679
-1.461818
-1.708500
-1.513021
-1.092339
-0.186431
-0.892243
-0.651233
-1.246261
-1.189398
-1.189398
-0.281387
-0.737600
-0.371678
0.389537
0.253603
0.253603
0.127446
-0.409372
0.533978
0.348004
-0.135010
0.520178
1.047204
1.047204
0.922929
0.110096
0.406438
0.178197
0.178197
-0.641661
-0.641661
-0.641661
-0.622105
-0.910533
-0.001170
-0.249923
-0.275677
-1.049209
-1.049209
-1.255884
-1.871506
-1.871506
-2.017035
-2.922901
-2.922901
-2.077326
-2.388170
-2.388170
-2.388170
-2.388170
-2.178025
-1.291649
-1.291649
-1.205214
-0.428073
0.399289
0.399289
0.399289
0.741555
1.560686
1.842418
1.801111
1.255326
0.421765
-0.292349
0.008968
0.311198
-0.478806
-0.137045
-0.454414
0.407096
0.407096
-0.413602
-0.091676
-0.158605
-0.218397
-0.324983
-0.031817
-0.031817
0.522913
0.522913
-0.057047
0.097849
0.097849
-0.104885
0.412520
1.171700
1.647408
1.647408
1.721651
1.721651
0.950351
0.950351
0.991329
0.991329
1.572499
1.320555
1.320555
1.227832
0.770680
0.564688
1.303779
1.847936
1.847936
2.361612
2.305456
2.305456
2.305456
2.084933
2.084933
1.393068
1.173617
0.627790
0.125739
0.510605
0.342755
0.381028
0.169130
-0.502075
-0.964869
-1.170058
-0.249923
0.513457
0.175496
-0.276706
-0.037476
0.498718
0.953626
0.934196
0.399837
0.399837
-0.145328
-0.980236
-0.980236
-1.525392
-0.916433
-1.669488
-1.669488
-0.692407
-0.828452
-1.101946
-1.181416
-1.706348
-1.602900
-1.702652
-2.560916
-1.650170
-2.407273
-2.005805
-2.005805
-2.005805
-2.005805
-1.258983
-0.716969
0.033497
-0.803786
-0.781990
-0.197179
-0.197179
-0.034309
-0.034309
-0.034309
0.789473
1.366250
1.133880
1.173099
0.377146
1.121235
1.121235
0.697413
1.277947
1.208288
0.243365
0.185083
0.121786
-0.189386
0.241748
0.241748
-0.083552
0.347951
1.159158
1.159158
1.936421
1.965353
2.153625
1.596575
1.670810
0.764396
-0.194773
-0.036670
-0.651571
-0.651571
-0.412478
0.177815
-0.541162
-0.829892
-0.700221
-0.314463
-0.438858
-1.269972
-0.305130
-0.841321
-0.841321
-1.018405
-0.987859
-0.987859
-1.463761
-0.980624
-0.736744
0.111817
-0.545531
-0.422556
-0.671609
-1.158902
-0.917574
-0.896528
-0.896528
-0.686877
-0.174168
-0.174168
0.441604
0.441604
0.326642
0.326642
0.530154
0.530154
0.530154
0.369119
-0.568709
-0.228694
-0.012295
0.341625
-0.383897
-0.634282
-1.528232
-1.301510
-0.655842
0.102744
0.240206
0.913812
1.154547
1.285810
0.869850
0.869850
1.175978
1.175978
1.229046
1.564709
1.564709
1.405449
1.405449
2.147593
1.203926
1.203926
1.319579
1.163269
0.526632
-0.217952
0.566902
0.585340
-0.404538
-0.343393
-0.008530
-0.639778
0.105785
0.105785
-0.025382
-0.297289
0.308981
1.046874
0.146784
0.069438
0.017636
-0.837422
-1.185622
-1.890498
-1.232198
-1.232198
-1.232198
-1.090528
-1.090528
-0.402013
-0.402013
0.441691
1.350301
2.034040
2.216663
2.216663
2.745102
2.789845
1.962406
1.962406
1.708925
1.708925
1.708925
1.478068
1.133373
1.133373
1.133373
1.347883
0.643200
0.785981
-0.054909
-0.138404
-0.138404
-0.195181
0.262551
0.262551
0.252423
0.194472
0.985096
0.063904
-0.855478
-0.274830
0.127912
0.337452
0.940149
0.940149
1.082512
0.716751
0.132204
-0.354550
0.402891
0.391629
1.173077
2.021118
2.021118
2.021118
2.062914
2.062914
1.155483
1.155483
1.208193
0.829975
0.824852
0.250763
-0.517226
-0.165040
0.463815
-0.122429
0.265405
0.816073
0.913793
0.814151
0.703427
0.580308
0.016499
-0.610159
-1.521016
-1.973253
-1.973253
-1.973253
-1.973253
-1.902813
-1.497637
-1.381202
-0.628546
-0.628546
-0.628546
0.355870
-0.219458
-0.943812
-0.424707
-0.130723
0.445145
-0.515811
-0.990866
-1.029937
-1.101342
-0.532374
-0.532374
-0.882488
-1.112554
-0.533365
-0.959786
-0.425122
-0.793122
-0.742431
0.206782
-0.390628
-0.538061
-0.538061
-0.859383
-1.133171
-0.289959
-0.615476
-1.115971
-0.669826
-0.411617
0.026518
0.209586
0.209586
0.249881
0.463956
0.608348
-0.278953
-0.010446
-0.547474
-1.391463
-1.391463
-1.391463
-1.696621
-0.938958
-0.354431
-0.354431
-0.732386
-0.771257
-0.771257
-1.355450
-0.796099
-0.796099
-0.796099
-0.796099
-0.857076
0.019896
0.987107
0.745115
0.867904
0.793242
0.623782
0.131316
0.558915
-0.238017
-0.208088
-0.401090
-0.426872
-0.483212
0.188019
-0.237388
-0.447414
-0.059683
-0.511366
0.207597
-0.288948
-0.288948
-0.407607
0.337217
0.545298
0.258007
0.545291
-0.010987
-0.332680
-0.944087
-0.306296
-0.664182
-1.326076
-0.644363
-0.203872
0.163988
-0.516644
0.349741
0.349741
0.030373
1.001984
0.724477
0.846106
0.846106
0.985037
0.183146
0.943016
0.943016
0.943016
0.102239
0.577708
0.577708
-0.049949
0.827665
0.346681
0.024830
-0.919539
-0.500726
-0.500726
-0.925472
-1.148533
-0.539840
-1.205314
-1.934698
-1.934698
-1.734310
-1.734310
-1.283421
-1.828116
-1.387130
-2.146843
-2.057879
-1.755469
-1.246675
-0.813585
-1.305171
-1.180523
-1.133833
-1.133833
-1.133833
-0.780164
-0.678693
-0.678693
-0.113686
-0.113686
0.164906
0.070215
-0.036517
-0.679489
-0.656044
-0.260333
0.008515
0.279743
0.298144
0.298144
-0.184722
-0.518544
-1.362512
-0.444408
-0.747493
-0.877277
-1.359018
-1.359018
-0.548257
0.158644
-0.668155
-1.115125
-0.502204
-0.712362
-0.105623
0.878808
0.658992
0.664504
-0.134022
-1.000117
-1.485190
-1.485190
-0.657205
0.033245
-0.717776
0.041660
0.041660
0.998166
0.864034
0.230591
-0.469092
-1.385648
-1.876780
-0.987554
-0.233215
-0.384401
-0.304948
-0.304948
0.421744
-0.406807
-1.144400
-0.293931
-0.333303
0.303014
0.303014
0.147486
0.748744
0.748744
1.283367
1.463261
1.463261
1.354224
1.030806
0.771738
1.477935
1.477935
0.642596
0.720936
1.552555
1.552555
1.552555
1.552555
1.552555
1.552555
0.832246
1.099778
0.329092
0.329092
0.547812
1.403474
1.403474
1.428004
1.428004
0.481393
0.688120
-0.292990
-1.012963
-1.012963
-1.077146
-0.494389
0.205641
0.018843
0.380288
0.404499
0.516380
0.516380
0.915870
0.985150
1.620914
1.446979
1.979573
1.417702
1.417702
1.543452
0.574056
-0.081123
-0.081123
0.035043
-0.619860
-0.555191
-0.701541
-0.613244
0.120540
0.120540
0.120540
0.120540
0.680750
0.680750
-0.030395
-0.278786
-0.656773
-0.269689
-1.137699
-1.137699
-1.137699
-1.461066
-1.461066
-1.461066
-1.376208
-1.376208
-1.376208
-0.620224
-0.340992
-0.340992
-0.485225
0.305276
0.212236
-0.043833
0.023356
-0.333318
-1.033550
-0.640925
-1.393366
-2.084903
-1.666572
-1.666572
-1.666572
-1.135733
-1.157936
-1.132921
-0.138634
-0.928528
-0.260086
0.221847
0.300727
-0.412367
0.000001
0.061851
-0.807356
-0.403642
0.496235
-0.350491
-0.136162
-0.136162
-0.067999
-0.644400
-0.864939
-0.578870
-0.578870
-0.578870
-0.767635
-0.767635
-0.444200
-0.444200
-0.071591
0.672478
1.649767
0.779614
0.779614
0.684021
1.169050
1.169050
1.814919
1.814919
1.330842
1.469551
0.510983
0.200417
0.976054
0.976054
0.322770
-0.400387
-0.400387
0.239865
0.239865
0.239865
-0.513209
-1.491542
-1.491542
-1.436665
-1.436665
-0.587879
-0.365681
0.211392
0.211392
0.211392
0.353768
-0.620090
-0.829764
-0.337786
0.044681
0.161341
0.434324
-0.520202
-0.195207
-0.960254
-0.592648
-0.836487
-1.784233
-1.784233
-2.207422
-2.666094
-2.054625
-1.937821
-1.937821
-1.520219
-0.790146
0.187004
-0.561190
-0.169366
-0.169366
-0.169366
-0.978097
-1.348438
-0.834121
-1.092934
-1.171406
-1.240329
-1.824745
-1.824745
-1.796602
-2.108552
-1.385329
-1.692725
-0.921657
-1.088169
-0.945295
-1.130486
-1.130486
-1.130486
-0.275520
-0.416685
0.396251
1.054770
1.749219
1.749219
1.284068
0.370525
0.625497
-0.278017
0.140969
0.605749
0.040954
0.330308
0.330308
-0.192360
0.218510
0.670975
-0.105925
-0.229517
0.118421
0.477821
-0.467740
-0.961686
-0.961686
-0.220125
-0.410521
-0.510013
-1.229833
-1.423557
-0.625338
-0.812159
-0.812159
-0.241916
-0.745278
0.224505
0.195341
-0.533217
0.112020
-0.682029
-0.277718
-0.602595
-0.347504
-0.227003
0.660207
1.569420
1.152125
0.842848
0.550593
-0.408761
-0.699037
0.238876
0.535414
0.609745
0.158054
0.933211
0.659690
-0.320317
-0.051701
-0.051701
0.716463
1.562975
1.562975
1.327350
0.689657
-0.118756
-1.000162
-1.000162
-0.087363
0.143273
0.143273
-0.093937
0.009219
-0.758460
-0.758460
-1.748700
-1.390293
-1.390293
-0.588394
-0.915741
-0.760818
-0.330975
0.564113
-0.018700
-0.394166
-0.286892
-0.824860
-0.824860
-0.011765
-0.011765
-0.184636
0.001172
0.525816
-0.407707
0.137822
-0.760029
-0.878631
-0.953634
-0.953634
-0.666651
-0.886013
-0.886013
-0.407808
-0.407808
-0.134049
-0.403229
-0.393514
-0.393514
-0.544721
-0.205003
-0.205003
-0.205003
-0.460996
-0.428850
0.117223
-0.867646
-0.867646
-0.795618
-0.811268
-1.199190
-1.121926
-1.082771
-0.609209
-0.378874
-0.416575
-0.681138
-0.833772
-0.950717
-0.138712
0.457383
-0.358262
-0.074554
-0.792449
-0.792449
-0.950129
0.036968
0.036968
