0.605636
0.723718
0.786645
0.646027
-0.050461
0.861011
0.822049
1.198977
1.251297
1.027317
0.659735
1.330154
0.936881
0.813064
0.495280
1.175686
0.376535
0.376535
0.367805
0.367805
-0.485233
0.074711
-0.631165
-1.101692
-1.312910
-0.414154
0.513296
0.513296
0.655178
-0.044085
0.935728
1.043905
0.824687
0.824687
0.605000
0.953692
0.479318
0.479318
0.479318
-0.090510
-0.109521
-0.153529
0.416686
0.416686
-0.217044
0.258808
1.256117
1.256117
0.338995
0.941438
1.180363
0.849613
0.075324
-0.679736
-1.202741
-1.202741
-1.335472
-2.021409
-1.608089
-1.608089
-1.608089
-1.608089
-1.179611
-1.223223
-1.229082
-1.523950
-1.523950
-1.523950
-1.170023
-0.677902
-0.943560
-0.943560
-1.932351
-1.236015
-0.778764
-0.634620
0.356869
0.356869
-0.215820
-0.596009
-1.391878
-1.556672
-0.808094
-1.403716
-0.784185
0.042866
0.042866
0.042866
0.042866
0.085498
-0.117008
0.244487
0.390772
-0.198978
-0.085906
0.480557
0.480890
0.796266
0.796266
0.459432
1.352222
0.487212
-0.315992
-0.315992
-0.603949
-0.603949
-1.093045
-0.934551
0.016741
0.407627
0.407627
0.539142
1.136400
0.197301
0.110668
0.005585
-0.626691
-0.739359
-1.494058
-0.819875
-0.644584
-0.644584
-0.644584
0.032534
0.806740
1.442017
1.442017
1.442017
0.974241
0.542752
-0.247482
-0.247482
-0.846063
-1.398480
-1.233094
-1.108843
-0.418463
0.336342
0.000552
0.235282
1.001955
0.684942
0.057040
0.422510
0.912296
0.851021
0.784281
1.582949
1.057679
0.999017
1.252262
1.252262
1.041195
1.306988
1.038923
0.193676
0.225936
-0.264068
-0.264068
0.562519
0.144372
0.879973
1.049380
0.064538
0.064538
0.373706
-0.502925
-0.502925
0.026323
0.026323
0.625138
0.758661
0.758661
0.178453
0.254953
0.145369
0.208667
0.765945
1.436958
1.924684
1.760487
2.003927
2.256271
1.704990
1.704990
1.690856
1.622942
1.622942
1.000071
0.034428
-0.256127
0.429507
0.649994
1.364804
0.692315
0.692315
0.692315
1.102047
0.967566
0.281795
0.281795
-0.379123
-0.082780
0.215590
0.258653
0.258653
0.477200
-0.446727
-0.270505
0.370260
1.304258
0.627180
1.289874
1.289874
0.613917
0.536710
-0.092307
0.176672
0.176672
0.176672
-0.215117
-0.356094
0.030245
0.030245
0.472107
1.363377
0.635974
0.415497
1.066407
1.066407
0.700131
0.258820
0.136026
-0.128972
0.365802
-0.042138
0.808523
1.795570
1.694518
2.312445
2.330323
1.490249
1.250610
1.250610
1.522138
1.599232
1.149220
1.149220
0.589172
1.260537
1.693901
1.693901
0.861896
0.861896
1.714614
1.900865
1.900865
0.924666
0.555848
1.074780
1.074780
0.698635
0.689210
0.923511
0.271356
0.419435
0.390751
-0.121279
-0.121279
-0.142371
0.334982
0.334982
-0.215867
-0.988680
-0.988680
-0.196412
0.135135
-0.365109
-0.612840
-1.241552
-0.533521
0.461434
0.461434
1.319142
0.500625
0.252435
0.138392
-0.751587
-0.094312
0.377339
0.316067
0.781304
0.735425
0.533753
1.349829
1.170169
0.348775
0.412559
0.500409
0.875467
1.144313
0.935730
0.935730
0.973506
0.194489
0.379102
-0.419339
-0.014647
0.829478
0.494428
-0.232033
0.516150
0.893837
1.046027
1.838275
1.838275
1.965319
1.530063
0.896983
0.902722
0.748856
0.170888
-0.677016
-0.684459
-1.269948
-0.684662
-0.124824
0.250951
0.627859
0.589520
1.069186
1.739243
2.271367
2.346105
2.346105
2.346105
2.346105
2.298652
2.081655
1.107604
1.657686
1.657686
1.058732
0.143204
0.143204
0.143204
-0.656190
-0.454631
0.273725
-0.316813
-0.316813
-0.543554
-1.044306
-1.692532
-1.494527
-1.720277
-1.126309
-1.100059
-1.446377
-1.724036
-1.724036
-1.060675
-0.521645
-1.147222
-1.147222
-1.147222
-1.147222
-1.147222
-0.237461
-0.593942
-0.693776
-0.769972
-0.145059
0.398163
0.811330
1.539447
1.144182
0.701839
0.498006
0.511999
0.395876
0.395876
0.395876
-0.239770
-1.100531
-1.013626
-1.109849
-0.798870
-0.069027
-0.996547
-0.136600
-0.111355
0.647939
0.647939
0.800824
0.100372
0.561365
0.449769
0.871924
0.871924
0.127402
0.663925
0.255618
-0.620771
-0.620771
-1.572306
-1.433825
-0.958906
-0.136767
0.287047
0.019345
-0.890394
-0.488182
0.392229
0.503679
-0.381103
0.034552
0.137031
0.001504
0.001504
0.946347
0.095599
1.077691
1.077691
1.638611
0.916301
0.005137
0.791709
0.019429
-0.850697
-1.385363
-1.354463
-0.683068
-0.334328
-0.779490
0.170299
0.659630
0.659630
0.488901
-0.110190
-0.467695
-0.810271
-0.351029
-0.351029
-0.155814
0.520165
-0.065049
-0.128153
-0.128153
-0.128153
-0.220814
0.094642
-0.815864
-0.894815
-0.812508
-0.252388
-0.252388
0.618089
-0.116488
-0.236160
-0.508265
0.084843
0.092018
-0.103543
-1.053888
-0.248509
0.651917
1.197616
1.099849
1.099849
1.099849
1.238312
1.238312
0.512549
-0.003184
0.416526
0.178712
1.091176
1.956732
2.020669
2.020669
2.020669
2.020669
2.020669
2.006863
1.880980
1.127405
1.127405
0.330713
-0.281715
-0.028688
-0.685309
-0.043746
-0.043746
-0.572196
-0.393230
0.435074
0.525782
-0.130174
0.407318
0.640234
0.640234
0.652691
0.118419
0.673266
-0.087723
-0.087723
-0.199866
-0.530780
0.224912
-0.584884
-1.030231
-0.347279
0.142928
0.350210
0.221780
-0.698202
-1.126260
-0.738749
-1.107792
-1.107792
-1.723413
-1.907848
-1.907848
-2.494082
-1.779479
-1.080130
-1.111538
-1.257468
-0.882358
-0.553442
0.279031
-0.032491
0.547983
0.358409
-0.640510
-0.266019
-0.488106
-0.488106
-0.624327
-0.624327
0.017725
0.256754
-0.656399
-1.353185
-1.353185
-1.353185
-0.718150
-0.833278
-1.162759
-1.840954
-1.506342
-0.591915
-0.833801
-1.199616
-1.286964
-1.281854
-1.756468
-1.942807
-0.991335
-0.757963
-0.966058
-0.116288
-0.534964
0.246625
0.666464
0.666464
0.554283
0.550405
0.081204
-0.744498
-0.119566
-0.162244
-0.839123
-0.839123
-1.024914
-1.346354
-0.875301
-0.354225
0.105866
0.351389
0.351389
0.452324
0.369154
0.369154
-0.558702
-0.830820
-0.287472
0.518724
0.314114
-0.185049
-0.185049
0.095258
0.676002
0.377541
0.377541
-0.578217
-0.007029
0.462700
0.712062
0.500004
0.409642
0.110812
0.323909
-0.038826
-0.438812
-0.008898
0.352634
-0.240557
-0.570117
0.065732
-0.730036
-0.191685
-0.191685
0.089561
0.512071
0.512071
0.512071
0.440835
-0.360189
-0.820037
-1.036968
-0.523024
0.082089
-0.609525
-0.788027
0.110877
-0.266276
-0.266276
-0.266276
0.518861
-0.075112
-0.640574
-0.736556
0.195371
-0.116439
0.140689
-0.054052
-0.054052
-0.319468
0.132483
0.738258
0.366034
0.796333
0.796333
0.796333
0.534190
0.050604
0.388475
0.221690
0.107809
-0.477305
0.287436
0.287436
-0.204621
0.632912
0.138790
0.138790
0.725342
0.456738
0.456738
0.210112
-0.421717
0.178763
0.340905
-0.073563
-0.415669
-0.179659
-0.099495
-0.679380
-0.165096
0.609609
0.189114
-0.298138
-0.298138
0.542096
0.329332
-0.050231
0.165033
0.099031
0.099031
0.099031
0.856341
0.856341
1.293179
1.548980
1.073175
1.741061
1.492210
1.792421
1.792421
1.792421
1.201354
1.201354
1.447779
2.248232
2.248232
2.105600
2.105600
2.753844
2.753844
2.591464
2.591464
2.455269
2.455269
2.574627
2.574627
2.856054
2.856054
1.970281
1.677922
1.789688
2.651414
1.653995
1.653995
1.162682
1.559291
0.591412
0.305600
-0.299208
0.609910
0.393636
0.682838
1.227109
1.227109
1.227109
1.227109
0.919403
0.094356
0.606154
0.165795
0.627473
1.031191
1.541760
0.843426
1.387595
1.996214
1.649782
0.914929
1.582619
1.582619
1.179774
1.309091
1.309091
1.412929
1.654202
1.654202
0.922689
0.534216
0.829546
0.762989
1.211826
1.211826
0.448224
-0.467462
0.264541
0.220990
0.750292
1.188168
0.705002
0.705002
0.705002
0.705002
0.705002
0.376412
-0.476827
-0.676781
-0.621946
-0.088856
0.193156
-0.096055
-0.068742
-0.264712
-0.264712
-0.966005
-0.966005
-1.377502
-1.135631
-1.050232
-1.343232
-1.535538
-1.535538
-1.535538
-0.786499
-0.786499
-1.125074
-1.125074
-0.395673
-0.460047
-0.460047
0.164790
1.160417
1.160417
0.785980
0.785980
0.785980
0.947940
1.153277
1.661493
0.719167
0.028224
0.116414
0.116414
-0.156183
0.277773
-0.218405
-0.218405
-0.932680
-1.319436
-0.833648
-0.009383
-0.599410
-1.567729
-1.993323
-1.589601
-1.723108
-1.914598
-2.225330
-2.225330
-2.225330
-2.370385
-2.642562
-2.034783
-1.080478
-1.338974
-1.089112
-0.672535
-0.035946
-0.402338
-0.402338
-0.803182
-0.688054
-0.683761
-1.106561
-0.297311
0.427372
-0.115794
0.670159
1.643522
2.204068
2.204068
2.393635
1.824922
2.661784
2.661784
2.661784
2.225641
2.225641
1.341366
0.647169
-0.269547
-0.857575
-0.106071
0.280476
0.995761
0.995761
0.995761
0.995761
0.199774
0.782627
0.943112
0.943112
1.009416
1.580823
0.632560
0.443066
0.829594
1.267759
0.293098
0.161822
0.966201
0.289090
0.507237
0.808136
0.521051
0.244546
-0.023314
0.680886
0.483482
0.483482
0.483482
0.828363
0.828363
0.193625
0.295400
0.484535
0.895654
0.895654
0.895654
0.055702
0.631619
0.738580
0.934607
0.680344
0.680344
0.170833
0.170833
0.170833
0.277390
-0.142414
-0.947004
-0.297727
-0.386484
-0.386484
-0.386484
0.125926
0.331592
0.331592
-0.170186
-0.170186
-0.198016
0.455158
-0.256560
0.301374
0.738294
1.385031
0.772352
0.528241
0.861695
0.861695
0.288235
-0.248374
-0.248374
-0.681300
-0.261513
0.058433
-0.628877
0.003583
0.003583
-0.060922
0.062054
-0.091085
-0.175267
0.481751
-0.442291
-0.539851
-0.539851
0.013738
0.402349
0.101100
-0.505166
0.309613
0.750114
-0.076379
0.166486
1.113345
1.147609
1.015605
0.897615
0.587359
1.132235
0.327392
-0.206381
0.528392
-0.446721
0.307435
-0.399754
-0.781318
-0.781318
-0.120490
-0.957917
-1.047378
-0.149922
-0.812839
-0.681045
-0.486560
-0.441670
0.295165
1.187844
1.187844
1.302094
1.217469
1.217469
0.312187
0.312187
0.362736
1.067331
0.487796
1.142839
1.142839
1.142839
1.721015
1.445057
0.473953
-0.199783
0.560559
-0.227662
-0.065916
0.722200
0.610635
0.610635
-0.281601
-0.604611
-1.530590
-1.530590
-1.544924
-1.544924
-1.544924
-1.544924
-1.544924
