1.000000
0.962540
0.572879
0.110764
-0.653596
-0.653596
0.044458
0.321359
0.498813
0.498813
0.950953
0.305939
-0.317559
-0.317559
0.178847
-0.690639
-0.690639
0.127424
-0.290244
-0.746694
-0.919632
-0.817672
-0.916852
-0.916852
-1.091292
-0.272348
-1.262941
-1.102824
-1.546476
-1.546476
-1.897759
-2.282026
-2.282026
-2.033061
-2.033061
-2.033061
-1.448554
-2.014801
-2.014801
-2.014801
-1.855410
-1.855410
-2.135092
-1.882259
-1.882259
-1.882259
-1.154685
-0.461183
-0.757113
0.073579
-0.595071
0.159849
-0.795836
-1.146332
-0.623303
-0.623303
-0.623303
-0.878161
-0.316843
-1.132609
-1.132609
-0.881472
-0.881472
-0.881472
-1.222505
-1.222505
-0.960018
-0.960018
-0.593114
-0.706478
-0.888581
-1.324854
-0.444021
-0.042018
-1.019611
-1.941428
-0.992781
-0.285596
-0.042270
0.795571
0.009173
0.258786
-0.631941
-1.023718
-0.120666
0.329927
1.298401
0.376779
0.376779
0.376779
0.312089
0.360299
0.351532
0.351532
0.182260
-0.033327
-0.585714
0.191042
1.059852
1.059852
0.838578
1.110027
0.130358
-0.307547
0.619340
0.308011
0.308011
-0.311485
-0.544041
0.304495
0.105586
0.600267
-0.007183
0.654174
0.830528
0.586011
0.055658
-0.195755
-0.061171
0.511968
-0.010106
-0.106934
0.796723
0.650652
0.845710
-0.153416
-0.131502
0.578280
-0.144557
-0.853930
-0.853930
-1.804288
-1.937428
-1.580726
-1.580726
-1.235995
-1.235995
-0.583012
-0.826009
0.076269
-0.801380
-0.801380
0.081199
-0.134323
0.506754
0.745831
-0.227478
0.685299
0.638125
-0.018604
-0.018604
0.337690
0.636717
0.733672
0.250406
-0.436552
0.338293
-0.224288
0.586823
0.554142
-0.265477
0.107989
-0.120084
-1.085512
-0.356326
-0.767378
-0.987923
-0.987923
-0.956259
-0.956259
-1.826416
-1.826416
-0.931085
-0.536658
-0.441027
-0.560146
-0.560146
-1.472045
-2.009017
-1.671898
-0.712493
-0.655743
-0.567295
-0.372430
0.508103
-0.311059
-0.308369
-0.948229
-0.948229
-0.784971
-0.784971
-0.421490
-0.887516
-0.944623
-1.083484
-1.720047
-0.996562
-0.403328
-0.305380
0.012233
0.647783
0.050894
0.826983
0.826983
0.669562
0.339970
0.846865
0.846865
0.686771
1.468813
1.468813
1.468813
1.468813
0.975796
0.975796
0.201663
-0.200308
0.308516
-0.270606
0.307969
-0.636726
-1.526888
-1.953163
-1.545179
-1.463110
-1.463110
-0.912648
-0.118959
-0.127534
0.299947
0.092051
-0.367278
0.246449
0.246449
0.246449
0.166457
-0.431133
-0.461060
-0.402354
-0.402354
-0.535527
-0.358074
-0.196273
-0.169720
0.467883
1.213399
1.213399
0.769023
1.521658
1.521658
1.921927
1.317780
0.626306
0.626306
0.194844
-0.417277
0.569333
0.847139
0.199572
0.895947
1.330289
0.409455
0.056566
0.408116
0.729604
0.735536
0.544092
0.146777
0.146777
-0.622831
-0.915265
-0.915265
-0.450307
0.435069
1.430073
1.383166
0.501064
0.501064
1.486809
1.486809
1.564844
1.106546
1.106546
1.106546
2.096436
2.096436
2.096436
2.096436
2.096436
1.786073
1.927055
1.480092
0.608359
-0.284411
-0.284411
-0.284411
0.618677
0.618677
0.146434
0.430913
-0.057335
0.177852
0.453968
0.197147
0.913517
1.108688
1.201927
1.429279
0.648347
0.163554
0.163554
0.408607
0.408607
-0.188309
0.008447
-0.860712
-0.860712
-0.584091
-0.584091
-0.798456
-0.798456
-0.798456
-0.875074
0.113402
-0.736518
-0.614580
-0.409846
-0.957580
-0.957580
-1.056666
-1.056666
-0.174491
-1.025726
-0.410555
0.516354
0.036932
0.036932
0.240132
0.888926
-0.001679
-0.434375
-0.723091
-0.723091
-1.442938
-1.008839
-0.905043
-0.573000
0.334453
0.420358
0.420358
0.571197
0.681538
0.293512
0.273570
0.777506
0.777506
1.571652
1.571652
1.027195
1.027195
1.377392
0.551432
0.381689
0.436133
1.207218
1.207218
0.436388
0.190062
0.528372
0.819078
0.173543
0.169154
0.067989
-0.019743
0.476459
-0.419970
-0.419970
-1.072796
-0.845648
-0.417581
-0.417581
-0.249374
-0.240975
0.100563
0.508730
-0.403553
-0.403553
-0.403553
-1.077481
-1.077481
-1.077481
-1.077481
-0.560838
0.042569
-0.612633
-1.585719
-1.147695
-1.147695
-1.147695
-0.581491
0.345777
0.345777
0.345777
1.290134
0.946016
0.778451
0.778451
1.558322
1.558322
1.379613
1.076255
1.076255
0.463428
0.463428
0.463428
0.255963
-0.530951
-0.656052
0.331947
1.065458
1.103578
1.103578
0.106206
0.083024
-0.241169
-0.099143
-0.123336
0.122855
0.122855
0.604094
1.053901
1.969438
2.016606
2.305377
2.305377
1.810121
1.810121
1.774361
2.580045
2.580045
2.580045
2.146710
1.709726
1.709726
1.475557
1.562698
0.823917
0.823917
0.823917
0.758809
0.309877
0.905662
1.038525
1.344729
1.100828
1.100828
1.100828
0.250307
-0.228451
-0.228451
-0.389508
-1.345459
-0.349053
-0.798200
-0.033947
-0.641597
-0.574048
-1.111699
-0.561415
-0.838674
-0.838674
-0.553095
0.338424
-0.059801
-0.059801
0.554890
1.389728
0.686739
0.777499
0.777499
0.777499
0.468772
-0.138397
0.026834
-0.819162
-0.457542
-1.365879
-1.365879
-0.685533
0.035124
-0.348977
0.531181
1.144924
1.678110
1.288396
1.288396
1.288396
1.310396
1.515075
1.254702
1.254702
1.665930
1.051711
1.253896
1.253896
1.413352
1.540938
0.748933
0.567049
0.899001
0.679113
1.522552
1.781804
1.805425
1.805425
2.106822
2.077809
2.077809
2.386197
2.445486
2.527504
2.527504
2.002332
1.042668
1.089596
1.558434
1.558434
2.154101
2.193341
1.481257
2.138325
2.138325
2.529452
2.529452
2.529452
2.529452
2.883673
2.106171
1.908495
1.908495
2.285547
1.411686
1.627980
0.732751
0.285583
0.363407
1.287969
1.792036
1.909909
1.832702
0.917570
1.795971
1.235742
1.565618
1.553813
1.343077
1.182653
1.182653
0.205814
-0.551524
-0.551524
0.371386
0.560875
0.442005
0.442005
-0.369060
-0.835405
-0.892607
-0.892607
-1.103866
-0.737109
-0.447029
0.531229
0.707259
1.370151
2.200719
2.192952
2.192952
2.471964
1.680350
2.000906
1.606135
0.711397
0.711397
0.749136
0.628644
1.398189
1.398189
0.514223
1.150152
0.977400
1.810804
1.810804
1.810804
1.810804
1.223778
1.597258
2.152589
2.152589
2.285166
1.453183
1.453183
0.811590
1.207273
1.508092
0.516104
0.211654
-0.023288
0.540734
0.661823
0.661823
0.650668
0.302731
0.053516
-0.590319
-0.913452
-0.527481
0.310090
0.310090
-0.103871
-0.306795
-0.585155
0.090765
0.975755
0.310725
0.310725
-0.075833
-0.255558
0.419725
0.174335
-0.671895
-0.671895
-0.789840
-0.627541
-1.305835
-0.575771
-1.088798
-0.445549
-0.369469
0.215065
0.117031
-0.068158
0.820285
-0.107060
-0.528471
0.279358
-0.453479
-0.453479
-0.767770
-0.929611
-0.929611
-0.929611
-0.929611
-1.225655
-1.240042
-1.096697
-0.984364
-0.745752
-0.745752
0.019239
-0.555334
0.357001
0.377567
0.377567
0.482943
0.442629
1.107359
0.826965
1.739980
0.971166
0.195419
-0.369735
-0.001417
-0.001417
0.149767
-0.036820
-0.848152
0.032406
1.003027
0.229458
-0.020550
-0.020550
-0.829439
-0.485130
0.391393
0.148568
-0.104632
-0.104632
0.815839
1.179875
0.740466
0.638659
1.173995
0.483380
0.483380
-0.151280
0.538668
0.299042
0.341036
-0.467109
-0.418206
-0.206480
0.166696
0.676469
1.053807
1.073897
0.257755
-0.363245
-0.177779
-0.366169
-0.999712
-0.741999
-0.663014
-0.663014
-0.463015
-0.463015
-0.463015
-0.367498
-0.230983
-0.959050
-0.126117
-0.401830
-0.073800
0.415968
0.719979
1.584806
1.084782
0.167910
0.102215
-0.264841
0.714501
1.102060
1.102060
1.237833
0.381021
1.303327
0.349614
0.776527
0.776527
0.776527
1.530329
1.636438
1.115725
0.463881
0.436169
0.511772
0.511772
0.535943
-0.091454
-0.556267
0.258799
-0.194796
-0.434649
-1.034508
-0.396737
0.509262
0.576370
-0.296875
-0.296875
0.596934
1.234721
0.770881
0.684984
0.684984
1.189383
0.553981
0.553981
0.321607
0.249017
1.223701
0.751266
1.103492
0.268332
-0.031213
0.836700
-0.024186
0.559383
1.316648
1.400649
1.730013
1.375289
0.695778
1.262310
1.211259
0.699661
0.844134
0.844134
-0.023511
0.303890
0.303890
0.581434
1.295485
0.930648
1.383645
1.383645
1.105861
1.105861
1.563497
1.514130
0.591459
0.591459
-0.166506
-0.832169
-0.832169
0.153740
0.153740
0.264037
-0.573613
-0.823490
-1.308529
-0.706390
-1.644147
-1.644147
-0.782313
-1.439713
-1.439713
-1.439713
-0.840340
-0.840340
-0.840340
-0.744203
-0.275430
-0.350606
-0.025214
0.468956
-0.360698
-0.062079
0.132362
0.136086
-0.041642
0.400263
0.638820
1.360772
1.708248
0.884818
0.232618
0.007105
0.676018
-0.165058
-0.121651
0.167492
0.251452
0.251452
1.232561
2.067639
1.254760
1.254760
1.775118
2.282260
1.283919
0.430248
-0.122665
0.635268
-0.236846
-0.096261
0.237323
-0.485990
-0.409697
-0.456367
-1.425183
-0.484577
-0.372421
0.146045
0.438904
-0.189623
-0.464723
-0.553486
-0.978901
-0.785793
-0.442436
-0.029669
-0.835173
-1.813037
-1.442432
-1.442432
-0.908460
0.059947
-0.749711
-0.132548
-0.132548
-0.184788
-0.270299
-0.270299
-0.270299
0.227001
-0.759999
0.166850
0.767187
0.083005
0.312258
0.646479
-0.122262
0.823891
1.130653
0.598466
0.520099
0.888777
1.526080
2.007739
1.258570
1.942412
1.186341
0.490236
0.814012
0.814012
0.814012
0.814012
0.814012
1.591142
1.572849
1.282237
0.328703
0.446039
0.132733
0.497857
-0.020368
-0.277845
-0.277845
0.152494
0.789819
1.421783
1.421783
1.421783
0.584605
-0.253701
0.220168
-0.616361
-0.616361
0.275271
0.193643
0.309116
-0.394091
-1.048868
-0.502738
0.197180
-0.720771
-0.824670
-0.824670
-0.337216
-1.160322
-1.160322
-1.495063
-1.322095
-0.451473
0.132362
0.760411
0.572388
0.242800
-0.102594
0.077580
0.838559
0.721723
-0.234568
-0.664269
-0.513480
0.193226
0.337691
-0.431410
0.510195
1.469049
1.632744
1.632744
2.455208
1.476349
0.572118
-0.183516
-0.183516
-0.426834
-0.426834
0.060471
-0.334390
-0.234128
-0.234128
-0.829391
-1.793561
-1.894642
-1.894642
-2.049360
-2.229086
-2.229086
-1.315276
-1.723330
-2.216751
-2.005376
-1.010284
-1.010284
-1.954343
-1.875540
-1.755827
-1.079227
-0.524377
0.253278
0.586723
0.586723
0.943100
1.090065
1.524719
1.105833
1.158916
0.859565
