 -1.918996
 -1.917996
 -1.916996
 -1.915996
 -1.791990
 -1.715987
 -1.714987
 -1.668985
 -1.667984
 -1.666984
 -1.665984
 -1.664984
 -1.663984
 -1.662984
 -1.661984
 -1.660984
 -1.659984
 -1.658984
 -1.657984
 -1.656984
 -1.654984
 -1.653984
 -1.652984
 -1.651984
 -1.650984
 -1.649984
 -1.648984
 -1.647984
 -1.646984
 -1.645983
 -1.644983
 -1.643983
 -1.642983
 -1.641983
 -1.640983
 -1.639983
 -1.638983
 -1.637983
 -1.636983
 -1.635983
 -1.634983
 -1.633983
 -1.632983
 -1.631983
 -1.630983
 -1.629983
 -1.628983
 -1.627983
 -1.626983
 -1.625983
 -1.624982
 -1.623982
 -1.622982
 -1.621982
 -1.620982
 -1.619982
 -1.618982
 -1.617982
 -1.616982
 -1.615982
 -1.614982
 -1.613982
 -1.612982
 -1.611982
 -1.610982
 -1.609982
 -1.608982
 -1.607982
 -1.606982
 -1.605982
 -1.604982
 -1.603981
 -1.602981
 -1.601981
 -1.600981
 -1.599981
 -1.598981
 -1.597981
 -1.596981
 -1.595981
 -1.594981
 -1.593981
 -1.592981
 -1.591981
 -1.590981
 -1.589981
 -1.588981
 -1.587981
 -1.586981
 -1.585981
 -1.584981
 -1.583981
 -1.582981
 -1.581980
 -1.580980
 -1.579980
 -1.578980
 -1.577980
 -1.576980
 -1.575980
 -1.574980
 -1.573980
 -1.572980
 -1.571980
 -1.570980
 -1.569980
 -1.568980
 -1.567980
 -1.566980
 -1.565980
 -1.564980
 -1.563980
 -1.562980
 -1.561980
 -1.560979
 -1.559979
 -1.558979
 -1.557979
 -1.556979
 -1.555979
 -1.554979
 -1.553979
 -1.552979
 -1.551979
 -1.550979
 -1.549979
 -1.548979
 -1.547979
 -1.546979
 -1.545979
 -1.544979
 -1.543979
 -1.542979
 -1.541979
 -1.540979
 -1.539979
 -1.538978
 -1.537978
 -1.536978
 -1.535978
 -1.534978
 -1.533978
 -1.532978
 -1.531978
 -1.530978
 -1.529978
 -1.528978
 -1.527978
 -1.526978
 -1.525978
 -1.524978
 -1.523978
 -1.522978
 -1.521978
 -1.520978
 -1.519978
 -1.518978
 -1.517977
 -1.516977
 -1.515977
 -1.514977
 -1.513977
 -1.512977
 -1.511977
 -1.510977
 -1.509977
 -1.508977
 -1.507977
 -1.506977
 -1.505977
 -1.504977
 -1.503977
 -1.502977
 -1.501977
 -1.500977
 -1.499977
 -1.498977
 -1.497977
 -1.496976
 -1.495976
 -1.494976
 -1.493976
 -1.492976
 -1.491976
 -1.490976
 -1.489976
 -1.488976
 -1.487976
 -1.486976
 -1.485976
 -1.484976
 -1.483976
 -1.482976
 -1.481976
 -1.480976
 -1.479976
 -1.478976
 -1.477976
 -1.476976
 -1.475976
 -1.474975
 -1.473975
 -1.472975
 -1.471975
 -1.470975
 -1.469975
 -1.468975
 -1.467975
 -1.466975
 -1.465975
 -1.323968
 -1.322968
 -1.246965
 -1.245965
 -1.161961
 -1.160961
 -1.159961
 -1.158961
 -1.157961
 -1.156961
 -1.155961
 -1.154961
 -1.153960
 -1.152960
 -1.151960
 -1.150960
 -1.149960
 -1.148960
 -1.147960
 -1.146960
 -1.145960
 -1.144960
 -1.143960
 -1.142960
 -1.141960
 -1.140960
 -1.084957
 -1.048956
 -1.047956
 -0.981954
 -0.941954
 -0.940954
 -0.939954
 -0.938954
 -0.937954
 -0.857955
 -0.856955
 -0.855955
 -0.854955
 -0.853955
 -0.852955
 -0.851955
 -0.850955
 -0.849955
 -0.848955
 -0.847955
 -0.846955
 -0.845955
 -0.844955
 -0.843955
 -0.842955
 -0.841955
 -0.840955
 -0.839955
 -0.838955
 -0.837955
 -0.836955
 -0.835955
 -0.834955
 -0.833955
 -0.831955
 -0.830956
 -0.829956
 -0.828956
 -0.827956
 -0.826956
 -0.825956
 -0.824956
 -0.823956
 -0.822956
 -0.821956
 -0.820956
 -0.819956
 -0.818956
 -0.817956
 -0.816956
 -0.815956
 -0.814956
 -0.813956
 -0.812956
 -0.811956
 -0.810956
 -0.809956
 -0.808956
 -0.807956
 -0.806956
 -0.805956
 -0.804956
 -0.803956
 -0.802956
 -0.801956
 -0.800956
 -0.799956
 -0.798956
 -0.797956
 -0.796956
 -0.795956
 -0.794956
 -0.793956
 -0.792956
 -0.791956
 -0.790956
 -0.789956
 -0.788956
 -0.787956
 -0.786956
 -0.785956
 -0.784956
 -0.783956
 -0.782956
 -0.781956
 -0.780956
 -0.779956
 -0.778956
 -0.777956
 -0.776956
 -0.775956
 -0.774956
 -0.773956
 -0.772956
 -0.771956
 -0.770956
 -0.769956
 -0.768956
 -0.767956
 -0.766956
 -0.765956
 -0.764956
 -0.763956
 -0.762956
 -0.761956
 -0.760956
 -0.759956
 -0.758956
 -0.757956
 -0.756956
 -0.755956
 -0.754956
 -0.753956
 -0.752957
 -0.751957
 -0.750957
 -0.749957
 -0.748957
 -0.747957
 -0.746957
 -0.745957
 -0.744957
 -0.743957
 -0.742957
 -0.741957
 -0.740957
 -0.739957
 -0.738957
 -0.737957
 -0.736957
 -0.735957
 -0.734957
 -0.733957
 -0.732957
 -0.731957
 -0.730957
 -0.729957
 -0.728957
 -0.727957
 -0.726957
 -0.725957
 -0.724957
 -0.723957
 -0.722957
 -0.721957
 -0.720957
 -0.719957
 -0.718957
 -0.717957
 -0.716957
 -0.715957
 -0.714957
 -0.713957
 -0.712957
 -0.711957
 -0.710957
 -0.709957
 -0.708957
 -0.707957
 -0.706957
 -0.705957
 -0.704957
 -0.703957
 -0.702957
 -0.701957
 -0.700957
 -0.699957
 -0.698957
 -0.697957
 -0.696957
 -0.695957
 -0.694957
 -0.693957
 -0.692957
 -0.691957
 -0.690957
 -0.689957
 -0.688957
 -0.687957
 -0.686957
 -0.685957
 -0.684957
 -0.683957
 -0.682957
 -0.681957
 -0.680957
 -0.679957
 -0.678957
 -0.677957
 -0.676957
 -0.675958
 -0.674958
 -0.673958
 -0.672958
 -0.671958
 -0.670958
 -0.669958
 -0.668958
 -0.667958
 -0.666958
 -0.665958
 -0.664958
 -0.663958
 -0.662958
 -0.661958
 -0.660958
 -0.659958
 -0.658958
 -0.657958
 -0.656958
 -0.655958
 -0.654958
 -0.653958
 -0.652958
 -0.651958
 -0.650958
 -0.649958
 -0.648958
 -0.647958
 -0.646958
 -0.645958
 -0.644958
 -0.643958
 -0.642958
 -0.641958
 -0.640958
 -0.639958
 -0.638958
 -0.637958
 -0.636958
 -0.635958
 -0.634958
 -0.633958
 -0.632958
 -0.631958
 -0.630958
 -0.629958
 -0.628958
 -0.627958
 -0.626958
 -0.625958
 -0.624958
 -0.623958
 -0.622958
 -0.621958
 -0.620958
 -0.619958
 -0.618958
 -0.617958
 -0.616958
 -0.615958
 -0.614958
 -0.613958
 -0.612958
 -0.611958
 -0.610958
 -0.609958
 -0.608958
 -0.607958
 -0.606958
 -0.605958
 -0.604958
 -0.603958
 -0.602958
 -0.601958
 -0.600958
 -0.599958
 -0.598958
 -0.597959
 -0.596959
 -0.595959
 -0.594959
 -0.593959
 -0.592959
 -0.591959
 -0.590959
 -0.589959
 -0.588959
 -0.587959
 -0.586959
 -0.585959
 -0.584959
 -0.583959
 -0.582959
 -0.581959
 -0.580959
 -0.579959
 -0.578959
 -0.577959
 -0.576959
 -0.575959
 -0.574959
 -0.573959
 -0.572959
 -0.571959
 -0.570959
 -0.569959
 -0.568959
 -0.567959
 -0.566959
 -0.565959
 -0.564959
 -0.563959
 -0.562959
 -0.561959
 -0.560959
 -0.559959
 -0.558959
 -0.557959
 -0.556959
 -0.555959
 -0.554959
 -0.553959
 -0.552959
 -0.551959
 -0.550959
 -0.549959
 -0.548959
 -0.547959
 -0.546959
 -0.545959
 -0.544959
 -0.543959
 -0.542959
 -0.541959
 -0.540959
 -0.539959
 -0.538959
 -0.537959
 -0.536959
 -0.535959
 -0.534959
 -0.533959
 -0.532959
 -0.531959
 -0.530959
 -0.529959
 -0.528959
 -0.527959
 -0.526959
 -0.525959
 -0.524959
 -0.523959
 -0.522959
 -0.521959
 -0.520959
 -0.519960
 -0.518960
 -0.517960
 -0.516960
 -0.515960
 -0.514960
 -0.513960
 -0.512960
 -0.511960
 -0.510960
 -0.509960
 -0.508960
 -0.507960
 -0.506960
 -0.505960
 -0.504960
 -0.503960
 -0.502960
 -0.501960
 -0.500960
 -0.499960
 -0.498960
 -0.497960
 -0.496960
 -0.495960
 -0.494960
 -0.493960
 -0.492960
 -0.491960
 -0.490960
 -0.489960
 -0.488960
 -0.487960
 -0.486960
 -0.485960
 -0.484960
 -0.483960
 -0.482960
 -0.481960
 -0.480960
 -0.479960
 -0.478960
 -0.477960
 -0.476960
 -0.475960
 -0.474960
 -0.473960
 -0.472960
 -0.471960
 -0.470960
 -0.469960
 -0.468960
 -0.467960
 -0.466960
 -0.465960
 -0.464960
 -0.463960
 -0.462960
 -0.461960
 -0.460960
 -0.459960
 -0.458960
 -0.457960
 -0.456960
 -0.455960
 -0.454960
 -0.453960
 -0.452960
 -0.451960
 -0.450960
 -0.449960
 -0.448960
 -0.447960
 -0.446960
 -0.445960
 -0.444960
 -0.443960
 -0.442961
 -0.441961
 -0.440961
 -0.439961
 -0.438961
 -0.437961
 -0.436961
 -0.435961
 -0.434961
 -0.433961
 -0.432961
 -0.431961
 -0.430961
 -0.429961
 -0.428961
 -0.427961
 -0.426961
 -0.425961
 -0.424961
 -0.423961
 -0.422961
 -0.421961
 -0.420961
 -0.419961
 -0.418961
 -0.417961
 -0.416961
 -0.415961
 -0.414961
 -0.413961
 -0.412961
 -0.411961
 -0.410961
 -0.409961
 -0.408961
 -0.407961
 -0.406961
 -0.405961
 -0.404961
 -0.403961
 -0.402961
 -0.401961
 -0.400961
 -0.399961
 -0.398961
 -0.397961
 -0.396961
 -0.395961
 -0.394961
 -0.393961
 -0.392961
 -0.391961
 -0.390961
 -0.389961
 -0.388961
 -0.387961
 -0.386961
 -0.385961
 -0.384961
 -0.383961
 -0.382961
 -0.381961
 -0.380961
 -0.379961
 -0.378961
 -0.377961
 -0.376961
 -0.375961
 -0.374961
 -0.373961
 -0.372961
 -0.371961
 -0.370961
 -0.369961
 -0.368961
 -0.367961
 -0.366961
 -0.365961
 -0.364962
 -0.363962
 -0.362962
 -0.361962
 -0.360962
 -0.359962
 -0.358962
 -0.357962
 -0.356962
 -0.355962
 -0.354962
 -0.353962
 -0.352962
 -0.351962
 -0.350962
 -0.349962
 -0.348962
 -0.347962
 -0.346962
 -0.345962
 -0.344962
 -0.343962
 -0.342962
 -0.341962
 -0.340962
 -0.339962
 -0.338962
 -0.337962
 -0.336962
 -0.335962
 -0.334962
 -0.333962
 -0.332962
 -0.331962
 -0.330962
 -0.329962
 -0.328962
 -0.327962
 -0.326962
 -0.325962
 -0.324962
 -0.323962
 -0.322962
 -0.321962
 -0.320962
 -0.319962
 -0.316962
 -0.315962
 -0.314962
 -0.313962
 -0.312962
 -0.311962
 -0.310962
 -0.309962
 -0.308962
 -0.307962
 -0.306962
 -0.305962
 -0.304962
 -0.303962
 -0.302962
 -0.301962
 -0.300962
 -0.299962
 -0.298962
 -0.297962
 -0.296962
 -0.295962
 -0.294962
 -0.293962
 -0.292962
 -0.291962
 -0.290962
 -0.289962
 -0.288962
 -0.287962
 -0.286963
 -0.285963
 -0.284963
 -0.283963
 -0.282963
 -0.281963
 -0.280963
 -0.279963
 -0.278963
 -0.277963
 -0.276963
 -0.275963
 -0.274963
 -0.273963
 -0.272963
 -0.271963
 -0.270963
 -0.269963
 -0.268963
 -0.267963
 -0.266963
 -0.265963
 -0.264963
 -0.263963
 -0.262963
 -0.261963
 -0.260963
 -0.259963
 -0.258963
 -0.257963
 -0.256963
 -0.255963
 -0.254963
 -0.253963
 -0.252963
 -0.251963
 -0.250963
 -0.249963
 -0.248963
 -0.247963
 -0.246963
 -0.245963
 -0.244963
 -0.243963
 -0.242963
 -0.241963
 -0.240963
 -0.239963
 -0.238963
 -0.237963
 -0.236963
 -0.235963
 -0.234963
 -0.233963
 -0.232963
 -0.231963
 -0.230963
 -0.229963
 -0.228963
 -0.227963
 -0.226963
 -0.225963
 -0.224963
 -0.223963
 -0.222963
 -0.221963
 -0.220963
 -0.219963
 -0.218963
 -0.217963
 -0.216963
 -0.215963
 -0.214963
 -0.213963
 -0.212963
 -0.211963
 -0.210963
 -0.209963
 -0.208963
 -0.207963
 -0.206963
 -0.205963
 -0.204963
 -0.203963
 -0.202963
 -0.201963
 -0.200963
 -0.199963
 -0.198963
 -0.197963
 -0.196963
 -0.195963
 -0.194963
 -0.193963
 -0.192963
 -0.191963
 -0.190963
 -0.189963
 -0.188963
 -0.187963
 -0.186963
 -0.185963
 -0.184963
 -0.183963
 -0.182963
 -0.181963
 -0.180963
 -0.179963
 -0.178963
 -0.177963
 -0.176963
 -0.175963
 -0.174963
 -0.173963
 -0.172963
 -0.171963
 -0.170963
 -0.169963
 -0.168963
 -0.167963
 -0.166963
 -0.165963
 -0.164963
 -0.163963
 -0.162963
 -0.161963
 -0.160963
 -0.159963
 -0.158963
 -0.157963
 -0.156963
 -0.155963
 -0.154963
 -0.153963
 -0.152963
 -0.151963
 -0.150963
 -0.149963
 -0.148963
 -0.147963
 -0.146963
 -0.145963
 -0.144963
 -0.143963
 -0.142963
 -0.141963
 -0.140963
 -0.139963
 -0.138963
 -0.137963
 -0.136963
 -0.135963
 -0.134963
 -0.133963
 -0.132963
 -0.131963
 -0.130963
 -0.129963
 -0.128963
 -0.127963
 -0.126963
 -0.125963
 -0.124963
 -0.123963
 -0.122963
 -0.121963
 -0.120963
 -0.119963
 -0.118963
 -0.117963
 -0.116963
 -0.115963
 -0.114963
 -0.113963
 -0.112963
 -0.111963
 -0.110963
 -0.109963
 -0.108963
 -0.107963
 -0.106963
 -0.105963
 -0.104963
 -0.103963
 -0.102963
 -0.101963
 -0.100963
 -0.099963
 -0.098963
 -0.097963
 -0.096963
 -0.095963
 -0.094963
 -0.093963
 -0.092963
 -0.091963
 -0.090963
 -0.089963
 -0.088963
 -0.087963
 -0.086963
 -0.085963
 -0.084963
 -0.083963
 -0.082963
 -0.081963
 -0.080963
 -0.079963
 -0.078963
 -0.077963
 -0.076963
 -0.075963
 -0.074963
 -0.073963
 -0.072963
 -0.071963
 -0.070963
 -0.069963
 -0.068963
 -0.067963
 -0.066963
 -0.065963
 -0.064963
 -0.063963
 -0.062963
 -0.061963
 -0.060963
 -0.059963
 -0.058963
 -0.057963
 -0.056963
 -0.055963
 -0.054963
 -0.053963
 -0.052963
 -0.051963
 -0.050963
 -0.049963
 -0.048963
 -0.047963
 -0.046963
 -0.045963
 -0.044963
 -0.043963
 -0.042963
 -0.041963
 -0.040963
 -0.039963
 -0.038963
 -0.037963
 -0.036963
 -0.035963
 -0.034963
 -0.033963
 -0.032963
 -0.031963
 -0.030963
 -0.029963
 -0.028963
 -0.027963
 -0.026963
 -0.025963
 -0.024963
 -0.023963
 -0.022963
 -0.021963
 -0.020963
 -0.019963
 -0.018963
 -0.017963
 -0.016963
 -0.015963
 -0.014963
 -0.013963
 -0.012963
 -0.011963
 -0.010963
 -0.009963
 -0.008963
 -0.007963
 -0.006963
 -0.005963
 -0.004963
 -0.003963
 -0.002963
 -0.001963
 -0.000963
 0.000037
 0.001037
 0.002037
 0.003037
 0.004037
 0.005037
 0.006037
 0.007037
 0.008037
 0.009037
 0.010037
 0.011037
 0.012037
 0.013037
 0.014037
 0.015037
 0.016037
 0.017037
 0.018037
 0.019037
 0.020037
 0.021037
 0.022037
 0.023037
 0.024037
 0.025037
 0.026037
 0.027037
 0.028037
 0.029037
 0.030037
 0.031037
 0.032037
 0.033037
 0.034037
 0.035037
 0.036037
 0.037037
 0.038037
 0.039037
 0.040037
 0.041037
 0.042037
 0.043037
 0.044037
 0.045037
 0.046037
 0.047037
 0.048037
 0.049037
 0.050037
 0.051037
 0.052037
 0.053037
 0.054037
 0.055037
 0.056037
 0.057037
 0.058037
 0.059037
 0.060037
 0.061037
 0.062037
 0.063037
 0.064037
 0.065037
 0.066037
 0.067037
 0.068037
 0.069037
 0.070037
 0.071037
 0.072037
 0.073037
 0.074037
 0.075037
 0.076037
 0.077037
 0.078037
 0.079037
 0.080037
 0.081037
 0.082037
 0.083037
 0.084037
 0.085037
 0.086037
 0.087037
 0.088037
 0.089037
 0.090037
 0.091037
 0.092037
 0.093037
 0.094037
 0.095037
 0.096037
 0.097037
 0.098037
 0.099037
 0.100037
 0.101037
 0.102037
 0.103037
 0.104037
 0.105037
 0.106037
 0.107037
 0.108037
 0.109037
 0.110037
 0.111037
 0.112037
 0.113037
 0.114037
 0.115037
 0.116037
 0.117037
 0.118037
 0.119037
 0.120037
 0.121037
 0.122037
 0.123037
 0.124037
 0.125037
 0.126037
 0.127037
 0.128037
 0.129037
 0.130037
 0.131037
 0.132037
 0.133037
 0.134037
 0.135037
 0.136037
 0.137037
 0.138037
 0.139037
 0.140037
 0.141037
 0.142037
 0.143037
 0.144037
 0.145037
 0.146037
 0.147037
 0.148037
 0.149037
 0.150037
 0.151037
 0.152037
 0.153037
 0.154037
 0.155037
 0.156037
 0.157037
 0.158037
 0.159038
 0.160038
 0.161038
 0.162038
 0.163038
 0.164038
 0.165038
 0.166038
 0.167038
 0.168038
 0.169038
 0.170038
 0.171038
 0.172038
 0.173038
 0.174038
 0.175038
 0.176038
 0.177038
 0.178038
 0.179038
 0.180038
 0.181038
 0.182038
 0.183038
 0.184038
 0.185038
 0.186038
 0.187038
 0.188038
 0.189038
 0.190038
 0.191038
 0.192038
 0.193038
 0.194038
 0.195038
 0.196038
 0.197038
 0.198038
 0.199038
 0.200038
 0.201038
 0.202038
 0.203038
 0.204038
 0.205038
 0.206038
 0.207038
 0.208038
 0.209038
 0.210038
 0.211038
 0.212038
 0.213038
 0.214038
 0.215038
 0.216038
 0.217038
 0.218038
 0.219038
 0.220038
 0.221038
 0.222038
 0.223038
 0.224038
 0.225038
 0.226038
 0.227038
 0.228038
 0.229038
 0.230038
 0.231038
 0.232038
 0.233038
 0.234038
 0.235038
 0.236038
 0.237038
 0.238038
 0.239038
 0.240038
 0.241038
 0.242038
 0.243038
 0.244038
 0.245038
 0.246038
 0.247038
 0.248038
 0.249038
 0.250038
 0.251038
 0.252038
 0.253038
 0.254038
 0.255038
 0.256038
 0.257038
 0.258038
 0.259038
 0.260038
 0.261038
 0.262038
 0.263038
 0.264037
 0.265037
 0.266037
 0.267037
 0.268037
 0.269037
 0.270037
 0.271037
 0.272037
 0.273037
 0.274037
 0.275037
 0.276037
 0.277037
 0.278037
 0.279037
 0.280037
 0.281037
 0.282037
 0.283037
 0.284037
 0.285037
 0.286037
 0.287037
 0.288037
 0.289037
 0.290037
 0.291037
 0.292037
 0.293037
 0.294037
 0.295037
 0.296037
 0.297037
 0.298037
 0.299037
 0.300037
 0.301037
 0.302037
 0.303037
 0.304037
 0.305037
 0.306037
 0.307037
 0.308037
 0.309037
 0.310037
 0.311037
 0.312037
 0.313037
 0.314037
 0.315037
 0.316037
 0.317037
 0.319037
 0.320037
 0.321037
 0.322037
 0.323037
 0.324037
 0.325037
 0.326037
 0.327037
 0.328037
 0.329037
 0.330037
 0.331037
 0.332037
 0.333037
 0.334037
 0.335037
 0.336037
 0.337037
 0.338037
 0.339037
 0.340037
 0.341036
 0.342036
 0.343036
 0.344036
 0.345036
 0.346036
 0.347036
 0.348036
 0.349036
 0.350036
 0.351036
 0.352036
 0.353036
 0.354036
 0.355036
 0.356036
 0.357036
 0.358036
 0.359036
 0.360036
 0.361036
 0.362036
 0.363036
 0.364036
 0.365036
 0.366036
 0.367036
 0.368036
 0.369036
 0.370036
 0.371036
 0.372036
 0.373036
 0.374036
 0.375036
 0.376036
 0.377036
 0.378036
 0.379036
 0.380036
 0.381036
 0.382036
 0.383036
 0.384036
 0.385036
 0.386036
 0.387036
 0.388036
 0.389036
 0.390036
 0.391036
 0.392036
 0.393036
 0.394036
 0.395036
 0.396036
 0.397036
 0.398036
 0.399036
 0.400036
 0.401036
 0.402036
 0.403036
 0.404036
 0.405036
 0.406036
 0.407036
 0.408036
 0.409036
 0.410036
 0.411036
 0.412036
 0.413036
 0.414036
 0.415036
 0.416036
 0.417036
 0.418036
 0.419035
 0.420035
 0.421035
 0.422035
 0.423035
 0.424035
 0.425035
 0.426035
 0.427035
 0.428035
 0.429035
 0.430035
 0.431035
 0.432035
 0.433035
 0.434035
 0.435035
 0.436035
 0.437035
 0.438035
 0.439035
 0.440035
 0.441035
 0.442035
 0.443035
 0.444035
 0.445035
 0.446035
 0.447035
 0.448035
 0.449035
 0.450035
 0.451035
 0.452035
 0.453035
 0.454035
 0.455035
 0.456035
 0.457035
 0.458035
 0.459035
 0.460035
 0.461035
 0.462035
 0.463035
 0.464035
 0.465035
 0.466035
 0.467035
 0.468035
 0.469035
 0.470035
 0.471035
 0.472035
 0.473035
 0.474035
 0.475035
 0.476035
 0.477035
 0.478035
 0.479035
 0.480035
 0.481035
 0.482035
 0.483035
 0.484035
 0.485035
 0.486035
 0.487035
 0.488035
 0.489035
 0.490035
 0.491035
 0.492035
 0.493035
 0.494035
 0.495035
 0.496035
 0.497034
 0.498034
 0.499034
 0.500034
 0.501034
 0.502034
 0.503034
 0.504034
 0.505034
 0.506034
 0.507034
 0.508034
 0.509034
 0.510034
 0.511034
 0.512034
 0.513034
 0.514034
 0.515034
 0.516034
 0.517034
 0.518034
 0.519034
 0.520034
 0.521034
 0.522034
 0.523034
 0.524034
 0.525034
 0.526034
 0.527034
 0.528034
 0.529034
 0.530034
 0.531034
 0.532034
 0.533034
 0.534034
 0.535034
 0.536034
 0.537034
 0.538034
 0.539034
 0.540034
 0.541034
 0.542034
 0.543034
 0.544034
 0.545034
 0.546034
 0.547034
 0.548034
 0.549034
 0.550034
 0.551034
 0.552034
 0.553034
 0.554034
 0.555034
 0.556034
 0.557034
 0.558034
 0.559034
 0.560034
 0.561034
 0.562034
 0.563034
 0.564034
 0.565034
 0.566034
 0.567034
 0.568034
 0.569034
 0.570034
 0.571034
 0.572034
 0.573034
 0.574033
 0.575033
 0.576033
 0.577033
 0.578033
 0.579033
 0.580033
 0.581033
 0.582033
 0.583033
 0.584033
 0.585033
 0.586033
 0.587033
 0.588033
 0.589033
 0.590033
 0.591033
 0.592033
 0.593033
 0.594033
 0.595033
 0.596033
 0.597033
 0.598033
 0.599033
 0.600033
 0.601033
 0.602033
 0.603033
 0.604033
 0.605033
 0.606033
 0.607033
 0.608033
 0.609033
 0.610033
 0.611033
 0.612033
 0.613033
 0.614033
 0.615033
 0.616033
 0.617033
 0.618033
 0.619033
 0.620033
 0.621033
 0.622033
 0.623033
 0.624033
 0.625033
 0.626033
 0.627033
 0.628033
 0.629033
 0.630033
 0.631033
 0.632033
 0.633033
 0.634033
 0.635033
 0.636033
 0.637033
 0.638033
 0.639033
 0.640033
 0.641033
 0.642033
 0.643033
 0.644033
 0.645033
 0.646033
 0.647033
 0.648033
 0.649033
 0.650033
 0.651033
 0.652032
 0.653032
 0.654032
 0.655032
 0.656032
 0.657032
 0.658032
 0.659032
 0.660032
 0.661032
 0.662032
 0.663032
 0.664032
 0.665032
 0.666032
 0.667032
 0.668032
 0.669032
 0.670032
 0.671032
 0.672032
 0.673032
 0.674032
 0.675032
 0.676032
 0.677032
 0.678032
 0.679032
 0.680032
 0.681032
 0.682032
 0.683032
 0.684032
 0.685032
 0.686032
 0.687032
 0.688032
 0.689032
 0.690032
 0.691032
 0.692032
 0.693032
 0.694032
 0.695032
 0.696032
 0.697032
 0.698032
 0.699032
 0.700032
 0.701032
 0.702032
 0.703032
 0.704032
 0.705032
 0.706032
 0.707032
 0.708032
 0.709032
 0.710032
 0.711032
 0.712032
 0.713032
 0.714032
 0.715032
 0.716032
 0.717032
 0.718032
 0.719032
 0.720032
 0.721032
 0.722032
 0.723032
 0.724032
 0.725032
 0.726032
 0.727032
 0.728032
 0.729032
 0.730031
 0.731031
 0.732031
 0.733031
 0.734031
 0.735031
 0.736031
 0.737031
 0.738031
 0.739031
 0.740031
 0.741031
 0.742031
 0.743031
 0.744031
 0.745031
 0.746031
 0.747031
 0.748031
 0.749031
 0.750031
 0.751031
 0.752031
 0.753031
 0.754031
 0.755031
 0.756031
 0.757031
 0.758031
 0.759031
 0.760031
 0.761031
 0.762031
 0.763031
 0.764031
 0.765031
 0.766031
 0.767031
 0.768031
 0.769031
 0.770031
 0.771031
 0.772031
 0.773031
 0.774031
 0.775031
 0.776031
 0.777031
 0.778031
 0.779031
 0.780031
 0.781031
 0.782031
 0.783031
 0.784031
 0.785031
 0.786031
 0.787031
 0.788031
 0.789031
 0.790031
 0.791031
 0.792031
 0.793031
 0.794031
 0.795031
 0.796031
 0.797031
 0.798031
 0.799031
 0.800031
 0.801031
 0.802031
 0.803031
 0.804031
 0.805031
 0.806031
 0.807030
 0.808030
 0.809030
 0.810030
 0.811030
 0.812030
 0.813030
 0.814030
 0.815030
 0.816030
 0.817030
 0.818030
 0.819030
 0.820030
 0.821030
 0.822030
 0.823030
 0.824030
 0.825030
 0.826030
 0.827030
 0.828030
 0.829030
 0.830030
 0.831030
 0.832030
 0.833030
 0.834030
 0.835030
 0.836030
 0.837030
 0.838030
 0.839030
 0.840030
 0.841030
 0.842030
 0.843030
 0.844030
 0.845030
 0.846030
 0.847030
 0.848030
 0.849030
 0.850030
 0.851030
 0.852030
 0.853030
 0.854030
 0.855030
 0.856030
 0.857030
 0.858030
 0.938029
 0.939029
 0.940029
 0.941029
 0.942029
 0.982028
 1.048030
 1.049030
 1.141035
 1.142035
 1.143035
 1.144035
 1.145035
 1.146035
 1.147035
 1.148035
 1.149035
 1.150035
 1.151035
 1.152035
 1.153035
 1.154035
 1.156035
 1.157035
 1.158035
 1.159035
 1.160035
 1.161036
 1.162036
 1.246040
 1.323043
 1.466050
 1.467050
 1.468050
 1.469050
 1.470050
 1.471050
 1.472050
 1.473050
 1.474050
 1.475050
 1.476050
 1.477050
 1.478050
 1.479050
 1.480050
 1.481050
 1.482051
 1.483051
 1.484051
 1.485051
 1.486051
 1.487051
 1.488051
 1.489051
 1.490051
 1.491051
 1.492051
 1.493051
 1.494051
 1.495051
 1.496051
 1.497051
 1.498051
 1.499051
 1.500051
 1.501051
 1.502051
 1.503052
 1.504052
 1.505052
 1.506052
 1.507052
 1.508052
 1.509052
 1.510052
 1.511052
 1.512052
 1.513052
 1.514052
 1.515052
 1.516052
 1.517052
 1.518052
 1.519052
 1.520052
 1.521052
 1.522052
 1.523052
 1.524053
 1.525053
 1.526053
 1.527053
 1.528053
 1.529053
 1.530053
 1.531053
 1.532053
 1.533053
 1.534053
 1.535053
 1.536053
 1.537053
 1.538053
 1.539053
 1.540053
 1.541053
 1.542053
 1.543053
 1.544053
 1.545053
 1.546054
 1.547054
 1.548054
 1.549054
 1.550054
 1.551054
 1.552054
 1.553054
 1.554054
 1.555054
 1.556054
 1.557054
 1.558054
 1.559054
 1.560054
 1.561054
 1.562054
 1.563054
 1.564054
 1.565054
 1.566054
 1.567055
 1.568055
 1.569055
 1.570055
 1.571055
 1.572055
 1.573055
 1.574055
 1.575055
 1.576055
 1.577055
 1.578055
 1.579055
 1.580055
 1.581055
 1.582055
 1.583055
 1.584055
 1.585055
 1.586055
 1.587055
 1.588055
 1.589056
 1.590056
 1.591056
 1.592056
 1.593056
 1.594056
 1.595056
 1.596056
 1.597056
 1.598056
 1.599056
 1.600056
 1.601056
 1.602056
 1.603056
 1.604056
 1.605056
 1.606056
 1.607056
 1.608056
 1.609056
 1.610057
 1.611057
 1.612057
 1.613057
 1.614057
 1.615057
 1.616057
 1.617057
 1.618057
 1.619057
 1.620057
 1.621057
 1.622057
 1.623057
 1.624057
 1.625057
 1.626057
 1.627057
 1.628057
 1.629057
 1.630057
 1.631058
 1.632058
 1.633058
 1.634058
 1.635058
 1.636058
 1.637058
 1.638058
 1.639058
 1.640058
 1.641058
 1.642058
 1.643058
 1.644058
 1.645058
 1.646058
 1.647058
 1.648058
 1.649058
 1.650058
 1.651058
 1.652058
 1.653059
 1.654059
 1.655059
 1.657059
 1.658059
 1.659059
 1.660059
 1.661059
 1.662059
 1.663059
 1.664059
 1.665059
 1.666059
 1.667059
 1.668059
 1.669059
 1.715061
 1.716061
 1.916071
 1.917071
 1.918071
 1.919071
 1.943072
 1.987074
