-1.578980
-1.575980
-1.574980
-1.573980
-1.572980
-1.571980
-1.570980
-1.569980
-1.568980
-1.567980
-1.566980
-1.565980
-1.564980
-1.563980
-1.562980
-1.561980
-1.560979
-1.559979
-1.558979
-1.557979
-1.556979
-1.553979
-1.552979
-1.548979
-1.538978
-1.535978
-0.314962
-0.313962
-0.312962
-0.311962
-0.310962
-0.309962
-0.308962
-0.307962
-0.306962
-0.305962
-0.304962
-0.303962
-0.302962
-0.301962
-0.300962
-0.299962
-0.298962
-0.297962
-0.296962
-0.295962
-0.294962
-0.293962
-0.292962
-0.291962
-0.290962
-0.289962
-0.288962
-0.287962
-0.286963
-0.285963
-0.284963
-0.283963
-0.282963
-0.281963
-0.280963
-0.279963
-0.278963
-0.277963
-0.276963
-0.275963
-0.274963
-0.273963
-0.272963
-0.271963
-0.270963
-0.269963
-0.268963
-0.267963
-0.266963
-0.265963
-0.264963
-0.263963
-0.262963
-0.261963
-0.260963
-0.259963
-0.258963
-0.257963
-0.256963
-0.255963
-0.254963
-0.253963
-0.252963
-0.251963
-0.250963
-0.249963
-0.248963
-0.247963
-0.246963
-0.245963
-0.244963
-0.243963
-0.242963
-0.241963
-0.240963
-0.239963
-0.238963
-0.237963
-0.236963
-0.235963
-0.234963
-0.233963
-0.232963
-0.231963
-0.230963
-0.229963
-0.228963
-0.227963
-0.226963
-0.225963
-0.224963
-0.223963
-0.222963
-0.221963
-0.220963
-0.219963
-0.218963
-0.217963
-0.216963
-0.215963
-0.214963
-0.213963
-0.212963
-0.211963
-0.210963
-0.209963
-0.208963
-0.207963
-0.206963
-0.205963
-0.204963
-0.203963
-0.202963
-0.201963
-0.200963
-0.199963
-0.198963
-0.197963
-0.196963
-0.195963
-0.194963
-0.193963
-0.192963
-0.191963
-0.190963
-0.189963
-0.188963
-0.187963
-0.186963
-0.185963
-0.184963
-0.183963
-0.182963
-0.181963
-0.180963
-0.179963
-0.178963
-0.177963
-0.176963
-0.175963
-0.174963
-0.173963
-0.172963
-0.171963
-0.170963
-0.169963
-0.168963
-0.167963
-0.166963
-0.165963
-0.164963
-0.163963
-0.162963
-0.161963
-0.160963
-0.159963
-0.158963
-0.157963
-0.156963
-0.155963
-0.154963
-0.153963
-0.152963
-0.151963
-0.150963
-0.149963
-0.148963
-0.147963
-0.146963
-0.145963
-0.144963
-0.143963
-0.142963
-0.141963
-0.140963
-0.139963
-0.138963
-0.137963
-0.136963
-0.135963
-0.134963
-0.133963
-0.132963
-0.131963
-0.130963
-0.129963
-0.128963
-0.127963
-0.126963
-0.125963
-0.124963
-0.123963
-0.122963
-0.121963
-0.120963
-0.119963
-0.118963
-0.117963
-0.116963
-0.115963
-0.114963
-0.113963
-0.112963
-0.111963
-0.110963
-0.109963
-0.108963
-0.107963
-0.106963
-0.105963
-0.104963
-0.103963
-0.102963
-0.101963
-0.100963
-0.099963
-0.098963
-0.097963
-0.096963
-0.095963
-0.094963
-0.093963
-0.092963
-0.091963
-0.090963
-0.089963
-0.088963
-0.087963
-0.086963
-0.085963
-0.084963
-0.083963
-0.082963
-0.081963
-0.080963
-0.079963
-0.078963
-0.077963
-0.076963
-0.075963
-0.074963
-0.073963
-0.072963
-0.071963
-0.070963
-0.069963
-0.068963
-0.067963
-0.066963
-0.065963
-0.064963
-0.063963
-0.062963
-0.061963
-0.060963
-0.059963
-0.058963
-0.057963
-0.056963
-0.055963
-0.054963
-0.053963
-0.052963
-0.051963
-0.050963
-0.049963
-0.048963
-0.047963
-0.046963
-0.045963
-0.044963
-0.043963
-0.042963
-0.041963
-0.040963
-0.039963
-0.038963
-0.037963
-0.036963
-0.035963
-0.034963
-0.033963
-0.032963
-0.031963
-0.030963
-0.029963
-0.028963
-0.027963
-0.026963
-0.025963
-0.024963
-0.023963
-0.022963
-0.021963
-0.020963
-0.019963
-0.018963
-0.017963
-0.016963
-0.015963
-0.014963
-0.013963
-0.012963
-0.011963
-0.010963
-0.009963
-0.008963
-0.007963
-0.006963
-0.005963
-0.004963
-0.003963
-0.002963
-0.001963
-0.000963
0.000037
0.001037
0.002037
0.003037
0.004037
0.005037
0.006037
0.007037
0.008037
0.009037
0.010037
0.011037
0.012037
0.013037
0.014037
0.015037
0.016037
0.017037
0.018037
0.019037
0.020037
0.021037
0.022037
0.023037
0.024037
0.025037
0.026037
0.027037
0.028037
0.029037
0.030037
0.031037
0.032037
0.033037
0.034037
0.035037
0.036037
0.037037
0.038037
0.039037
0.040037
0.041037
0.042037
0.043037
0.044037
0.045037
0.046037
0.047037
0.048037
0.049037
0.050037
0.051037
0.052037
0.053037
0.054037
0.055037
0.056037
0.057037
0.058037
0.059037
0.060037
0.061037
0.062037
0.063037
0.064037
0.065037
0.066037
0.067037
0.068037
0.069037
0.070037
0.071037
0.072037
0.073037
0.074037
0.075037
0.076037
0.077037
0.078037
0.079037
0.080037
0.081037
0.082037
0.083037
0.084037
0.085037
0.086037
0.087037
0.088037
0.089037
0.090037
0.091037
0.092037
0.093037
0.094037
0.095037
0.096037
0.097037
0.098037
0.099037
0.100037
0.101037
0.102037
0.103037
0.104037
0.105037
0.106037
0.107037
0.108037
0.109037
0.110037
0.111037
0.112037
0.113037
0.114037
0.115037
0.116037
0.117037
0.118037
0.119037
0.120037
0.121037
0.122037
0.123037
0.124037
0.125037
0.126037
0.127037
0.128037
0.129037
0.130037
0.131037
0.132037
0.133037
0.134037
0.135037
0.136037
0.137037
0.138037
0.139037
0.140037
0.141037
0.142037
0.143037
0.144037
0.145037
0.146037
0.147037
0.148037
0.149037
0.150037
0.151037
0.152037
0.153037
0.154037
0.155037
0.156037
0.157037
0.158037
0.159038
0.160038
0.161038
0.162038
0.163038
0.164038
0.165038
0.166038
0.167038
0.168038
0.169038
0.170038
0.171038
0.172038
0.173038
0.174038
0.175038
0.176038
0.177038
0.178038
0.179038
0.180038
0.181038
0.182038
0.183038
0.184038
0.185038
0.186038
0.187038
0.188038
0.189038
0.190038
0.191038
0.192038
0.193038
0.194038
0.195038
0.196038
0.197038
0.198038
0.199038
0.200038
0.201038
0.202038
0.203038
0.204038
0.205038
0.206038
0.207038
0.208038
0.209038
0.210038
0.211038
0.212038
0.213038
0.214038
0.215038
0.216038
0.217038
0.218038
0.219038
0.220038
0.221038
0.222038
0.223038
0.224038
0.225038
0.226038
0.227038
0.228038
0.229038
0.230038
0.231038
0.232038
0.233038
0.234038
0.235038
0.236038
0.237038
0.238038
0.239038
0.240038
0.241038
0.242038
0.243038
0.244038
0.245038
0.246038
0.247038
0.248038
0.249038
0.250038
0.251038
0.252038
0.253038
0.254038
0.255038
0.256038
0.257038
0.258038
0.259038
0.260038
0.261038
0.262038
0.263038
0.264037
0.265037
0.266037
0.267037
0.268037
0.269037
0.270037
0.271037
0.272037
0.273037
0.274037
0.275037
0.276037
0.277037
0.278037
0.279037
0.280037
0.281037
0.282037
0.283037
0.284037
0.285037
0.286037
0.287037
0.288037
0.289037
0.290037
0.291037
0.292037
0.293037
0.294037
0.295037
0.296037
0.297037
0.298037
0.299037
0.300037
0.301037
0.302037
0.303037
0.304037
0.305037
0.306037
0.307037
0.308037
0.309037
0.310037
0.311037
0.312037
0.313037
0.314037
0.315037
