0.000000
0.000000
0.463648
0.785398
1.570796
1.570796
2.034444
2.356194
2.034444
2.356194
2.677945
2.356194
2.553590
2.356194
2.677945
2.819842
2.896614
3.141593
-2.896614
-2.819842
-2.896614
-2.819842
-2.896614
3.141593
2.896614
3.141593
2.896614
2.677945
2.498092
2.356194
2.158799
2.034444
1.815775
1.570796
1.570796
1.570796
1.815775
1.768192
1.951303
1.892547
2.034444
2.158799
2.089942
2.191046
2.129396
2.077895
2.129396
2.191046
2.089942
2.191046
2.279423
2.356194
2.432966
2.356194
2.289626
2.214297
2.289626
2.231839
2.297439
2.356194
2.408778
2.466852
2.530867
2.466852
2.512796
2.455863
2.403778
2.356194
2.399645
2.356194
2.399645
2.446854
2.485897
2.536048
2.589938
2.647651
2.709185
2.774419
2.709185
2.736701
2.677945
2.704965
2.651635
2.677945
2.651635
2.704965
2.761086
2.782822
2.802300
2.782822
2.802300
2.819842
2.770701
2.723368
2.743070
2.788602
2.835714
2.884269
2.835714
2.788602
2.770701
2.723368
2.701750
2.723368
2.770701
2.788602
2.804918
2.788602
2.770701
2.788602
2.770701
2.750986
2.701750
2.677945
2.701750
2.723368
2.701750
2.750986
2.729182
2.750986
2.802300
2.855541
2.838708
2.819842
2.761086
2.782822
2.761086
2.819842
2.838708
2.896614
2.880990
2.819842
2.838708
2.855541
2.910502
2.855541
2.870646
2.922924
2.976444
3.030935
3.036716
3.030935
2.976444
2.966920
2.976444
2.984991
3.036716
3.041924
3.036716
3.030935
3.036716
2.984991
3.036716
3.041924
3.036716
2.984991
3.036716
3.089010
3.036716
3.089010
3.086094
3.082837
3.024484
3.082837
3.079174
3.075024
3.141593
3.075024
3.009041
2.944197
2.930499
2.863293
2.880990
2.896614
2.910502
2.896614
2.880990
2.863293
2.798569
2.863293
2.798569
2.774419
2.843094
2.914794
2.988943
3.064821
3.141593
3.141593
3.141593
3.141593
3.058451
3.064821
3.141593
-3.064821
3.141593
3.141593
3.141593
3.141593
3.141593
3.030935
3.017238
3.030935
3.017238
3.141593
3.017238
3.141593
3.141593
3.141593
3.141593
3.141593
-2.976444
-2.944197
-2.976444
-2.819842
-2.863293
-2.896614
-2.782822
-2.819842
-2.782822
-2.736701
-2.863293
-2.736701
-2.677945
-2.553590
-2.677945
-2.819842
-2.677945
-2.553590
-2.677945
-2.736701
-2.622447
-2.677945
-2.582993
-2.498092
-2.432966
-2.498092
-2.553590
-2.601173
-2.677945
-2.601173
-2.530867
-2.480549
-2.414950
-2.356194
-2.303611
-2.256526
-2.308611
-2.256526
-2.199593
-2.256526
-2.308611
-2.356194
-2.408778
-2.356194
-2.303611
-2.256526
-2.308611
-2.356194
-2.308611
-2.356194
-2.403778
-2.356194
-2.403778
-2.455863
-2.498092
-2.446854
-2.399645
-2.356194
-2.308611
-2.356194
-2.399645
-2.356194
-2.396173
-2.356194
-2.316216
-2.279423
-2.316216
-2.273053
-2.316216
-2.273053
-2.316216
-2.279423
-2.236766
-2.191046
-2.236766
-2.279423
-2.316216
-2.356194
-2.312744
-2.273053
-2.312744
-2.265535
-2.308611
-2.356194
-2.399645
-2.439336
-2.399645
-2.356194
-2.399645
-2.439336
-2.485897
-2.536048
-2.589938
-2.553590
-2.512796
-2.553590
-2.589938
-2.553590
-2.613518
-2.647651
-2.589938
-2.647651
-2.589938
-2.622447
-2.570255
-2.622447
-2.677945
-2.736701
-2.677945
-2.736701
-2.677945
-2.647651
-2.613518
-2.553590
-2.498092
-2.446854
-2.399645
-2.356194
-2.308611
-2.356194
-2.399645
-2.356194
-2.403778
-2.356194
-2.408778
-2.356194
-2.303611
-2.256526
-2.308611
-2.265535
-2.214297
-2.158799
-2.098871
-2.064738
-2.098871
-2.137526
-2.070143
-2.137526
-2.181522
-2.245537
-2.303611
-2.256526
-2.303611
-2.256526
-2.214297
-2.265535
-2.308611
-2.256526
-2.214297
-2.176341
-2.122451
-2.176341
-2.226492
-2.176341
-2.122451
-2.089942
-2.122451
-2.176341
-2.226492
-2.265535
-2.226492
-2.265535
-2.214297
-2.158799
-2.098871
-2.034444
-1.965587
-1.892547
-1.869295
-1.892547
-1.919567
-1.837048
-1.815775
-1.735945
-1.653938
-1.661456
-1.670465
-1.661456
-1.670465
-1.661456
-1.570796
-1.570796
-1.487655
-1.494024
-1.499489
-1.570796
-1.642104
-1.647568
-1.570796
-1.570796
-1.499489
-1.504228
-1.508378
-1.570796
-1.508378
-1.512041
-1.508378
-1.446441
-1.385448
-1.373401
-1.359703
-1.292497
-1.310194
-1.325818
-1.310194
-1.325818
-1.385448
-1.396124
-1.405648
-1.414194
-1.421906
-1.428899
-1.475845
-1.471128
-1.475845
-1.471128
-1.520838
-1.518213
-1.465919
-1.471128
-1.520838
-1.570796
-1.520838
-1.570796
-1.570796
-1.518213
-1.465919
-1.460139
-1.515298
-1.460139
-1.453688
-1.446441
-1.508378
-1.570796
-1.570796
-1.570796
-1.499489
-1.570796
-1.499489
-1.504228
-1.499489
-1.504228
-1.508378
-1.446441
-1.453688
-1.396124
-1.385448
-1.396124
-1.453688
-1.512041
-1.453688
-1.460139
-1.515298
-1.570796
-1.570796
-1.570796
-1.570796
-1.570796
-1.515298
-1.518213
-1.520838
-1.570796
-1.620755
-1.618379
-1.665748
-1.661456
-1.657535
-1.700499
-1.657535
-1.661456
-1.706324
-1.700499
-1.706324
-1.750650
-1.794273
-1.750650
-1.742987
-1.750650
-1.759018
-1.712693
-1.759018
-1.804540
-1.794273
-1.784857
-1.776192
-1.784857
-1.794273
-1.750650
-1.742987
-1.735945
-1.776192
-1.768192
-1.806341
-1.815775
-1.825979
-1.837048
-1.878849
-1.892547
-1.849096
-1.837048
-1.849096
-1.892547
-1.849096
-1.804540
-1.794273
-1.837048
-1.794273
-1.837048
-1.825979
-1.815775
-1.854590
-1.843805
-1.806341
-1.843805
-1.854590
-1.843805
-1.833791
-1.797595
-1.806341
-1.815775
-1.806341
-1.843805
-1.880499
-1.869295
-1.904041
-1.869295
-1.858852
-1.824470
-1.815775
-1.824470
-1.833791
-1.824470
-1.833791
-1.797595
-1.789465
-1.824470
-1.789465
-1.753907
-1.789465
-1.797595
-1.806341
-1.797595
-1.760785
-1.723446
-1.760785
-1.753907
-1.747505
-1.753907
-1.760785
-1.753907
-1.717875
-1.681454
-1.677532
-1.673878
-1.639653
-1.605265
-1.606495
-1.605265
-1.604117
-1.637364
-1.604117
-1.605265
-1.570796
-1.605265
-1.604117
-1.605265
-1.570796
-1.536327
-1.501940
-1.504228
-1.501940
-1.536327
-1.570796
-1.536327
-1.535097
-1.536327
-1.501940
-1.536327
-1.537475
-1.538549
-1.570796
-1.570796
-1.570796
-1.601090
-1.570796
-1.570796
-1.600200
-1.601090
-1.631328
-1.661456
-1.631328
-1.601090
-1.602036
-1.570796
-1.539556
-1.570796
-1.539556
-1.508378
-1.539556
-1.508378
-1.506369
-1.504228
-1.501940
-1.499489
-1.464061
-1.428899
-1.464061
-1.467715
-1.471128
-1.474323
-1.471128
-1.504228
-1.537475
-1.570796
-1.537475
-1.570796
-1.570796
-1.605265
-1.604117
-1.605265
-1.604117
-1.603043
-1.570796
-1.603043
-1.570796
-1.603043
-1.635223
-1.633215
-1.664273
-1.633215
-1.664273
-1.661456
-1.664273
-1.633215
-1.631328
-1.633215
-1.602036
-1.633215
-1.664273
-1.695151
-1.664273
-1.661456
-1.664273
-1.661456
-1.631328
-1.629552
-1.631328
-1.629552
-1.658804
-1.656302
-1.627877
-1.626295
-1.598567
-1.597817
-1.598567
-1.599360
-1.598567
-1.597817
-1.570796
-1.543776
-1.543026
-1.570796
-1.543026
-1.543776
-1.544487
-1.545161
-1.544487
-1.518213
-1.516795
-1.543776
-1.543026
-1.515298
-1.487655
-1.515298
-1.516795
-1.489892
-1.492012
-1.494024
-1.495936
-1.520838
-1.495936
-1.520838
-1.522054
-1.523213
-1.524318
-1.523213
-1.522054
-1.523213
-1.499489
-1.523213
-1.499489
-1.501142
-1.478040
-1.475845
-1.499489
-1.523213
-1.546991
-1.570796
-1.546991
-1.547545
-1.548073
-1.525373
-1.502720
-1.525373
-1.526381
-1.548578
-1.570796
-1.570796
-1.548073
-1.548578
-1.570796
-1.570796
-1.548073
-1.547545
-1.570796
-1.547545
-1.546991
-1.547545
-1.548073
-1.548578
-1.570796
-1.570796
-1.570796
-1.570796
-1.570796
-1.592070
-1.592532
-1.614247
-1.635921
-1.657535
-1.679067
-1.700499
-1.721812
-1.742987
-1.764008
-1.784857
-1.780436
-1.759995
-1.780436
-1.784857
-1.805519
-1.810539
-1.831399
-1.825979
-1.831399
-1.810539
-1.815775
-1.821239
-1.842942
-1.837048
-1.858078
-1.878849
-1.872415
-1.866237
-1.872415
-1.852029
-1.831399
-1.837048
-1.842942
-1.821239
-1.826948
-1.821239
-1.826948
-1.832916
-1.826948
-1.821239
-1.799293
-1.821239
-1.799293
-1.804540
-1.799293
-1.804540
-1.799293
-1.794273
-1.799293
-1.804540
-1.810028
-1.815775
-1.821799
-1.815775
-1.839163
-1.832916
-1.855527
-1.849096
-1.855527
-1.832916
-1.810028
-1.786881
-1.781890
-1.759018
-1.735945
-1.739898
-1.763497
-1.739898
-1.744042
-1.748392
-1.773118
-1.768192
-1.744042
-1.748392
-1.723446
-1.719686
-1.716106
-1.739898
-1.763497
-1.768192
-1.744042
-1.719686
-1.716106
-1.719686
-1.695151
-1.698306
-1.673003
-1.675673
-1.673003
-1.647568
-1.622033
-1.620755
-1.622033
-1.620755
-1.619538
-1.618379
-1.619538
-1.618379
-1.594601
-1.570796
-1.570796
-1.570796
-1.546991
-1.546411
-1.522054
-1.520838
-1.522054
-1.546411
-1.546991
-1.547545
-1.546991
-1.547545
-1.570796
-1.594048
-1.570796
-1.570796
-1.570796
-1.570796
-1.570796
-1.570796
-1.570796
-1.595182
-1.619538
-1.595182
-1.595791
-1.596432
-1.622033
-1.623379
-1.597106
-1.623379
-1.649580
-1.623379
-1.622033
-1.647568
-1.649580
-1.675673
-1.673003
-1.698306
-1.695151
-1.698306
-1.673003
-1.675673
-1.673003
-1.670465
-1.645656
-1.620755
-1.645656
-1.647568
-1.673003
-1.698306
-1.695151
-1.698306
-1.695151
-1.692148
-1.695151
-1.698306
-1.701624
-1.698306
-1.701624
-1.705118
-1.678486
-1.705118
-1.701624
-1.705118
-1.701624
-1.675673
-1.673003
-1.698306
-1.701624
-1.698306
-1.701624
-1.727398
-1.752965
-1.748392
-1.752965
-1.757776
-1.783735
-1.757776
-1.762844
-1.735945
-1.708802
-1.712693
-1.684588
-1.687905
-1.684588
-1.687905
-1.691420
-1.687905
-1.691420
-1.695151
-1.664273
-1.661456
-1.664273
-1.633215
-1.664273
-1.633215
-1.635223
-1.637364
-1.639653
-1.642104
-1.606495
-1.605265
-1.604117
-1.570796
-1.604117
-1.605265
-1.604117
-1.570796
-1.537475
-1.536327
-1.570796
-1.570796
-1.570796
-1.570796
-1.604117
-1.637364
-1.639653
-1.673878
-1.677532
-1.642104
-1.606495
-1.605265
-1.604117
-1.637364
-1.670465
-1.703348
-1.670465
-1.703348
-1.670465
-1.637364
-1.635223
-1.633215
-1.631328
-1.661456
-1.664273
-1.633215
-1.631328
-1.661456
-1.664273
-1.695151
-1.725793
-1.756144
-1.761981
-1.768192
-1.761981
-1.730709
-1.699120
-1.667270
-1.664273
-1.633215
-1.602036
-1.633215
-1.635223
-1.667270
-1.664273
-1.633215
-1.664273
-1.633215
-1.635223
-1.667270
-1.670465
-1.703348
-1.699120
-1.703348
0.000000
0.000000
3.141593
3.141593
-2.677945
-2.819842
-2.677945
-2.356194
-2.158799
-2.034444
-1.815775
-1.570796
-1.325818
-1.570796
-1.815775
-1.570796
-1.325818
-1.249046
-1.107149
-0.785398
-0.982794
-0.785398
-0.588003
-0.785398
-0.588003
-0.321751
-0.244979
-0.321751
-0.244979
-0.197396
-0.165149
-0.000000
-0.000000
-0.000000
-0.165149
-0.000000
-0.165149
-0.321751
-0.165149
-0.321751
-0.380506
-0.321751
-0.165149
-0.141897
-0.000000
0.141897
0.165149
0.321751
0.380506
0.540420
0.674741
0.588003
0.694738
0.785398
0.896055
0.982794
0.876058
0.982794
0.896055
1.030377
1.107149
1.249046
1.190290
1.030377
1.190290
1.030377
1.190290
1.249046
1.190290
1.030377
0.927295
1.030377
1.190290
1.373401
1.570796
1.570796
1.815775
2.034444
1.815775
1.570796
1.570796
1.768192
1.570796
1.768192
1.815775
1.570796
1.815775
1.892547
2.034444
2.356194
1.570796
2.356194
1.570796
0.785398
1.107149
0.785398
0.000000
0.785398
3.141593
0.785398
1.570796
2.356194
3.141593
2.356194
2.034444
1.570796
1.570796
0.785398
1.570796
0.785398
1.570796
0.785398
1.107149
0.785398
1.107149
0.785398
0.000000
0.785398
1.570796
0.785398
0.000000
0.000000
0.463648
0.785398
0.588003
0.785398
0.643501
0.540420
0.463648
0.540420
0.643501
0.785398
0.643501
0.540420
0.674741
0.785398
0.694738
0.785398
0.674741
0.785398
0.896055
0.982794
0.876058
0.785398
0.876058
0.785398
0.694738
0.588003
0.519146
0.404892
0.278300
0.321751
0.278300
0.404892
0.463648
0.588003
0.674741
0.785398
0.927295
0.785398
0.643501
0.785398
0.643501
0.785398
0.927295
0.785398
0.643501
0.785398
0.896055
1.030377
1.190290
1.373401
1.325818
1.107149
0.982794
1.107149
1.190290
1.249046
1.405648
1.428899
1.405648
1.249046
1.107149
1.030377
0.927295
1.030377
1.190290
1.373401
1.570796
1.768192
1.570796
1.570796
1.570796
1.373401
1.325818
1.107149
1.325818
1.107149
1.190290
1.249046
1.292497
1.428899
1.570796
1.570796
1.570796
1.570796
1.325818
1.373401
1.570796
1.373401
1.325818
1.373401
1.325818
1.570796
1.570796
1.570796
1.325818
1.107149
1.190290
1.107149
1.190290
1.249046
1.405648
1.570796
1.570796
1.712693
1.735945
1.768192
1.815775
1.570796
1.570796
1.892547
2.158799
2.356194
2.214297
2.034444
1.815775
1.892547
1.815775
1.570796
1.325818
1.249046
0.982794
0.785398
0.982794
0.785398
0.588003
0.785398
1.107149
1.570796
1.570796
1.892547
1.815775
1.768192
1.951303
1.892547
1.951303
2.034444
1.951303
1.768192
1.735945
1.570796
1.405648
1.428899
1.446441
1.460139
1.446441
1.570796
1.446441
1.570796
1.570796
1.460139
1.471128
1.373401
1.471128
1.373401
1.471128
1.460139
1.570796
1.681454
1.670465
1.681454
1.570796
1.570796
1.570796
1.570796
1.471128
1.480136
1.570796
1.661456
1.570796
1.480136
1.471128
1.460139
1.471128
1.460139
1.471128
1.480136
1.487655
1.570796
1.570796
1.570796
1.570796
1.570796
1.487655
1.570796
1.653938
1.661456
1.653938
1.735945
1.815775
1.892547
1.815775
1.797595
1.723446
1.712693
1.781890
1.797595
1.869295
1.937970
2.003204
2.034444
2.003204
2.034444
1.965587
1.937970
1.913820
1.975688
1.951303
1.929567
1.910089
1.892547
1.910089
1.961403
1.983207
2.007423
2.060754
2.089942
2.060754
2.089942
2.142134
2.111216
2.083186
2.129396
2.102520
2.077895
2.055274
2.034444
2.073640
2.111216
2.073640
2.034444
1.993650
1.975688
1.993650
2.034444
1.993650
1.951303
1.993650
1.951303
1.969319
2.013171
1.993650
2.013171
1.993650
2.013171
1.969319
1.989021
1.941688
1.923787
1.876675
1.862253
1.907471
1.892547
1.934775
1.919567
1.959115
1.997424
2.034444
2.070143
2.089942
2.070143
2.051684
2.016902
2.000559
1.965587
1.951303
1.916352
1.951303
1.985303
2.000559
2.034444
2.018316
1.985303
1.971037
2.003204
2.018316
1.985303
1.951303
1.965587
2.000559
2.016902
1.980924
2.016902
2.051684
2.070143
2.104505
2.137526
2.104505
2.085248
2.104505
2.125104
2.147172
2.170847
2.147172
2.181522
2.214297
2.181522
2.158799
2.125104
2.158799
2.191046
2.169215
2.148698
2.117585
2.148698
2.178598
2.199593
2.228685
2.199593
2.178598
2.207305
2.234842
2.261243
2.234842
2.256526
2.279423
2.256526
2.279423
2.306236
2.283154
2.306236
2.279423
2.303611
2.330559
2.356194
2.331809
2.306236
2.331809
2.306236
2.330559
2.306236
2.331809
2.308611
2.331809
2.306236
2.283154
2.306236
2.283154
2.261243
2.286540
2.261243
2.286540
2.310771
2.332943
2.356194
2.332943
2.356194
2.333976
2.356194
2.334921
2.356194
2.377468
2.399645
2.377468
2.397837
2.376600
2.356194
2.335789
2.356194
2.334921
2.312744
2.334921
2.356194
2.377468
2.356194
2.377468
2.397837
2.377468
2.399645
2.378413
2.356194
2.334921
2.314552
2.295046
2.276365
2.254506
2.231839
2.214297
2.236766
2.219792
2.236766
2.214297
2.191046
2.208345
2.226492
2.208345
2.231839
2.208345
2.191046
2.214297
2.191046
2.208345
2.191046
2.208345
2.184004
2.166995
2.142134
2.126290
2.142134
2.116451
2.142134
2.158799
2.176341
2.201876
2.220667
2.245537
2.220667
2.201876
2.220667
2.201876
2.176341
2.201876
2.226492
2.201876
2.226492
2.208345
2.184004
2.158799
2.184004
2.158799
2.176341
2.201876
2.184004
2.208345
2.226492
2.201876
2.220667
2.201876
2.226492
2.208345
2.231839
2.208345
2.191046
2.214297
2.236766
2.214297
2.197539
2.214297
2.231839
2.250210
2.269456
2.292451
2.312744
2.333976
2.312744
2.334921
2.312744
2.334921
2.312744
2.334921
2.312744
2.292451
2.314552
2.295046
2.314552
2.334921
2.312744
2.333976
2.312744
2.334921
2.312744
2.289626
2.310771
2.332943
2.310771
2.333976
2.356194
2.332943
2.310771
2.289626
2.312744
2.333976
2.356194
2.333976
2.356194
2.377468
2.356194
2.378413
2.356194
2.378413
2.356194
2.333976
2.310771
2.289626
2.312744
2.292451
2.312744
2.289626
2.265535
2.240435
2.220667
2.194819
2.176341
2.201876
2.176341
2.158799
2.184004
2.201876
2.220667
2.194819
2.167973
2.194819
2.167973
2.140110
2.167973
2.149871
2.132718
2.158799
2.132718
2.105751
2.077895
2.062606
2.077895
2.105751
2.122451
2.149871
2.167973
2.194819
2.220667
2.240435
2.214297
2.187093
2.158799
2.129396
2.111216
2.140110
2.167973
2.187093
2.207305
2.228685
2.251318
2.275290
2.300696
2.270689
2.239086
2.205823
2.239086
2.214297
2.239086
2.265535
2.297439
2.270689
2.245537
2.270689
2.245537
2.221873
2.199593
2.228685
2.251318
2.279423
2.251318
2.275290
2.245537
2.270689
2.239086
2.270689
2.239086
2.270689
2.297439
2.327631
2.300696
2.275290
2.303611
2.329174
2.300696
2.327631
2.356194
2.325901
2.356194
2.325901
2.293776
2.323948
2.293776
2.265535
2.297439
2.265535
2.239086
2.270689
2.300696
2.329174
2.356194
2.383215
2.408778
2.437099
2.466852
2.490516
2.466852
2.437099
2.408778
2.432966
2.406153
2.381830
2.406153
2.381830
2.406153
2.432966
2.455863
2.429235
2.455863
2.483704
2.461071
2.437099
2.466852
2.490516
2.521343
2.490516
2.512796
2.490516
2.512796
2.490516
2.461071
2.490516
2.466852
2.437099
2.408778
2.381830
2.356194
2.331809
2.308611
2.283154
2.308611
2.332943
2.356194
2.379446
2.356194
2.332943
2.356194
2.380580
2.406153
2.432966
2.408778
2.437099
2.408778
2.381830
2.408778
2.383215
2.411693
2.437099
2.466852
2.498092
2.473303
2.498092
2.466852
2.437099
2.461071
2.490516
2.461071
2.483704
2.461071
2.432966
2.461071
2.437099
2.411693
2.441700
2.466852
2.437099
2.466852
2.441700
2.411693
2.383215
2.408778
2.432966
2.408778
2.381830
2.356194
2.383215
2.356194
2.384758
2.356194
2.329174
2.356194
2.329174
2.300696
2.270689
2.297439
2.270689
2.297439
2.265535
2.239086
2.205823
2.239086
2.270689
2.239086
2.214297
2.239086
2.205823
2.170847
2.196281
2.223643
2.259721
2.293776
2.259721
2.231839
2.196281
2.231839
2.196281
2.231839
2.259721
2.223643
2.196281
2.223643
2.185459
2.214297
2.173084
2.145101
2.173084
2.214297
2.173084
2.203545
2.173084
2.214297
2.173084
2.203545
2.158799
2.111216
2.158799
2.111216
2.060754
2.089942
2.142134
2.089942
2.034444
2.007423
1.983207
1.929567
1.983207
1.929567
1.951303
1.929567
1.873681
1.929567
1.983207
1.961403
1.983207
2.007423
2.034444
1.975688
1.913820
1.975688
2.003204
2.064738
2.122451
2.158799
2.122451
2.089942
2.122451
2.089942
2.122451
2.089942
2.122451
2.158799
2.122451
2.089942
2.122451
2.158799
2.214297
2.176341
2.214297
2.256526
2.199593
2.256526
2.214297
2.158799
2.214297
2.158799
2.122451
2.089942
2.122451
2.158799
2.098871
2.064738
2.034444
2.089942
2.142134
2.089942
2.060754
2.007423
2.060754
2.089942
2.142134
2.089942
2.142134
2.111216
2.158799
2.203545
2.158799
2.111216
2.142134
2.191046
2.158799
2.129396
2.158799
2.191046
2.236766
2.203545
2.173084
2.203545
2.236766
2.273053
2.236766
2.279423
2.316216
2.273053
2.316216
2.273053
2.236766
2.203545
2.173084
2.203545
2.173084
2.214297
2.185459
2.214297
2.245537
2.284887
2.245537
2.284887
2.319174
2.356194
2.321725
2.289626
2.259721
2.289626
2.259721
2.223643
2.196281
2.231839
2.259721
2.289626
2.253113
2.223643
2.253113
2.284887
2.253113
2.284887
2.319174
2.279423
2.316216
2.273053
2.226492
2.265535
2.226492
2.265535
2.226492
2.265535
2.226492
2.265535
2.312744
2.356194
2.308611
2.256526
2.214297
2.176341
2.122451
2.176341
2.142134
2.191046
2.158799
2.191046
2.226492
2.273053
2.316216
2.279423
2.245537
2.284887
2.321725
2.289626
2.321725
2.289626
2.321725
2.356194
2.393215
2.356194
2.316216
2.356194
2.399645
2.356194
2.403778
2.356194
-1.570796
-0.785398
-1.107149
-1.570796
-1.570796
0.000000
1.570796
0.000000
3.141593
2.356194
2.034444
1.570796
1.107149
0.785398
0.000000
0.000000
-0.463648
0.000000
0.463648
0.000000
0.000000
0.000000
0.463648
0.785398
0.463648
0.000000
0.463648
0.000000
0.000000
-0.321751
0.000000
0.000000
0.000000
0.321751
0.588003
0.785398
1.107149
0.785398
0.588003
0.463648
0.380506
0.197396
0.244979
0.463648
0.244979
0.463648
0.643501
0.463648
0.244979
0.321751
0.588003
0.785398
1.107149
1.570796
1.107149
1.249046
1.325818
1.570796
1.325818
1.107149
0.927295
0.785398
0.927295
1.030377
0.896055
0.982794
1.107149
0.982794
0.896055
0.982794
0.876058
0.982794
0.876058
0.785398
0.876058
0.785398
0.674741
0.785398
0.876058
0.785398
0.876058
0.950547
1.012197
0.950547
0.862170
0.785398
0.876058
0.950547
1.012197
1.063698
1.107149
1.144169
1.176005
1.249046
1.272297
1.292497
1.359703
1.343997
1.325818
1.343997
1.418147
1.343997
1.325818
1.304544
1.279340
1.249046
1.212026
1.107149
1.012197
1.063698
0.982794
0.927295
0.862170
0.785398
0.876058
0.785398
0.674741
0.588003
0.519146
0.404892
0.358771
0.321751
0.291457
0.197396
0.099669
0.197396
0.179853
0.090660
0.000000
-0.090660
-0.179853
-0.266252
-0.348771
-0.426627
-0.463648
-0.426627
-0.499347
-0.426627
-0.499347
-0.426627
-0.463648
-0.507099
-0.558599
-0.620249
-0.558599
-0.620249
-0.694738
-0.785398
-0.694738
-0.588003
-0.519146
-0.404892
-0.463648
-0.540420
-0.643501
-0.785398
-0.927295
-1.107149
-1.190290
-1.107149
-0.927295
-0.785398
-0.588003
-0.321751
-0.588003
-0.785398
-0.982794
-1.249046
-0.982794
-1.249046
-1.107149
-0.785398
-1.570796
-0.785398
-3.141593
-0.785398
-3.141593
-0.785398
-1.570796
-2.356194
-1.570796
-0.785398
-3.141593
-3.141593
2.677945
2.356194
2.677945
-3.141593
-3.141593
-2.356194
-2.677945
-2.356194
-1.570796
-1.570796
-1.107149
-0.785398
-0.463648
-0.321751
-0.000000
-0.321751
-0.463648
-0.785398
-1.570796
-1.570796
-2.034444
-1.570796
-2.034444
-2.356194
-2.677945
-2.356194
-2.034444
-1.892547
-2.034444
-2.356194
-3.141593
-0.785398
-0.000000
-0.785398
-0.463648
-0.000000
0.463648
-0.000000
-0.000000
-0.000000
-0.000000
-0.000000
0.165149
0.197396
0.244979
0.321751
-0.000000
-0.000000
-0.000000
-0.000000
-0.000000
0.197396
0.380506
0.463648
0.588003
0.785398
0.463648
0.785398
1.570796
-0.785398
-0.000000
-0.785398
-0.000000
0.785398
0.463648
-0.000000
0.463648
-0.000000
-0.000000
0.785398
1.107149
1.249046
0.982794
1.249046
1.325818
1.107149
0.982794
1.107149
0.982794
0.785398
1.107149
0.785398
0.982794
1.107149
1.325818
1.373401
1.325818
1.249046
1.107149
1.570796
2.034444
2.356194
2.553590
2.819842
2.553590
2.819842
2.553590
2.677945
2.553590
2.819842
2.677945
2.356194
3.141593
-2.356194
-2.034444
-1.892547
-2.158799
-2.034444
-2.158799
-2.356194
-2.158799
-2.356194
-2.553590
-2.819842
-2.677945
-2.819842
-2.896614
-2.819842
-2.896614
3.141593
-2.896614
-2.677945
-2.761086
-2.601173
-2.761086
-2.601173
-2.466852
-2.356194
-2.446854
-2.356194
-2.432966
-2.356194
-2.432966
-2.498092
-2.582993
-2.498092
-2.422763
-2.356194
-2.297439
-2.356194
-2.303611
-2.256526
-2.199593
-2.158799
-2.098871
-2.064738
-2.034444
-2.007423
-2.060754
-2.111216
-2.060754
-2.111216
-2.142134
-2.191046
-2.158799
-2.203545
-2.245537
-2.284887
-2.253113
-2.223643
-2.185459
-2.158799
-2.119346
-2.077895
-2.055274
-2.077895
-2.119346
-2.095592
-2.119346
-2.145101
-2.102520
-2.057696
-2.102520
-2.057696
-2.034444
-1.989021
-2.034444
-2.077895
-2.102520
-2.057696
-2.102520
-2.129396
-2.173084
-2.145101
-2.119346
-2.095592
-2.073640
-2.111216
-2.073640
-2.111216
-2.134113
-2.158799
-2.134113
-2.158799
-2.196281
-2.223643
-2.253113
-2.284887
-2.245537
-2.203545
-2.245537
-2.284887
-2.319174
-2.356194
-2.319174
-2.356194
-2.319174
-2.356194
-2.393215
-2.356194
-2.321725
-2.356194
-2.393215
-2.427502
-2.459276
-2.488746
-2.459276
-2.488746
-2.516108
-2.541542
-2.516108
-2.480549
-2.452668
-2.422763
-2.452668
-2.418613
-2.388441
-2.422763
-2.459276
-2.422763
-2.459276
-2.488746
-2.459276
-2.427502
-2.393215
-2.356194
-2.321725
-2.284887
-2.245537
-2.284887
-2.245537
-2.214297
-2.245537
-2.279423
-2.316216
-2.356194
-2.319174
-2.284887
-2.319174
-2.356194
-2.316216
-2.273053
-2.312744
-2.273053
-2.312744
-2.273053
-2.312744
-2.265535
-2.312744
-2.356194
-2.316216
-2.273053
-2.316216
-2.356194
-2.396173
-2.356194
-2.316216
-2.279423
-2.236766
-2.203545
-2.236766
-2.191046
-2.158799
-2.191046
-2.142134
-2.191046
-2.142134
-2.176341
-2.142134
-2.111216
-2.158799
-2.191046
-2.226492
-2.191046
-2.158799
-2.111216
-2.142134
-2.176341
-2.122451
-2.064738
-2.003204
-1.937970
-1.965587
-1.997424
-2.070143
-2.137526
-2.181522
-2.137526
-2.098871
-2.064738
-2.122451
-2.064738
-2.034444
-2.007423
-1.983207
-2.007423
-2.034444
-1.975688
-1.913820
-1.849096
-1.831399
-1.815775
-1.873681
-1.815775
-1.801887
-1.856848
-1.910089
-1.892547
-1.876675
-1.923787
-1.941688
-1.961403
-1.983207
-2.034444
-2.060754
-2.111216
-2.142134
-2.176341
-2.226492
-2.265535
-2.308611
-2.356194
-2.408778
-2.356194
-2.297439
-2.231839
-2.297439
-2.231839
-2.289626
-2.356194
-2.422763
-2.356194
-2.279423
-2.214297
-2.289626
-2.231839
-2.181522
-2.137526
-2.070143
-1.997424
-1.919567
-1.837048
-1.862253
-1.768192
-1.862253
-1.951303
-2.034444
-1.951303
-1.989021
-1.892547
-1.989021
-1.892547
-1.989021
-1.951303
-1.919567
-1.997424
-1.965587
-1.892547
-1.919567
-1.951303
-1.989021
-1.951303
-2.034444
-1.997424
-1.965587
-2.034444
-1.965587
-2.034444
-2.003204
-1.975688
-2.003204
-1.975688
-1.913820
-1.849096
-1.781890
-1.849096
-1.869295
-1.892547
-1.815775
-1.892547
-1.965587
-1.997424
-1.919567
-1.892547
-1.815775
-1.837048
-1.919567
-1.892547
-1.869295
-1.797595
-1.723446
-1.797595
-1.781890
-1.849096
-1.869295
-1.797595
-1.723446
-1.797595
-1.723446
-1.712693
-1.781890
-1.797595
-1.723446
-1.797595
-1.781890
-1.797595
-1.781890
-1.849096
-1.831399
-1.849096
-1.913820
-1.892547
-1.913820
-1.937970
-2.003204
-2.064738
-2.098871
-2.034444
-2.003204
-1.937970
-2.003204
-1.975688
-2.003204
-2.034444
-2.070143
-2.034444
-2.098871
-2.034444
-2.003204
-1.937970
-2.003204
-1.975688
-2.034444
-2.089942
-2.122451
-2.064738
-2.098871
-2.034444
-1.965587
-1.892547
-1.815775
-1.837048
-1.919567
-1.997424
-2.034444
-2.077895
-2.034444
-1.951303
-1.919567
-1.951303
-1.919567
-1.997424
-1.965587
-1.892547
-1.919567
-1.997424
-1.965587
-1.937970
-1.869295
-1.937970
-2.003204
-2.034444
-1.965587
-1.997424
-1.965587
-1.937970
-1.869295
-1.797595
-1.815775
-1.735945
-1.723446
-1.647568
-1.570796
-1.570796
-1.570796
-1.570796
-1.570796
-1.570796
-1.670465
-1.661456
-1.750650
-1.661456
-1.670465
-1.768192
-1.670465
-1.661456
-1.570796
-1.661456
-1.670465
-1.661456
-1.653938
-1.570796
-1.570796
-1.480136
-1.570796
-1.480136
-1.471128
-1.373401
-1.279340
-1.249046
-1.212026
-1.325818
-1.292497
-1.249046
-1.405648
-1.373401
-1.405648
-1.428899
-1.405648
-1.373401
-1.190290
-1.373401
-1.325818
-1.373401
-1.405648
-1.428899
-1.292497
-1.249046
-1.292497
-1.325818
-1.446441
-1.428899
-1.292497
-1.428899
-1.570796
-1.570796
-1.695151
-1.815775
-1.695151
-1.681454
-1.695151
-1.712693
-1.695151
-1.570796
-1.695151
-1.570796
-1.695151
-1.815775
-1.695151
-1.815775
-1.849096
-1.892547
-1.849096
-1.815775
-1.849096
-1.892547
-1.849096
-1.712693
-1.735945
-1.892547
-1.951303
-1.892547
-1.951303
-2.034444
-1.815775
-1.768192
-1.815775
-1.892547
-1.815775
-2.034444
-2.214297
-2.034444
-2.158799
-2.034444
-2.214297
-2.356194
-2.498092
-2.356194
-2.214297
-2.356194
-2.214297
-2.034444
-2.158799
-2.034444
-2.158799
-2.034444
-1.951303
-2.034444
-2.158799
-2.356194
-2.214297
-2.356194
-2.498092
-2.356194
-2.214297
-2.356194
-2.245537
-2.356194
-2.214297
-2.111216
-2.214297
-2.356194
-2.553590
-2.677945
-2.553590
-2.677945
-2.761086
-2.819842
-2.761086
-2.944197
-2.896614
-2.677945
-2.553590
-2.677945
-2.761086
-2.819842
-2.976444
-2.944197
-2.896614
-2.819842
3.141593
3.141593
3.141593
-2.356194
-2.677945
-2.356194
-2.034444
-2.356194
-2.034444
-1.892547
-2.034444
-1.892547
-1.570796
-1.892547
-2.158799
-2.034444
-1.815775
-2.034444
-1.815775
-2.034444
-1.815775
-1.570796
-1.570796
-1.570796
-1.815775
-1.570796
-1.815775
-1.892547
-2.034444
-1.570796
-1.570796
-0.785398
0.000000
1.712693
3.141593
3.141593
2.677945
2.356194
2.034444
1.892547
2.034444
2.356194
2.158799
1.892547
1.815775
1.768192
1.570796
1.570796
1.570796
1.570796
1.570796
1.768192
1.951303
1.892547
1.735945
1.712693
1.735945
1.892547
1.735945
1.768192
1.951303
1.768192
1.735945
1.712693
1.849096
1.712693
1.570796
1.570796
1.570796
1.428899
1.405648
1.570796
1.570796
1.373401
1.190290
1.107149
1.190290
1.249046
1.292497
1.428899
1.292497
1.165905
1.107149
1.249046
1.190290
1.030377
0.896055
1.030377
1.190290
1.030377
1.190290
1.373401
1.570796
1.373401
1.190290
1.107149
0.982794
1.107149
0.982794
1.107149
0.982794
0.785398
0.463648
0.785398
1.107149
0.785398
0.982794
0.785398
0.588003
0.785398
0.982794
0.785398
0.588003
0.785398
0.463648
0.785398
0.463648
0.000000
0.463648
0.785398
0.982794
0.785398
0.588003
0.785398
0.643501
0.785398
0.982794
1.249046
1.325818
1.107149
0.982794
0.785398
0.982794
0.785398
0.643501
0.785398
0.643501
0.540420
0.643501
0.540420
0.643501
0.463648
0.643501
0.540420
0.643501
0.540420
0.643501
0.785398
0.927295
0.785398
0.588003
0.321751
0.588003
0.785398
0.643501
0.463648
0.643501
0.463648
0.380506
0.321751
0.278300
0.244979
0.124355
0.000000
0.000000
0.110657
0.000000
0.000000
0.000000
0.000000
0.000000
0.000000
-0.083141
-0.090660
0.000000
0.090660
0.099669
0.090660
0.179853
0.266252
0.348771
0.426627
0.463648
0.540420
0.588003
0.540420
0.588003
0.507099
0.418224
0.380506
0.418224
0.463648
0.358771
0.404892
0.278300
0.404892
3.141593
2.356194
3.141593
3.141593
3.141593
-2.356194
3.141593
2.356194
2.034444
1.892547
2.158799
1.892547
2.158799
2.356194
2.158799
2.356194
2.214297
2.356194
2.158799
2.356194
2.158799
2.356194
2.677945
2.356194
3.141593
2.356194
3.141593
-2.356194
-1.570796
-0.785398
-0.463648
-0.785398
-1.107149
-1.570796
-1.570796
2.356194
-1.570796
-1.570796
-2.034444
-1.892547
-1.570796
-1.570796
-1.570796
-1.570796
-1.815775
-1.570796
-1.570796
-1.570796
-1.570796
-1.570796
-1.570796
-1.570796
-1.570796
-1.570796
-1.325818
-1.107149
-0.982794
-0.785398
-0.927295
-0.785398
-0.896055
-0.785398
-0.896055
-0.982794
-1.051650
-1.107149
-1.012197
-1.107149
-1.051650
-1.107149
-1.051650
-0.982794
-1.107149
-1.165905
-1.051650
-1.165905
-1.107149
-1.030377
-1.107149
-0.982794
-0.896055
-0.785398
-0.896055
-1.030377
-0.896055
-0.785398
-0.927295
-1.030377
-1.190290
-1.373401
-1.405648
-1.428899
-1.570796
-1.570796
-1.695151
-1.681454
-1.695151
-1.815775
-1.929567
-1.815775
-1.789465
-1.768192
-1.670465
-1.661456
-1.653938
-1.570796
-1.570796
-1.647568
-1.723446
-1.797595
-1.815775
-1.892547
-1.919567
-1.951303
-2.034444
-2.077895
-2.034444
-1.997424
-1.965587
-1.937970
-1.869295
-1.892547
-1.965587
-1.997424
-2.034444
-1.997424
-2.070143
-2.111216
-2.034444
-1.951303
-2.034444
-2.077895
-1.989021
-2.034444
-1.989021
-2.077895
-1.989021
-2.034444
-2.089942
-1.975688
-2.089942
-1.975688
-2.089942
-2.191046
-2.129396
-2.077895
-2.158799
-2.214297
-2.279423
-2.356194
-2.279423
-2.191046
-2.265535
-2.356194
-2.466852
-2.356194
-2.498092
-2.677945
-2.896614
-2.819842
-2.553590
-2.356194
-2.214297
-2.356194
-2.158799
-1.892547
-1.570796
-1.892547
-1.570796
-1.570796
-1.570796
-1.249046
-0.982794
-1.107149
-0.927295
-0.785398
-0.674741
-0.540420
-0.463648
-0.540420
-0.674741
-0.785398
-0.674741
-0.588003
-0.519146
-0.588003
-0.463648
-0.404892
-0.519146
-0.620249
-0.519146
-0.620249
-0.558599
-0.620249
-0.694738
-0.588003
-0.463648
-0.404892
-0.358771
-0.321751
-0.358771
-0.463648
-0.558599
-0.643501
-0.558599
-0.643501
-0.708626
-0.620249
-0.708626
-0.785398
-0.876058
-0.982794
-1.051650
-1.107149
-1.051650
-1.107149
-1.051650
-1.107149
-1.051650
-0.950547
-1.012197
-1.107149
-1.051650
-0.982794
-1.107149
-1.249046
-1.107149
-1.165905
-1.107149
-1.030377
-1.107149
-1.249046
-1.190290
-1.373401
-1.325818
-1.249046
-1.325818
-1.249046
-1.325818
-1.373401
-1.570796
-1.570796
-1.815775
-1.892547
-1.815775
-1.768192
-1.951303
-2.034444
-2.214297
-2.356194
-2.553590
-2.677945
-2.553590
-2.819842
-2.896614
-2.944197
-2.896614
-2.819842
-2.677945
-2.819842
-2.896614
-2.944197
-3.141593
2.944197
2.761086
2.677945
2.498092
2.356194
2.214297
2.356194
2.245537
2.158799
2.245537
2.356194
2.498092
2.601173
2.761086
2.601173
2.498092
2.356194
2.158799
2.034444
1.951303
1.768192
1.570796
1.570796
1.325818
1.373401
1.190290
1.107149
0.982794
0.785398
0.463648
0.785398
1.570796
1.570796
2.034444
1.570796
1.570796
0.785398
1.570796
2.356194
3.141593
-2.356194
3.141593
2.356194
2.677945
2.356194
2.034444
1.570796
1.107149
0.785398
1.107149
0.785398
0.588003
0.785398
0.588003
0.463648
0.244979
0.197396
0.165149
0.000000
0.165149
0.000000
0.000000
0.000000
0.000000
0.000000
0.000000
0.000000
0.000000
-0.141897
-0.124355
-0.141897
-0.124355
0.000000
0.124355
0.000000
-0.124355
-0.141897
-0.165149
-0.197396
-0.244979
-0.463648
-0.643501
-0.785398
-0.588003
-0.785398
-0.643501
-0.785398
-0.643501
-0.785398
-0.643501
-0.785398
-0.927295
-1.030377
-1.190290
-1.030377
-0.896055
-0.785398
-0.876058
-0.950547
-1.051650
-1.107149
-1.212026
-1.107149
-1.212026
-1.165905
-1.292497
-1.325818
-1.292497
-1.249046
-1.405648
-1.249046
-1.107149
-0.982794
-0.876058
-0.785398
-0.694738
-0.588003
-0.463648
-0.321751
-0.278300
-0.321751
-0.380506
-0.321751
-0.463648
-0.321751
-0.463648
-0.321751
-0.278300
-0.321751
-0.165149
-0.321751
-0.165149
-0.141897
-0.278300
-0.404892
-0.358771
-0.321751
-0.358771
-0.463648
-0.558599
-0.463648
-0.358771
-0.321751
-0.418224
-0.463648
-0.519146
-0.588003
-0.519146
-0.620249
-0.519146
-0.404892
-0.358771
-0.404892
-0.519146
-0.404892
-0.463648
-0.321751
-0.165149
-0.141897
-0.165149
-0.000000
-0.000000
-0.197396
-0.165149
-0.000000
-0.000000
-0.000000
-0.000000
0.197396
0.244979
0.321751
-0.000000
-0.000000
0.244979
0.321751
0.588003
0.321751
0.463648
0.785398
0.982794
0.785398
0.463648
-0.000000
-0.000000
-0.000000
-0.000000
0.321751
0.244979
-0.000000
-0.244979
-0.000000
-0.244979
-0.321751
-0.244979
-0.321751
-0.000000
0.321751
0.588003
0.463648
0.380506
0.540420
0.463648
0.404892
0.278300
0.321751
0.380506
0.463648
0.588003
0.785398
0.463648
-0.000000
0.463648
0.321751
0.244979
0.197396
-0.000000
-0.000000
-0.000000
-0.321751
-0.463648
-0.785398
-0.982794
-0.785398
-0.982794
-0.785398
-0.927295
-0.785398
-0.896055
-0.785398
-0.694738
-0.588003
-0.694738
-0.785398
-0.708626
-0.785398
-0.876058
-0.982794
-0.896055
-0.982794
-0.896055
-0.982794
-1.051650
-0.982794
-1.107149
-1.165905
-1.292497
-1.325818
-1.292497
-1.325818
-1.352127
-1.460139
-1.570796
-1.681454
-1.695151
-1.712693
-1.695151
-1.570796
-1.570796
-1.428899
-1.570796
-1.570796
-1.695151
-1.712693
-1.695151
-1.815775
-1.849096
-1.815775
-1.695151
-1.570796
-1.570796
-1.460139
-1.446441
-1.325818
-1.446441
-1.325818
-1.352127
-1.325818
-1.212026
-1.325818
-1.446441
-1.570796
-1.695151
-1.570796
-1.446441
-1.428899
-1.446441
-1.460139
-1.570796
-1.570796
-1.670465
-1.661456
-1.750650
-1.837048
-1.815775
-1.797595
-1.781890
-1.712693
-1.781890
-1.797595
-1.723446
-1.712693
-1.723446
-1.712693
-1.642104
-1.637364
-1.703348
-1.768192
-1.703348
-1.768192
-1.756144
-1.745469
-1.756144
-1.815775
-1.831399
-1.815775
-1.756144
-1.745469
-1.756144
-1.745469
-1.801887
-1.745469
-1.687905
-1.681454
-1.626295
-1.623379
-1.620755
-1.623379
-1.570796
-1.518213
-1.520838
-1.518213
-1.465919
-1.460139
-1.465919
-1.518213
-1.515298
-1.518213
-1.520838
-1.570796
-1.620755
-1.623379
-1.626295
-1.629552
-1.570796
-1.629552
-1.626295
-1.623379
-1.620755
-1.570796
-1.520838
-1.518213
-1.515298
-1.570796
-1.626295
-1.629552
-1.626295
-1.570796
-1.626295
-1.629552
-1.570796
-1.570796
-1.570796
-1.629552
-1.626295
-1.570796
-1.570796
-1.623379
-1.620755
-1.618379
-1.665748
-1.618379
-1.616220
-1.618379
-1.665748
-1.661456
-1.616220
-1.570796
-1.616220
-1.614247
-1.570796
-1.527345
-1.529154
-1.570796
-1.570796
-1.570796
-1.570796
-1.614247
-1.657535
-1.700499
-1.695151
-1.700499
-1.657535
-1.700499
-1.706324
-1.700499
-1.695151
-1.653938
-1.657535
-1.614247
-1.616220
-1.661456
-1.665748
-1.712693
-1.719686
-1.670465
-1.665748
-1.670465
-1.620755
-1.618379
-1.620755
-1.618379
-1.570796
-1.570796
-1.570796
-1.570796
-1.570796
-1.570796
-1.520838
-1.570796
-1.570796
-1.518213
-1.465919
-1.460139
-1.465919
-1.460139
-1.515298
-1.518213
-1.465919
-1.414194
-1.405648
-1.396124
-1.405648
-1.414194
-1.363300
-1.352127
-1.405648
-1.414194
-1.421906
-1.373401
-1.382575
-1.428899
-1.382575
-1.373401
-1.325818
-1.279340
-1.325818
-1.313473
-1.325818
-1.373401
-1.363300
-1.313473
-1.299849
-1.249046
-1.264917
-1.279340
-1.264917
-1.249046
-1.199905
-1.249046
-1.299849
-1.249046
-1.231504
-1.212026
-1.190290
-1.249046
-1.310194
-1.325818
-1.310194
-1.373401
-1.385448
-1.396124
-1.339706
-1.284745
-1.267911
-1.249046
-1.310194
-1.373401
-1.359703
-1.343997
-1.325818
-1.343997
-1.359703
-1.292497
-1.227772
-1.165905
-1.190290
-1.134169
-1.158386
-1.212026
-1.190290
-1.249046
-1.227772
-1.165905
-1.227772
-1.165905
-1.107149
-1.076855
-1.138389
-1.076855
-1.107149
-1.076855
-1.107149
-1.165905
-1.107149
-1.051650
-0.999459
-1.051650
-1.019141
-0.965252
-0.927295
-0.885067
-0.942000
-0.982794
-1.042722
-1.076855
-1.107149
-1.165905
-1.138389
-1.203622
-1.272297
-1.343997
-1.418147
-1.405648
-1.325818
-1.405648
-1.325818
-1.343997
-1.418147
-1.494024
-1.418147
-1.494024
-1.499489
-1.570796
-1.642104
-1.712693
-1.703348
-1.712693
-1.642104
-1.647568
-1.642104
-1.712693
-1.781890
-1.849096
-1.869295
-1.892547
-1.869295
-1.937970
-1.965587
-2.034444
-2.098871
-2.064738
-2.034444
-2.089942
-2.122451
-2.064738
-2.098871
-2.034444
-2.070143
-2.137526
-2.199593
-2.256526
-2.199593
-2.137526
-2.199593
-2.245537
-2.199593
-2.256526
-2.303611
-2.256526
-2.214297
-2.265535
-2.308611
-2.356194
-2.308611
-2.356194
-2.408778
-2.455863
-2.512796
-2.574863
-2.530867
-2.466852
-2.530867
-2.466852
-2.414950
-2.356194
-2.414950
-2.480549
-2.422763
-2.498092
-2.553590
-2.498092
-2.432966
-2.356194
-2.279423
-2.356194
-2.422763
-2.480549
-2.530867
-2.574863
-2.530867
-2.480549
-2.553590
-2.601173
-2.553590
-2.634494
-2.553590
-2.480549
-2.422763
-2.356194
-2.422763
-2.480549
-2.422763
-2.498092
-2.553590
-2.634494
-2.677945
-2.601173
-2.677945
-2.601173
-2.530867
-2.466852
-2.408778
-2.455863
-2.408778
-2.466852
-2.512796
-2.455863
-2.512796
-2.574863
-2.613518
-2.574863
-2.642246
-2.714965
-2.677945
-2.601173
-2.642246
-2.601173
-2.530867
-2.480549
-2.422763
-2.356194
-2.422763
-2.498092
-2.432966
-2.498092
-2.432966
-2.356194
-2.446854
-2.356194
-2.279423
-2.356194
-2.265535
-2.356194
-2.245537
-2.356194
-2.245537
-2.356194
-2.265535
-2.191046
-2.089942
-1.975688
-1.929567
-1.975688
-1.929567
-1.892547
-1.989021
-2.077895
-2.034444
-1.997424
-2.070143
-2.137526
-2.070143
-1.997424
-1.919567
-1.997424
-2.034444
-1.951303
-2.034444
-2.077895
-2.034444
-2.077895
-2.158799
-2.231839
-2.158799
-2.077895
-2.034444
-2.111216
-2.034444
-2.111216
-2.070143
-2.034444
-2.070143
-1.997424
-1.965587
-1.937970
-2.003204
-1.975688
-2.003204
-1.937970
-1.913820
-1.975688
-1.951303
-1.929567
-1.951303
-1.929567
-1.910089
-1.856848
-1.841743
-1.789465
-1.801887
-1.789465
-1.841743
-1.828120
-1.815775
-1.804540
-1.759018
-1.768192
-1.778293
-1.789465
-1.778293
-1.768192
-1.778293
-1.727398
-1.719686
-1.670465
-1.665748
-1.661456
-1.657535
-1.661456
-1.665748
-1.618379
-1.620755
-1.570796
-1.520838
-1.518213
-1.515298
-1.460139
3.141593
0.000000
1.570796
0.000000
0.000000
0.785398
0.463648
0.321751
0.463648
0.000000
0.000000
-0.321751
-0.463648
-0.785398
-0.588003
-0.321751
-0.463648
-0.321751
-0.463648
-0.785398
-0.463648
-0.785398
-0.463648
-0.785398
-0.463648
-0.321751
0.000000
0.000000
-0.463648
-0.321751
-0.588003
-0.785398
-1.107149
-1.570796
-1.107149
-0.785398
-0.982794
-1.249046
-1.325818
-1.107149
-1.325818
-1.570796
-1.325818
-1.373401
-1.570796
-1.570796
-1.815775
-1.570796
-1.815775
-1.768192
-1.951303
-2.034444
-2.158799
-2.356194
-2.677945
-2.356194
-2.034444
-1.892547
-2.158799
-2.356194
-2.158799
-2.356194
-2.034444
-1.892547
-1.815775
-1.570796
-1.325818
-1.107149
-0.927295
-0.785398
-0.588003
-0.321751
-0.588003
-0.463648
-0.244979
-0.197396
-0.000000
0.197396
0.244979
0.463648
0.588003
0.785398
0.982794
0.785398
0.982794
1.249046
1.325818
1.249046
1.325818
1.249046
1.107149
0.785398
-0.000000
0.785398
0.463648
-0.000000
-0.000000
-0.000000
-0.000000
-0.000000
-0.000000
-0.000000
0.244979
0.463648
0.380506
0.540420
0.380506
0.463648
0.244979
0.321751
-0.000000
-0.000000
-0.000000
-0.785398
-0.000000
0.785398
1.107149
0.785398
-0.000000
-0.785398
-0.463648
-0.000000
-0.000000
-0.321751
-0.244979
-0.000000
-0.000000
-0.000000
-0.000000
-0.000000
-0.000000
-0.785398
-0.000000
-0.785398
-0.000000
-0.785398
-1.570796
-0.785398
-1.107149
-0.785398
-1.570796
-0.785398
1.570796
1.570796
2.034444
2.356194
2.677945
2.356194
2.677945
2.356194
2.677945
-3.141593
-3.141593
-3.141593
2.677945
-3.141593
-3.141593
-2.356194
-1.570796
-0.785398
-3.141593
2.356194
-3.141593
-0.785398
-0.000000
-0.000000
-0.000000
0.785398
-0.000000
-0.785398
-0.000000
-0.785398
-3.141593
2.356194
2.677945
2.356194
2.158799
1.892547
2.158799
1.892547
2.034444
1.570796
1.107149
1.570796
1.570796
0.785398
0.463648
-0.000000
-0.000000
0.785398
1.107149
1.249046
1.107149
0.785398
-0.000000
-0.785398
-1.107149
-1.570796
-2.034444
-1.570796
-1.570796
-0.785398
-0.000000
-0.000000
0.463648
-0.000000
-0.463648
-0.785398
-0.588003
-0.785398
-0.588003
-0.321751
-0.244979
-0.000000
-0.000000
-0.000000
-0.000000
0.321751
0.463648
0.321751
0.244979
-0.000000
0.244979
-0.000000
-0.000000
-0.197396
-0.380506
-0.321751
-0.278300
-0.321751
-0.278300
-0.321751
-0.463648
-0.540420
-0.463648
-0.588003
-0.674741
-0.785398
-0.674741
-0.785398
-0.674741
-0.785398
-0.896055
-0.785398
-0.674741
-0.785398
-0.876058
-0.950547
-0.876058
-0.982794
-1.051650
-0.950547
-1.051650
-1.165905
-1.212026
-1.165905
-1.107149
-1.030377
-0.927295
-0.785398
-0.982794
-0.785398
-0.463648
-0.321751
-0.000000
-0.000000
0.244979
-0.000000
-0.000000
-0.000000
-0.463648
-0.321751
-0.244979
-0.197396
-0.000000
0.197396
0.165149
0.321751
0.463648
0.321751
0.165149
-0.000000
-0.000000
-0.197396
-0.165149
-0.321751
-0.165149
-0.000000
-0.000000
-0.000000
-0.000000
-0.197396
-0.000000
-0.000000
-0.165149
-0.197396
-0.380506
-0.321751
-0.165149
-0.000000
-0.000000
-0.000000
-0.165149
-0.141897
-0.124355
-0.110657
-0.218669
-0.197396
-0.218669
-0.244979
-0.358771
-0.321751
-0.218669
-0.197396
-0.179853
-0.197396
-0.099669
-0.197396
-0.099669
-0.110657
-0.000000
-0.000000
0.099669
0.090660
0.179853
0.165149
0.083141
-0.000000
-0.000000
-0.076772
-0.000000
-0.076772
-0.152649
-0.165149
-0.179853
-0.165149
-0.152649
-0.226799
-0.152649
-0.165149
-0.083141
-0.165149
-0.152649
-0.076772
-0.152649
-0.076772
-0.000000
-0.076772
-0.071307
-0.066568
-0.071307
-0.141897
-0.152649
-0.076772
-0.083141
-0.090660
-0.083141
-0.165149
-0.179853
-0.165149
-0.152649
-0.076772
-0.152649
-0.076772
-0.152649
-0.226799
-0.152649
-0.141897
-0.071307
-0.000000
0.071307
-0.000000
0.071307
0.066568
0.132552
0.141897
0.071307
0.141897
0.132552
0.124355
0.132552
0.141897
0.152649
0.165149
0.083141
0.090660
0.179853
0.197396
0.218669
0.110657
-0.000000
-0.110657
-0.124355
-0.141897
-0.165149
-0.000000
-0.165149
-0.000000
-0.000000
-0.000000
0.124355
0.244979
0.358771
0.321751
0.291457
0.197396
0.291457
0.321751
0.218669
0.110657
0.218669
0.110657
-0.000000
-0.000000
-0.000000
0.090660
-0.000000
-0.000000
-0.000000
0.090660
-0.000000
-0.000000
-0.099669
-0.197396
-0.099669
-0.000000
-0.000000
-0.000000
-0.000000
0.141897
-0.000000
-0.000000
0.165149
0.197396
0.380506
0.540420
0.674741
0.785398
0.674741
0.588003
0.519146
0.588003
0.674741
0.540420
0.674741
0.785398
0.927295
0.785398
0.674741
0.785398
0.876058
0.950547
1.012197
1.107149
1.212026
1.325818
1.212026
1.325818
1.212026
1.325818
1.352127
1.373401
1.279340
1.190290
1.279340
1.304544
1.390943
1.405648
1.418147
1.494024
1.499489
1.428899
1.438245
1.504228
1.499489
1.494024
1.418147
1.428899
1.438245
1.446441
1.438245
1.446441
1.508378
1.446441
1.508378
1.446441
1.385448
1.325818
1.385448
1.373401
1.310194
1.249046
1.190290
1.165905
1.227772
1.203622
1.138389
1.203622
1.176005
1.203622
1.227772
1.203622
1.138389
1.107149
1.138389
1.203622
1.138389
1.165905
1.190290
1.165905
1.190290
1.249046
1.227772
1.249046
1.190290
1.134169
1.190290
1.212026
1.190290
1.165905
1.227772
1.203622
1.272297
1.203622
1.176005
1.107149
1.176005
1.203622
1.138389
1.203622
1.138389
1.203622
1.176005
1.203622
1.176005
1.249046
1.272297
1.343997
1.325818
1.249046
1.272297
1.249046
1.272297
1.343997
1.359703
1.428899
1.418147
1.343997
1.418147
1.343997
1.272297
1.249046
1.272297
1.292497
1.359703
1.292497
1.359703
1.428899
1.359703
1.373401
1.438245
1.504228
1.438245
1.373401
1.438245
1.446441
1.385448
1.396124
1.453688
1.396124
1.453688
1.446441
1.438245
1.446441
1.508378
1.570796
1.570796
1.512041
1.515298
1.518213
1.570796
1.570796
1.570796
1.518213
1.465919
1.471128
1.520838
1.523213
1.475845
1.471128
1.421906
1.428899
1.421906
1.428899
1.421906
1.471128
1.520838
1.518213
1.515298
1.518213
1.520838
1.570796
1.570796
1.570796
1.616220
1.570796
1.525373
1.480136
1.525373
1.570796
1.570796
1.618379
1.665748
1.670465
1.620755
1.618379
1.616220
1.614247
1.657535
1.700499
1.657535
1.661456
1.665748
1.670465
1.675673
1.681454
1.735945
1.745469
1.756144
1.815775
1.873681
1.892547
1.831399
1.815775
1.756144
1.768192
1.781890
1.712693
1.781890
1.768192
1.831399
1.892547
1.951303
1.892547
1.913820
1.975688
2.003204
1.937970
2.003204
1.937970
1.869295
1.849096
1.913820
1.937970
1.913820
1.975688
2.034444
2.089942
2.060754
2.111216
2.158799
2.203545
2.236766
2.279423
2.319174
2.284887
2.253113
2.284887
2.321725
2.356194
2.319174
2.284887
2.245537
2.203545
2.245537
2.284887
2.321725
2.356194
2.390664
2.422763
2.390664
2.356194
2.321725
2.289626
2.323948
2.356194
2.323948
2.293776
2.325901
2.356194
2.327631
2.300696
2.275290
2.251318
2.275290
2.251318
2.221873
2.199593
2.169215
2.137526
2.158799
2.181522
2.158799
2.181522
2.158799
2.191046
2.214297
2.181522
2.158799
2.125104
2.089942
2.070143
2.051684
2.034444
2.051684
2.034444
2.000559
1.985303
2.000559
2.016902
2.051684
2.034444
2.000559
1.985303
1.951303
1.965587
2.000559
2.016902
1.980924
1.965587
1.951303
1.916352
1.880499
1.843805
1.806341
1.768192
1.729452
1.690225
1.650626
1.690225
1.729452
1.690225
1.685673
1.681454
1.644735
1.642104
1.677532
1.673878
1.639653
1.673878
1.639653
1.605265
1.604117
1.570796
1.570796
1.570796
1.570796
1.605265
1.639653
1.673878
1.639653
1.637364
1.604117
1.605265
1.606495
1.570796
1.570796
1.570796
1.570796
1.570796
1.535097
1.499489
1.501940
1.499489
1.464061
1.467715
1.501940
1.504228
1.537475
1.538549
1.537475
1.538549
1.537475
1.538549
1.539556
1.570796
1.602036
1.601090
1.602036
1.633215
1.631328
1.661456
1.664273
1.667270
1.635223
1.633215
1.635223
1.633215
1.635223
1.637364
1.635223
1.633215
1.631328
1.633215
1.631328
1.661456
1.631328
1.601090
1.631328
1.601090
1.600200
1.629552
1.600200
1.570796
1.570796
1.540503
1.539556
1.508378
1.506369
1.474323
1.506369
1.504228
1.501940
1.504228
1.471128
1.504228
1.471128
1.504228
1.537475
1.570796
1.537475
1.504228
1.537475
1.570796
1.604117
1.637364
1.639653
1.642104
1.644735
1.681454
1.677532
1.712693
1.717875
1.712693
1.707863
1.673878
1.677532
1.712693
1.677532
1.642104
1.677532
1.681454
1.644735
1.607816
1.644735
1.647568
1.685673
1.723446
1.685673
1.690225
1.695151
1.700499
1.742987
1.750650
1.706324
1.661456
1.665748
1.661456
1.616220
1.661456
1.665748
1.661456
1.665748
1.670465
1.675673
1.727398
1.778293
1.789465
1.801887
1.815775
1.801887
1.815775
1.831399
1.768192
1.703348
1.637364
1.642104
1.647568
1.723446
1.712693
1.781890
1.712693
1.642104
1.637364
1.703348
1.637364
1.703348
1.768192
1.781890
1.712693
1.781890
1.768192
1.781890
1.712693
1.703348
1.768192
1.831399
1.815775
1.756144
1.745469
1.801887
1.789465
1.735945
1.745469
1.756144
1.815775
1.873681
1.929567
1.873681
1.892547
1.831399
1.892547
1.831399
1.849096
1.781890
1.849096
1.869295
1.937970
1.965587
1.892547
1.869295
1.892547
1.869295
1.797595
1.723446
1.797595
1.723446
1.797595
1.869295
1.937970
1.965587
1.937970
1.965587
1.892547
1.965587
1.892547
1.919567
1.951303
1.862253
1.768192
1.670465
1.768192
1.750650
1.735945
1.723446
1.647568
1.653938
1.661456
1.653938
1.735945
1.815775
1.735945
1.750650
1.768192
1.789465
1.768192
1.789465
1.815775
1.789465
1.892547
1.789465
1.815775
1.695151
1.681454
1.789465
1.768192
1.789465
1.892547
1.929567
2.034444
2.129396
2.077895
2.129396
2.034444
2.089942
2.158799
2.034444
2.158799
2.245537
2.356194
2.446854
2.356194
2.432966
2.521343
2.622447
2.677945
2.782822
2.896614
2.922924
2.944197
0.000000
0.000000
0.000000
-0.785398
-0.463648
-0.785398
0.000000
0.785398
1.570796
1.570796
2.034444
1.570796
1.570796
2.356194
3.141593
2.356194
2.034444
2.356194
2.677945
3.141593
2.677945
2.356194
2.553590
2.356194
2.498092
2.356194
2.158799
1.892547
2.034444
2.356194
2.677945
3.141593
-2.677945
-2.819842
-2.677945
-2.356194
-1.570796
2.356194
3.141593
3.141593
-2.677945
-2.356194
-2.158799
-2.356194
-2.553590
-2.356194
-2.158799
-2.356194
-2.034444
-1.570796
-1.107149
-1.249046
-1.107149
-0.785398
-1.107149
-0.785398
-0.463648
-0.321751
0.000000
0.000000
0.000000
0.000000
0.000000
0.785398
1.107149
1.570796
2.034444
2.356194
2.034444
2.356194
2.158799
1.892547
2.034444
1.570796
1.570796
1.570796
1.570796
1.768192
1.735945
1.570796
1.570796
1.570796
1.446441
1.428899
1.405648
1.249046
1.107149
1.030377
0.927295
0.785398
0.896055
0.785398
0.674741
0.588003
0.519146
0.404892
0.519146
0.404892
0.358771
0.463648
0.519146
0.620249
0.558599
0.463648
0.558599
0.463648
0.418224
0.380506
0.348771
0.266252
0.244979
0.165149
0.152649
0.165149
0.179853
0.197396
0.218669
0.321751
0.291457
0.197396
0.218669
0.321751
0.418224
0.380506
0.348771
0.266252
0.348771
0.380506
0.291457
0.321751
0.418224
0.380506
0.291457
0.266252
0.348771
0.426627
0.348771
0.266252
0.348771
0.266252
0.244979
0.165149
0.244979
0.321751
0.394791
0.463648
0.499347
0.566729
0.499347
0.463648
0.528074
0.493941
0.463648
0.519146
0.489957
0.436627
0.463648
0.404892
0.343024
0.278300
0.211093
0.278300
0.343024
0.367174
0.343024
0.321751
0.343024
0.321751
0.302885
0.358771
0.339293
0.321751
0.305879
0.352990
0.398522
0.442374
0.484478
0.524796
0.484478
0.524796
0.484478
0.507099
0.484478
0.524796
0.563316
0.540420
0.502843
0.524796
0.484478
0.442374
0.463648
0.442374
0.463648
0.442374
0.422854
0.442374
0.398522
0.380506
0.336675
0.352990
0.336675
0.380506
0.336675
0.321751
0.308053
0.321751
0.363979
0.321751
0.308053
0.321751
0.363979
0.404892
0.363979
0.321751
0.308053
0.266252
0.255182
0.266252
0.255182
0.214061
0.172191
0.214061
0.223477
0.214061
0.223477
0.233743
0.223477
0.233743
0.223477
0.179853
0.223477
0.179853
0.188222
0.233743
0.278300
0.266252
0.223477
0.266252
0.308053
0.295441
0.334737
0.321751
0.334737
0.348771
0.363979
0.380506
0.422854
0.463648
0.444419
0.404892
0.444419
0.482513
0.502843
0.540420
0.576375
0.610726
0.643501
0.610726
0.576375
0.610726
0.643501
0.674741
0.643501
0.668289
0.635027
0.610726
0.576375
0.610726
0.588003
0.620249
0.588003
0.554307
0.588003
0.610726
0.635027
0.661043
0.688924
0.661043
0.688924
0.661043
0.688924
0.722979
0.688924
0.652847
0.625485
0.661043
0.635027
0.668289
0.635027
0.600050
0.563316
0.524796
0.563316
0.540420
0.502843
0.463648
0.444419
0.426627
0.444419
0.404892
0.363979
0.404892
0.422854
0.380506
0.363979
0.321751
0.308053
0.321751
0.336675
0.291457
0.244979
0.257324
0.305879
0.321751
0.270947
0.218669
0.165149
0.110657
0.055499
0.058756
0.000000
0.000000
0.000000
-0.058756
0.000000
0.000000
-0.055499
-0.058756
-0.117109
-0.124355
-0.185348
-0.244979
-0.231091
-0.174672
-0.231091
-0.174672
-0.185348
-0.174672
-0.165149
-0.218669
-0.165149
-0.174672
-0.231091
-0.218669
-0.207496
-0.197396
-0.188222
-0.233743
-0.244979
-0.257324
-0.244979
-0.257324
-0.305879
-0.257324
-0.207496
-0.197396
-0.207496
-0.257324
-0.270947
-0.257324
-0.207496
-0.197396
-0.148890
-0.141897
-0.148890
-0.156602
-0.207496
-0.156602
-0.148890
-0.156602
-0.104877
-0.110657
-0.165149
-0.174672
-0.117109
-0.110657
-0.117109
-0.110657
-0.117109
-0.110657
-0.117109
-0.110657
-0.104877
-0.099669
-0.049958
-0.000000
-0.000000
-0.000000
-0.000000
0.047583
-0.000000
-0.047583
-0.049958
-0.000000
-0.049958
-0.099669
-0.104877
-0.110657
-0.055499
-0.058756
-0.062419
-0.124355
-0.132552
-0.124355
-0.185348
-0.124355
-0.117109
-0.174672
-0.117109
-0.124355
-0.132552
-0.066568
-0.071307
-0.000000
0.071307
0.141897
0.071307
0.066568
-0.000000
0.066568
0.132552
0.124355
0.117109
0.058756
0.117109
0.058756
0.062419
0.066568
0.132552
0.066568
0.132552
0.141897
0.152649
0.141897
0.211093
0.226799
0.211093
0.197396
0.185348
0.124355
0.117109
0.058756
0.062419
0.066568
-0.000000
-0.000000
-0.000000
0.058756
0.117109
0.124355
0.062419
0.066568
0.071307
0.141897
0.132552
0.197396
0.211093
0.226799
0.298499
0.226799
0.211093
0.278300
0.343024
0.404892
0.343024
0.321751
0.380506
0.321751
0.343024
0.321751
0.260602
0.278300
0.343024
0.278300
0.298499
0.226799
0.211093
0.141897
0.071307
0.066568
0.132552
0.124355
0.117109
0.174672
0.165149
0.218669
0.207496
0.218669
0.270947
0.286051
0.231091
0.218669
0.231091
0.286051
0.339293
0.321751
0.339293
0.358771
0.380506
0.321751
0.380506
0.404892
0.432408
0.463648
0.528074
0.566729
0.499347
0.540420
0.610726
0.566729
0.610726
0.661043
0.610726
0.661043
0.610726
0.661043
0.726642
0.785398
0.844154
0.785398
0.726642
0.785398
0.844154
0.909753
0.851966
0.785398
0.844154
0.785398
0.726642
0.785398
0.726642
0.661043
0.718830
0.661043
0.726642
0.785398
0.726642
0.785398
0.844154
0.909753
0.982794
1.030377
0.982794
1.030377
1.107149
1.030377
1.071450
1.107149
1.042722
1.076855
1.107149
1.165905
1.107149
1.165905
1.107149
1.134169
1.190290
1.165905
1.107149
1.076855
1.138389
1.165905
1.190290
1.249046
1.310194
1.249046
1.227772
1.249046
1.310194
1.249046
1.227772
1.249046
1.227772
1.249046
1.267911
1.325818
1.339706
1.396124
1.405648
1.352127
1.405648
1.396124
1.453688
1.460139
1.453688
1.460139
1.515298
1.512041
1.570796
1.629552
1.687905
1.629552
1.687905
1.695151
1.756144
1.815775
1.873681
1.815775
1.831399
1.892547
1.913820
1.937970
1.913820
1.849096
1.913820
1.937970
2.003204
1.975688
2.034444
2.007423
1.951303
1.929567
1.951303
1.975688
1.913820
1.937970
1.913820
1.849096
1.869295
1.849096
1.869295
1.937970
1.965587
1.997424
1.965587
2.034444
2.003204
2.064738
2.122451
2.176341
2.122451
2.064738
2.122451
2.064738
2.098871
2.064738
2.122451
2.089942
2.122451
2.089942
2.122451
2.158799
2.214297
2.265535
2.214297
2.176341
2.142134
2.111216
2.158799
2.203545
2.173084
2.214297
2.253113
2.284887
2.321725
2.356194
2.390664
2.427502
2.393215
2.432966
2.393215
2.432966
2.475623
2.508844
2.466852
2.498092
2.539305
2.508844
2.553590
2.508844
2.539305
2.498092
2.526930
2.498092
2.526930
2.488746
2.516108
2.488746
2.526930
2.498092
2.466852
2.432966
2.475623
2.521343
2.570255
2.521343
2.570255
2.622447
2.570255
2.601173
2.629203
2.601173
2.553590
2.601173
2.651635
2.704965
2.761086
2.819842
2.761086
2.819842
2.838708
2.782822
2.802300
2.750986
2.770701
2.788602
2.804918
2.819842
2.833540
2.846152
2.857799
2.868584
2.831890
2.796037
2.761086
2.727086
2.711830
2.695487
2.731465
2.695487
2.660705
2.627141
2.594804
2.627141
2.660705
2.677945
2.711830
2.695487
2.660705
2.627141
2.645170
2.613518
2.645170
2.627141
2.660705
2.642246
2.607884
2.627141
2.645170
2.662073
2.694073
2.677945
2.711830
2.677945
2.645170
2.627141
2.594804
2.613518
2.631104
2.662073
2.677945
2.662073
2.677945
2.692869
2.723368
2.709185
2.677945
2.692869
2.677945
2.692869
2.723368
2.736701
2.749253
2.736701
2.706922
2.720173
2.749253
2.779048
2.809533
2.840672
2.850136
2.819842
2.809533
2.779048
2.749253
2.736701
2.706922
2.720173
2.691833
2.704965
2.717398
2.690931
2.677945
2.664247
2.677945
2.664247
2.691833
2.664247
2.649783
2.677945
2.691833
2.677945
2.649783
2.664247
2.677945
2.651635
2.626044
2.651635
2.637427
2.611377
2.626044
2.651635
2.637427
2.611377
2.595938
2.579671
2.595938
2.622447
2.606638
2.579671
2.562518
2.589938
2.562518
2.589938
2.606638
2.622447
2.595938
2.570255
2.595938
2.622447
2.637427
2.664247
2.691833
2.720173
2.706922
2.677945
2.706922
2.692869
2.677945
2.647651
2.631104
2.647651
2.677945
2.692869
2.677945
2.709185
2.694073
2.727086
2.694073
2.709185
2.741352
2.709185
2.741352
2.709185
2.694073
2.727086
2.761086
2.796037
2.782822
2.768605
2.753274
2.714965
2.731465
2.714965
2.697173
2.736701
2.753274
2.714965
2.677945
2.714965
2.731465
2.746802
2.711830
2.695487
2.711830
2.677945
2.660705
2.695487
2.660705
2.677945
2.645170
2.662073
2.645170
2.627141
2.660705
2.677945
2.694073
2.727086
2.711830
2.695487
2.711830
2.677945
2.645170
2.627141
2.645170
2.627141
2.594804
2.613518
2.594804
2.563691
2.533791
2.553590
2.525296
2.553590
2.582993
2.601173
2.582993
2.601173
2.618314
2.589938
2.562518
2.579671
2.553590
2.579671
2.595938
2.570255
2.553590
2.570255
2.553590
2.528385
2.504044
2.521343
2.504044
2.528385
2.545394
2.521343
2.537843
2.561590
2.537843
2.553590
2.537843
2.521343
2.504044
2.485897
2.504044
2.485897
2.466852
2.491722
2.510513
2.485897
2.510513
2.491722
2.517570
2.498092
2.525296
2.505084
2.533791
2.512796
2.483704
2.505084
2.483704
2.512796
2.533791
2.553590
2.572279
2.553590
2.572279
2.589938
2.618314
2.589938
2.562518
2.544416
2.562518
2.544416
2.572279
2.544416
2.562518
2.544416
2.525296
2.498092
2.525296
2.505084
2.477546
2.498092
2.517570
2.544416
2.572279
2.553590
2.533791
2.512796
2.490516
2.521343
2.543174
2.574863
2.594804
2.574863
2.594804
2.563691
2.533791
2.553590
2.525296
2.505084
2.477546
2.455863
2.429235
2.451146
2.425849
2.401618
2.379446
2.356194
2.332943
2.356194
2.380580
2.403778
2.379446
2.356194
2.333976
2.356194
2.378413
2.356194
1.570796
0.785398
1.107149
1.570796
1.570796
1.892547
1.570796
1.249046
1.325818
1.107149
0.927295
1.107149
0.927295
0.785398
0.674741
0.785398
0.643501
0.785398
0.643501
0.785398
0.588003
0.785398
1.107149
0.785398
0.982794
0.785398
0.927295
1.030377
0.927295
0.785398
0.927295
0.785398
0.588003
0.321751
0.244979
0.197396
0.000000
0.000000
-0.165149
0.000000
-0.165149
-0.197396
0.000000
0.000000
-0.165149
-0.141897
-0.124355
0.000000
-0.124355
-0.110657
0.000000
0.110657
0.099669
0.000000
0.099669
0.000000
0.000000
0.000000
-0.124355
-0.110657
-0.124355
-0.244979
-0.124355
-0.244979
-0.358771
-0.244979
-0.278300
-0.321751
-0.463648
-0.588003
-0.463648
-0.588003
-0.674741
-0.540420
-0.643501
-0.785398
-0.896055
-0.785398
-0.643501
-0.785398
-0.643501
-0.785398
-0.982794
-1.107149
-1.325818
-1.249046
-1.570796
-1.570796
-1.570796
-1.570796
-1.107149
-1.249046
-1.325818
-1.373401
-1.325818
-1.249046
-0.982794
-1.107149
-0.982794
-1.107149
-0.927295
-1.107149
-1.325818
-1.373401
-1.190290
-1.373401
-1.325818
-1.373401
-1.325818
-1.570796
-1.325818
-1.570796
-1.570796
-1.570796
-1.107149
-0.785398
-1.107149
-0.785398
-0.463648
-0.785398
-0.588003
-0.463648
-0.643501
-0.785398
-0.643501
-0.785398
-0.896055
-1.030377
-0.927295
-0.785398
-0.896055
-1.030377
-1.107149
-1.165905
-1.107149
-1.030377
-0.927295
-0.785398
-0.674741
-0.540420
-0.463648
-0.404892
-0.519146
-0.620249
-0.708626
-0.785398
-0.718830
-0.643501
-0.708626
-0.620249
-0.558599
-0.463648
-0.418224
-0.321751
-0.358771
-0.404892
-0.519146
-0.620249
-0.694738
-0.620249
-0.694738
-0.785398
-0.674741
-0.785398
-0.674741
-0.785398
-0.674741
-0.785398
-0.643501
-0.540420
-0.380506
-0.540420
-0.380506
-0.197396
-0.165149
-0.321751
-0.463648
-0.540420
-0.463648
-0.321751
-0.380506
-0.540420
-0.380506
-0.197396
-0.380506
-0.463648
-0.244979
-0.463648
-0.380506
-0.540420
-0.380506
-0.321751
-0.380506
-0.321751
-0.463648
-0.588003
-0.694738
-0.785398
-0.896055
-0.982794
-0.876058
-0.785398
-0.694738
-0.620249
-0.708626
-0.785398
-0.708626
-0.620249
-0.519146
-0.404892
-0.358771
-0.463648
-0.558599
-0.463648
-0.519146
-0.463648
-0.358771
-0.321751
-0.218669
-0.321751
-0.418224
-0.321751
-0.218669
-0.321751
-0.358771
-0.321751
-0.358771
-0.244979
-0.358771
-0.404892
-0.463648
-0.588003
-0.674741
-0.540420
-0.674741
-0.588003
-0.463648
-0.588003
-0.519146
-0.620249
-0.558599
-0.643501
-0.718830
-0.643501
-0.708626
-0.785398
-0.876058
-0.982794
-0.896055
-1.030377
-0.927295
-0.785398
-0.643501
-0.540420
-0.674741
-0.588003
-0.463648
-0.404892
-0.463648
-0.404892
-0.358771
-0.321751
-0.291457
-0.380506
-0.348771
-0.321751
-0.348771
-0.266252
-0.348771
-0.321751
-0.394791
-0.463648
-0.432408
-0.463648
-0.528074
-0.463648
-0.528074
-0.566729
-0.628796
-0.588003
-0.628796
-0.674741
-0.610726
-0.674741
-0.628796
-0.685730
-0.643501
-0.588003
-0.528074
-0.463648
-0.394791
-0.367174
-0.343024
-0.404892
-0.463648
-0.493941
-0.528074
-0.463648
-0.394791
-0.426627
-0.499347
-0.540420
-0.463648
-0.540420
-0.588003
-0.540420
-0.588003
-0.643501
-0.558599
-0.507099
-0.463648
-0.540420
-0.588003
-0.507099
-0.463648
-0.426627
-0.394791
-0.426627
-0.394791
-0.463648
-0.499347
-0.540420
-0.588003
-0.661043
-0.718830
-0.785398
-0.708626
-0.643501
-0.588003
-0.661043
-0.726642
-0.785398
-0.718830
-0.661043
-0.718830
-0.661043
-0.726642
-0.674741
-0.610726
-0.661043
-0.610726
-0.540420
-0.588003
-0.643501
-0.588003
-0.643501
-0.558599
-0.620249
-0.519146
-0.620249
-0.708626
-0.620249
-0.519146
-0.404892
-0.519146
-0.463648
-0.418224
-0.507099
-0.418224
-0.463648
-0.519146
-0.620249
-0.708626
-0.785398
-0.862170
-0.785398
-0.862170
-0.950547
-1.051650
-0.950547
-1.051650
-1.165905
-1.051650
-1.165905
-1.107149
-1.030377
-1.107149
-1.165905
-1.292497
-1.428899
-1.292497
-1.428899
-1.446441
-1.325818
-1.352127
-1.460139
-1.570796
-1.570796
-1.446441
-1.428899
-1.405648
-1.373401
-1.190290
-1.249046
-1.107149
-1.249046
-1.292497
-1.249046
-1.107149
-0.982794
-0.876058
-0.982794
-0.876058
-0.785398
-0.694738
-0.620249
-0.519146
-0.463648
-0.519146
-0.620249
-0.694738
-0.620249
-0.558599
-0.507099
-0.463648
-0.540420
-0.610726
-0.566729
-0.610726
-0.540420
-0.610726
-0.540420
-0.499347
-0.463648
-0.528074
-0.588003
-0.528074
-0.588003
-0.528074
-0.566729
-0.610726
-0.566729
-0.628796
-0.674741
-0.610726
-0.661043
-0.610726
-0.566729
-0.610726
-0.566729
-0.499347
-0.566729
-0.610726
-0.566729
-0.610726
-0.661043
-0.726642
-0.785398
-0.732815
-0.785398
-0.732815
-0.685730
-0.737815
-0.694738
-0.737815
-0.685730
-0.737815
-0.785398
-0.741947
-0.702257
-0.665969
-0.702257
-0.745419
-0.785398
-0.825377
-0.785398
-0.748378
-0.708626
-0.745419
-0.785398
-0.745419
-0.785398
-0.825377
-0.785398
-0.745419
-0.785398
-0.822418
-0.862170
-0.896055
-0.927295
-0.956133
-0.996491
-1.022247
-1.063698
-1.039072
-1.063698
-1.107149
-1.128422
-1.172274
-1.217806
-1.199905
-1.180189
-1.130954
-1.107149
-1.130954
-1.083897
-1.039072
-0.996491
-1.022247
-0.996491
-1.039072
-1.012197
-1.058407
-1.012197
-1.039072
-1.012197
-0.968509
-0.938047
-0.968509
-0.996491
-0.968509
-0.996491
-0.968509
-0.938047
-0.982794
-0.950547
-0.999459
-1.051650
-1.080839
-1.134169
-1.190290
-1.165905
-1.190290
-1.249046
-1.267911
-1.325818
-1.385448
-1.373401
-1.385448
-1.396124
-1.385448
-1.325818
-1.339706
-1.352127
-1.405648
-1.460139
-1.453688
-1.446441
-1.508378
-1.446441
-1.453688
-1.512041
-1.515298
-1.512041
-1.570796
-1.570796
-1.570796
-1.518213
-1.465919
-1.414194
-1.465919
-1.471128
-1.520838
-1.570796
-1.620755
-1.618379
-1.665748
-1.661456
-1.665748
-1.618379
-1.616220
-1.614247
-1.657535
-1.700499
-1.742987
-1.700499
-1.706324
-1.700499
-1.695151
-1.690225
-1.695151
-1.690225
-1.729452
-1.690225
-1.729452
-1.690225
-1.695151
-1.735945
-1.776192
-1.815775
-1.806341
-1.843805
-1.806341
-1.797595
-1.806341
-1.815775
-1.776192
-1.815775
-1.825979
-1.784857
-1.742987
-1.784857
-1.742987
-1.750650
-1.794273
-1.804540
-1.849096
-1.837048
-1.794273
-1.784857
-1.794273
-1.837048
-1.878849
-1.837048
-1.878849
-1.837048
-1.878849
-1.837048
-1.794273
-1.750650
-1.706324
-1.700499
-1.742987
-1.735945
-1.742987
-1.700499
-1.657535
-1.700499
-1.742987
-1.784857
-1.825979
-1.784857
-1.742987
-1.750650
-1.742987
-1.700499
-1.657535
-1.653938
-1.657535
-1.661456
-1.706324
-1.750650
-1.742987
-1.784857
-1.794273
-1.804540
-1.815775
-1.828120
-1.815775
-1.804540
-1.794273
-1.837048
-1.849096
-1.804540
-1.759018
-1.768192
-1.778293
-1.768192
-1.759018
-1.804540
-1.849096
-1.837048
-1.794273
-1.837048
-1.878849
-1.892547
-1.849096
-1.837048
-1.849096
-1.862253
-1.849096
-1.862253
-1.876675
-1.862253
-1.849096
-1.837048
-1.878849
-1.919567
-1.905533
-1.866237
-1.825979
-1.837048
-1.825979
-1.784857
-1.794273
-1.750650
-1.706324
-1.700499
-1.742987
-1.784857
-1.742987
-1.750650
-1.706324
-1.712693
-1.706324
-1.700499
-1.657535
-1.614247
-1.612439
-1.570796
-1.570796
-1.527345
-1.525373
-1.570796
-1.616220
-1.661456
-1.665748
-1.670465
-1.675673
-1.623379
-1.620755
-1.570796
-1.620755
-1.618379
-1.570796
-1.523213
-1.520838
-1.471128
-1.421906
-1.414194
-1.363300
-1.373401
-1.325818
-1.337053
-1.325818
-1.373401
-1.325818
-1.279340
-1.292497
-1.304544
-1.347320
-1.337053
-1.325818
-1.279340
-1.264917
-1.249046
-1.231504
-1.180189
-1.130954
-1.107149
-1.080839
-1.030377
-0.999459
-0.965252
-0.915101
-0.965252
-0.999459
-0.965252
-0.915101
-0.965252
-0.915101
-0.965252
-0.915101
-0.876058
-0.832981
-0.785398
-0.832981
-0.876058
-0.828849
-0.876058
-0.828849
-0.785398
-0.741947
-0.785398
-0.741947
-0.694738
-0.741947
-0.694738
-0.741947
-0.694738
-0.655696
-0.605545
-0.643501
-0.694738
-0.655696
-0.702257
-0.655696
-0.620249
-0.655696
-0.605545
-0.643501
-0.694738
-0.655696
-0.694738
-0.737815
-0.694738
-0.655696
-0.620249
-0.571337
-0.620249
-0.571337
-0.605545
-0.571337
-0.620249
-0.588003
-0.540420
-0.512389
-0.540420
-0.489957
-0.463648
-0.489957
-0.519146
-0.463648
-0.404892
-0.432408
-0.404892
-0.463648
-0.404892
-0.432408
-0.463648
-0.432408
-0.367174
-0.432408
-0.367174
-0.394791
-0.426627
-0.463648
-0.507099
-0.463648
-0.426627
-0.463648
-0.540420
-0.499347
-0.540420
-0.463648
-0.380506
-0.463648
-0.507099
-0.463648
-0.426627
-0.463648
-0.380506
-0.463648
-0.540420
-0.499347
-0.463648
-0.432408
-0.463648
-0.528074
-0.493941
-0.463648
-0.493941
-0.528074
-0.463648
-0.499347
-0.540420
-0.463648
-0.540420
-0.463648
-0.426627
-0.463648
-0.540420
-0.499347
-0.540420
-0.463648
-0.507099
-0.558599
-0.463648
-0.558599
-0.463648
-0.358771
-0.244979
-0.278300
-0.321751
-0.463648
-0.540420
-0.643501
-0.463648
-0.380506
-0.197396
-0.244979
-0.321751
-0.463648
-0.321751
0.000000
0.000000
0.463648
0.785398
1.107149
1.249046
0.982794
1.107149
1.190290
1.107149
1.190290
1.373401
1.405648
1.570796
1.735945
1.892547
1.735945
1.768192
1.951303
2.034444
1.815775
1.570796
1.325818
1.249046
1.325818
1.107149
0.927295
0.785398
0.674741
0.588003
0.694738
0.620249
0.519146
0.620249
0.708626
0.785398
0.694738
0.620249
0.694738
0.620249
0.558599
0.643501
0.708626
0.785398
0.876058
0.785398
0.862170
0.950547
1.012197
1.107149
1.051650
1.107149
1.012197
0.927295
0.862170
0.950547
1.051650
1.107149
1.012197
1.063698
0.982794
1.030377
1.107149
1.030377
0.982794
1.063698
1.152572
1.063698
0.982794
1.063698
1.012197
1.063698
0.982794
0.927295
0.851966
0.909753
0.960070
0.896055
0.844154
0.909753
0.960070
1.004067
0.942000
0.885067
0.837981
0.785398
0.832981
0.885067
0.942000
1.004067
0.942000
0.885067
0.832981
0.785398
0.737815
0.785398
0.741947
0.785398
0.737815
0.785398
0.737815
0.785398
0.737815
0.694738
0.643501
0.685730
0.737815
0.694738
0.737815
0.685730
0.643501
0.694738
0.737815
0.685730
0.643501
0.605545
0.643501
0.694738
0.655696
0.620249
0.665969
0.702257
0.745419
0.702257
0.655696
0.694738
0.737815
0.785398
0.737815
0.785398
0.832981
0.876058
0.927295
0.965252
0.999459
1.030377
1.570796
1.570796
2.034444
2.356194
2.034444
1.892547
1.570796
1.570796
1.570796
1.892547
1.815775
2.034444
1.951303
2.034444
2.158799
1.892547
1.570796
1.249046
0.982794
0.785398
0.982794
0.785398
0.982794
0.785398
0.927295
0.785398
0.982794
1.107149
1.325818
1.107149
0.982794
0.785398
0.982794
1.249046
1.325818
1.107149
1.325818
1.570796
1.570796
1.249046
0.982794
1.249046
1.107149
1.570796
1.570796
1.570796
1.107149
0.785398
0.982794
1.249046
1.325818
1.570796
1.325818
1.249046
1.107149
0.785398
0.463648
0.000000
0.463648
0.000000
-0.463648
-0.785398
-0.982794
-1.107149
-1.190290
-1.249046
-1.405648
-1.570796
-1.735945
-1.570796
-1.570796
-1.428899
-1.405648
-1.428899
-1.292497
-1.325818
-1.352127
-1.325818
-1.292497
-1.428899
-1.292497
-1.249046
-1.107149
-1.249046
-1.107149
-1.165905
-1.212026
-1.249046
-1.352127
-1.460139
-1.352127
-1.249046
-1.152572
-1.190290
-1.279340
-1.190290
-1.107149
-1.063698
-0.982794
-1.030377
-1.071450
-1.030377
-0.982794
-0.909753
-0.960070
-0.909753
-0.844154
-0.896055
-0.837981
-0.785398
-0.832981
-0.885067
-0.837981
-0.785398
-0.726642
-0.785398
-0.851966
-0.785398
-0.851966
-0.785398
-0.862170
-0.785398
-0.718830
-0.785398
-0.718830
-0.785398
-0.718830
-0.785398
-0.708626
-0.785398
-0.862170
-0.927295
-0.982794
-1.063698
-0.982794
-0.909753
-0.844154
-0.909753
-0.960070
-0.909753
-0.960070
-1.030377
-1.107149
-1.144169
-1.176005
-1.203622
-1.272297
-1.292497
-1.359703
-1.373401
-1.438245
-1.446441
-1.453688
-1.512041
-1.570796
-1.512041
-1.570796
-1.512041
-1.453688
-1.512041
-1.515298
-1.518213
-1.520838
-1.523213
-1.475845
-1.480136
-1.475845
-1.471128
-1.475845
-1.523213
-1.475845
-1.471128
-1.475845
-1.523213
-1.570796
-1.570796
-1.570796
-1.570796
-1.570796
-1.570796
-1.570796
-1.570796
-1.616220
-1.614247
-1.570796
-1.614247
-1.570796
-1.527345
-1.484058
-1.480136
-1.525373
-1.527345
-1.525373
-1.527345
-1.484058
-1.487655
-1.529154
-1.527345
-1.484058
-1.441094
-1.484058
-1.487655
-1.529154
-1.530818
-1.529154
-1.487655
-1.490966
-1.487655
-1.446441
-1.451367
-1.446441
-1.405648
-1.412141
-1.405648
-1.446441
-1.405648
-1.412141
-1.418147
-1.412141
-1.405648
-1.446441
-1.451367
-1.455920
-1.418147
-1.455920
-1.418147
-1.455920
-1.460139
-1.455920
-1.494024
-1.490966
-1.487655
-1.490966
-1.451367
-1.455920
-1.460139
-1.423718
-1.460139
-1.464061
-1.467715
-1.471128
-1.438245
-1.442473
-1.446441
-1.442473
-1.438245
-1.471128
-1.438245
-1.442473
-1.410883
-1.415800
-1.446441
-1.477320
-1.474323
-1.442473
-1.446441
-1.450173
-1.420425
-1.415800
-1.420425
-1.390943
-1.420425
-1.450173
-1.420425
-1.415800
-1.420425
-1.450173
-1.453688
-1.424784
-1.396124
-1.390943
-1.385448
-1.415800
-1.410883
-1.415800
-1.410883
-1.442473
-1.410883
-1.415800
-1.410883
-1.415800
-1.385448
-1.415800
-1.410883
-1.405648
-1.438245
-1.405648
-1.410883
-1.442473
-1.446441
-1.450173
-1.420425
-1.424784
-1.453688
-1.450173
-1.420425
-1.424784
-1.420425
-1.415800
-1.410883
-1.442473
-1.410883
-1.379612
-1.385448
-1.415800
-1.446441
-1.442473
-1.474323
-1.471128
-1.438245
-1.433730
-1.400061
-1.394087
-1.387686
-1.380808
-1.418147
-1.380808
-1.373401
-1.380808
-1.387686
-1.380808
-1.418147
-1.380808
-1.343997
-1.352127
-1.359703
-1.394087
-1.359703
-1.325818
-1.317122
-1.352127
-1.317122
-1.307802
-1.272297
-1.237552
-1.249046
-1.282741
-1.249046
-1.237552
-1.225241
-1.261093
-1.272297
-1.261093
-1.225241
-1.190290
-1.203622
-1.237552
-1.203622
-1.237552
-1.249046
-1.237552
-1.272297
-1.307802
-1.297788
-1.335251
-1.343997
-1.352127
-1.343997
-1.335251
-1.373401
-1.412141
-1.405648
-1.365401
-1.373401
-1.412141
-1.418147
-1.455920
-1.451367
-1.412141
-1.405648
-1.412141
-1.405648
-1.365401
-1.405648
-1.412141
-1.418147
-1.380808
-1.343997
-1.352127
-1.343997
-1.380808
-1.343997
-1.307802
-1.272297
-1.307802
-1.317122
-1.307802
-1.317122
-1.352127
-1.359703
-1.394087
-1.359703
-1.394087
-1.387686
-1.352127
-1.343997
-1.335251
-1.297788
-1.287002
-1.297788
-1.261093
-1.272297
-1.261093
-1.249046
-1.212026
-1.197809
-1.236059
-1.197809
-1.212026
-1.225241
-1.212026
-1.197809
-1.182478
-1.165905
-1.182478
-1.144169
-1.182478
-1.222025
-1.206817
-1.222025
-1.182478
-1.144169
-1.160669
-1.176005
-1.190290
-1.176005
-1.141034
-1.107149
-1.123276
-1.091277
-1.060308
-1.030377
-1.001483
-0.973620
-1.001483
-1.030377
-1.047518
-1.076855
-1.060308
-1.076855
-1.092444
-1.107149
-1.092444
-1.076855
-1.047518
-1.019141
-0.991722
-0.965252
-0.939717
-0.957589
-0.939717
-0.957589
-0.974597
-0.950547
-0.974597
-0.999459
-1.025141
-1.008875
-0.982794
-0.957589
-0.974597
-0.990794
-0.974597
-0.999459
-0.974597
-0.957589
-0.974597
-0.999459
-0.982794
-0.957589
-0.982794
-0.957589
-0.974597
-0.999459
-1.025141
-1.008875
-0.991722
-0.965252
-0.939717
-0.965252
-0.982794
-0.965252
-0.982794
-1.008875
-1.025141
-0.999459
-0.982794
-0.965252
-0.939717
-0.915101
-0.896055
-0.872137
-0.851966
-0.830821
-0.851966
-0.830821
-0.808650
-0.785398
-0.762147
-0.739975
-0.763180
-0.741947
-0.718830
-0.739975
-0.715744
-0.739975
-0.762147
-0.785398
-0.807617
-0.785398
-0.807617
-0.785398
-0.807617
-0.785398
-0.763180
-0.741947
-0.721655
-0.702257
-0.679414
-0.702257
-0.721655
-0.741947
-0.721655
-0.702257
-0.683709
-0.705568
-0.683709
-0.705568
-0.724250
-0.743756
-0.721655
-0.741947
-0.721655
-0.743756
-0.764125
-0.785398
-0.806672
-0.827041
-0.806672
-0.828849
-0.807617
-0.828849
-0.851966
-0.828849
-0.851966
-0.876058
-0.855053
-0.830821
-0.807617
-0.830821
-0.807617
-0.785398
-0.763180
-0.739975
-0.715744
-0.690446
-0.664046
-0.690446
-0.715744
-0.694738
-0.718830
-0.739975
-0.715744
-0.737815
-0.715744
-0.739975
-0.718830
-0.739975
-0.762147
-0.785398
-0.762147
-0.785398
-0.762147
-0.785398
-0.807617
-0.830821
-0.855053
-0.876058
-0.855053
-0.830821
-0.855053
-0.876058
-0.901157
-0.920926
-0.901157
-0.920926
-0.896055
-0.872137
-0.891383
-0.868539
-0.849141
-0.827041
-0.805803
-0.785398
-0.764125
-0.741947
-0.763180
-0.741947
-0.763180
-0.739975
-0.763180
-0.739975
-0.762147
-0.739975
-0.762147
-0.739975
-0.718830
-0.694738
-0.674741
-0.698660
-0.679414
-0.661043
-0.643501
-0.626743
-0.643501
-0.661043
-0.679414
-0.698660
-0.674741
-0.694738
-0.718830
-0.694738
-0.674741
-0.694738
-0.674741
-0.698660
-0.679414
-0.655696
-0.674741
-0.698660
-0.679414
-0.698660
-0.718830
-0.698660
-0.718830
-0.698660
-0.674741
-0.655696
-0.679414
-0.661043
-0.679414
-0.698660
-0.721655
-0.741947
-0.718830
-0.698660
-0.721655
-0.702257
-0.683709
-0.661043
-0.643501
-0.626743
-0.643501
-0.665969
-0.648996
-0.665969
-0.687671
-0.665969
-0.648996
-0.632749
-0.654083
-0.670522
-0.687671
-0.670522
-0.648996
-0.626743
-0.610726
-0.588003
-0.603749
-0.580003
-0.564569
-0.549853
-0.535811
-0.549853
-0.564569
-0.540420
-0.526066
-0.512389
-0.499347
-0.512389
-0.535811
-0.558599
-0.544864
-0.558599
-0.544864
-0.558599
-0.535811
-0.522403
-0.509592
-0.486899
-0.499347
-0.486899
-0.475011
-0.452154
-0.463648
-0.475695
-0.499347
-0.522403
-0.544864
-0.566729
-0.553294
-0.531724
-0.519146
-0.531724
-0.553294
-0.566729
-0.553294
-0.540420
-0.561163
-0.581380
-0.601074
-0.581380
-0.568525
-0.556166
-0.544280
-0.556166
-0.575425
-0.556166
-0.536435
-0.524796
-0.536435
-0.548549
-0.561163
-0.548549
-0.561163
-0.540420
-0.553294
-0.574305
-0.553294
-0.566729
-0.544864
-0.558599
-0.544864
-0.566729
-0.544864
-0.531724
-0.553294
-0.574305
-0.588003
-0.602287
-0.580756
-0.595410
-0.610726
-0.588003
-0.603749
-0.620249
-0.596199
-0.580003
-0.555494
-0.580003
-0.596199
-0.620249
-0.603749
-0.580003
-0.596199
-0.571337
-0.555494
-0.530216
-0.515549
-0.530216
-0.555494
-0.580003
-0.596199
-0.613207
-0.588003
-0.605545
-0.579074
-0.551655
-0.579074
-0.551655
-0.523278
-0.507099
-0.478352
-0.463648
-0.491809
-0.463648
-0.478352
-0.448723
-0.478352
-0.463648
-0.434670
-0.421419
-0.392340
-0.362544
-0.332059
-0.343024
-0.332059
-0.300920
-0.269167
-0.260602
-0.291457
-0.300920
-0.269167
-0.260602
-0.252554
-0.244979
-0.252554
-0.282555
-0.274167
-0.244979
-0.252554
-0.222082
-0.215358
-0.222082
-0.191184
-0.159913
-0.165149
-0.197396
-0.165149
-0.170735
-0.165149
-0.197396
-0.165149
-0.159913
-0.154997
-0.159913
-0.154997
-0.150371
-0.120624
-0.124355
-0.093477
-0.096474
-0.128323
-0.159913
-0.165149
-0.170735
-0.165149
-0.132552
-0.128323
-0.096474
-0.099669
-0.103082
-0.099669
-0.066568
-0.068856
-0.103082
-0.099669
-0.132552
-0.137066
-0.103082
-0.137066
-0.170735
-0.137066
-0.141897
-0.147078
-0.110657
-0.114877
-0.110657
-0.106736
-0.110657
-0.106736
-0.110657
-0.114877
-0.076772
-0.079830
-0.076772
-0.079830
-0.076772
-0.114877
-0.076772
-0.114877
-0.152649
-0.147078
-0.110657
-0.147078
-0.110657
-0.106736
-0.103082
-0.137066
-0.103082
-0.137066
-0.132552
-0.165149
-0.159913
-0.128323
-0.124355
-0.154997
-0.185348
-0.191184
-0.197396
-0.204018
-0.170735
-0.204018
-0.236849
-0.229232
-0.222082
-0.229232
-0.236849
-0.244979
-0.253674
-0.288055
-0.321751
-0.333244
-0.367174
-0.333244
-0.298499
-0.333244
-0.345556
-0.380506
-0.394791
-0.429762
-0.394791
-0.429762
-0.394791
-0.410127
-0.426627
-0.444419
-0.482513
-0.444419
-0.463648
-0.502843
-0.482513
-0.519146
-0.554307
-0.576375
-0.540420
-0.519146
-0.499347
-0.533708
-0.499347
-0.533708
-0.514451
-0.533708
-0.566729
-0.546789
-0.566729
-0.533708
-0.554307
-0.588003
-0.566729
-0.598419
-0.620249
-0.588003
-0.566729
-0.588003
-0.566729
-0.533708
-0.554307
-0.588003
-0.554307
-0.533708
-0.499347
-0.463648
-0.426627
-0.444419
-0.463648
-0.484478
-0.463648
-0.422854
-0.463648
-0.484478
-0.507099
-0.531724
-0.507099
-0.463648
-0.442374
-0.484478
-0.463648
-0.444419
-0.463648
-0.444419
-0.404892
-0.363979
-0.348771
-0.388319
-0.426627
-0.444419
-0.463648
-0.502843
-0.482513
-0.519146
-0.540420
-0.576375
-0.600050
-0.563316
-0.524796
-0.563316
-0.588003
-0.563316
-0.600050
-0.563316
-0.588003
-0.548549
-0.507099
-0.484478
-0.524796
-0.548549
-0.524796
-0.563316
-0.540420
-0.519146
-0.499347
-0.533708
-0.554307
-0.588003
-0.610726
-0.588003
-0.610726
-0.635027
-0.668289
0.000000
0.000000
0.000000
0.321751
0.244979
0.197396
0.380506
0.321751
0.380506
0.321751
0.380506
0.540420
0.380506
0.540420
0.674741
0.785398
0.927295
1.107149
0.982794
1.249046
1.570796
1.570796
1.570796
1.570796
2.034444
1.570796
1.107149
1.249046
0.982794
1.249046
1.325818
1.570796
1.570796
1.373401
1.405648
1.428899
1.570796
1.570796
1.405648
1.428899
1.405648
1.428899
1.405648
1.373401
1.325818
1.570796
1.570796
1.570796
2.034444
2.356194
2.553590
2.819842
2.896614
3.141593
3.141593
3.141593
3.141593
3.141593
-2.677945
-2.356194
-2.677945
-2.356194
-2.034444
-1.892547
-1.570796
-1.892547
-1.570796
-1.892547
-2.158799
-1.892547
-1.815775
-2.034444
-2.158799
-1.892547
-1.815775
-2.034444
-1.951303
-1.892547
-1.951303
-1.768192
-1.951303
-2.034444
-2.214297
-2.356194
-2.466852
-2.553590
-2.446854
-2.521343
-2.432966
-2.521343
-2.432966
-2.498092
-2.582993
-2.677945
-2.622447
-2.736701
-2.863293
-2.896614
-2.922924
-2.819842
-2.922924
-2.819842
-2.922924
-2.944197
-2.922924
-2.944197
-2.961739
-2.875341
-2.961739
-2.875341
-2.792822
-2.761086
-2.677945
-2.634494
-2.677945
-2.714965
-2.746802
-2.677945
-2.642246
-2.714965
-2.792822
-2.819842
-2.746802
-2.714965
-2.746802
-2.819842
-2.792822
-2.714965
-2.642246
-2.677945
-2.709185
-2.647651
-2.613518
-2.677945
-2.709185
-2.677945
-2.746802
-2.677945
-2.613518
-2.677945
-2.709185
-2.736701
-2.798569
-2.863293
-2.880990
-2.944197
-3.009041
-2.999696
-3.070285
-3.075024
-3.141593
-3.075024
-3.009041
-3.017238
-3.009041
-2.999696
-3.009041
-2.944197
-2.880990
-2.944197
-3.009041
-3.017238
-2.956245
-2.896614
-2.838708
-2.819842
-2.880990
-2.819842
-2.880990
-2.944197
-3.009041
-3.017238
-2.956245
-2.944197
-2.956245
-3.017238
-3.009041
-3.075024
-3.141593
-3.141593
3.070285
2.999696
3.009041
3.017238
3.079174
3.017238
3.024484
3.082837
-3.141593
-3.141593
-3.079174
-3.082837
-3.141593
-3.141593
3.079174
-3.141593
-3.141593
-3.141593
-3.141593
3.075024
3.070285
3.064821
3.070285
3.075024
3.009041
3.017238
3.024484
3.017238
3.024484
2.966920
2.910502
2.922924
2.976444
3.030935
3.086094
3.089010
3.036716
3.030935
2.976444
3.030935
3.086094
-3.141593
-3.141593
-3.141593
-3.141593
-3.141593
3.079174
3.017238
3.079174
-3.141593
-3.141593
-3.141593
-3.141593
-3.141593
-3.141593
-3.064821
-2.988943
-2.976444
-2.961739
-2.944197
-2.922924
-2.896614
-3.017238
-3.141593
-3.141593
2.999696
2.863293
2.819842
2.863293
2.999696
-3.141593
-2.999696
-2.976444
-3.141593
-3.141593
-3.141593
-3.141593
-2.999696
-3.017238
-2.999696
-3.141593
2.999696
2.976444
2.999696
-3.141593
-3.141593
-3.141593
-3.141593
-2.976444
-2.999696
-2.976444
-2.944197
-2.896614
-2.677945
-2.896614
-2.677945
-2.761086
-2.944197
-2.761086
-2.944197
-3.141593
-2.944197
-2.976444
-2.819842
-2.976444
-3.141593
-3.141593
-3.141593
-3.141593
-3.141593
-3.141593
-2.944197
-2.761086
-2.944197
-2.976444
-2.944197
-2.761086
-2.819842
-2.677945
-2.819842
-2.761086
-2.601173
-2.498092
-2.601173
-2.498092
-2.356194
-2.498092
-2.356194
-2.466852
-2.601173
-2.677945
-2.553590
-2.466852
-2.356194
-2.466852
-2.601173
-2.466852
-2.356194
-2.265535
-2.356194
-2.279423
-2.356194
-2.279423
-2.356194
-2.422763
-2.498092
-2.582993
-2.498092
-2.432966
-2.356194
-2.422763
-2.498092
-2.432966
-2.521343
-2.432966
-2.356194
-2.265535
-2.356194
-2.446854
-2.521343
-2.622447
-2.521343
-2.432966
-2.521343
-2.622447
-2.736701
-2.782822
-2.819842
-2.782822
-2.819842
-2.723368
-2.761086
-2.677945
-2.714965
-2.642246
-2.574863
-2.530867
-2.601173
-2.553590
-2.634494
-2.677945
-2.761086
-2.792822
-2.761086
-2.723368
-2.819842
-2.782822
-2.819842
-2.922924
-3.030935
-3.141593
-3.030935
-3.041924
-3.141593
-3.141593
-3.141593
3.041924
2.944197
2.961739
3.050933
3.058451
2.976444
2.988943
2.914794
2.896614
2.819842
2.746802
2.714965
2.677945
2.634494
2.677945
2.761086
2.677945
2.634494
2.582993
2.498092
2.432966
2.356194
2.422763
2.356194
2.289626
2.356194
2.414950
2.356194
2.414950
2.466852
2.512796
2.466852
2.530867
2.480549
2.422763
2.356194
2.422763
2.498092
2.432966
2.356194
2.422763
2.498092
2.553590
2.634494
2.677945
2.601173
2.530867
2.574863
2.512796
2.455863
2.512796
2.455863
2.403778
2.356194
2.308611
2.356194
2.308611
2.356194
2.403778
2.356194
2.408778
2.455863
2.408778
2.356194
2.297439
2.356194
2.297439
2.356194
2.414950
2.466852
2.408778
2.356194
2.308611
2.256526
2.308611
2.356194
2.308611
2.265535
2.226492
2.191046
2.142134
2.111216
2.060754
2.034444
2.060754
2.111216
2.060754
2.111216
2.083186
2.057696
2.083186
2.057696
2.010639
1.961403
1.910089
1.929567
1.951303
1.975688
2.034444
2.089942
2.060754
2.111216
2.158799
2.191046
2.158799
2.191046
2.158799
2.203545
2.236766
2.203545
2.173084
2.145101
2.185459
2.214297
2.173084
2.145101
2.102520
2.057696
2.083186
2.129396
2.102520
2.057696
2.102520
2.057696
2.083186
2.129396
2.158799
2.111216
2.083186
2.111216
2.142134
2.191046
2.142134
2.176341
2.122451
2.176341
2.214297
2.256526
2.303611
2.245537
2.199593
2.137526
2.098871
2.158799
2.098871
2.034444
1.965587
1.997424
1.919567
1.997424
2.034444
1.951303
1.989021
1.892547
1.789465
1.892547
1.789465
1.815775
1.695151
1.815775
1.849096
1.815775
1.929567
1.892547
1.862253
1.768192
1.862253
1.837048
1.862253
1.768192
1.862253
1.892547
1.789465
1.892547
1.789465
1.681454
1.789465
1.681454
1.789465
1.892547
1.989021
1.892547
1.862253
1.951303
1.919567
1.951303
1.862253
1.837048
1.815775
1.797595
1.869295
1.937970
1.913820
1.937970
1.913820
1.892547
1.831399
1.849096
1.831399
1.849096
1.869295
1.892547
1.869295
1.937970
2.003204
2.064738
2.034444
2.089942
2.142134
2.089942
2.122451
2.089942
2.034444
2.089942
2.122451
2.089942
2.060754
2.034444
2.060754
2.007423
1.983207
2.007423
1.951303
1.929567
1.951303
1.929567
1.910089
1.961403
2.010639
2.057696
2.102520
2.145101
2.173084
2.129396
2.102520
2.077895
2.119346
2.095592
2.119346
2.158799
2.185459
2.223643
2.196281
2.170847
2.196281
2.170847
2.134113
2.095592
2.073640
2.095592
2.055274
2.077895
2.102520
2.145101
2.102520
2.145101
2.173084
2.129396
2.173084
2.129396
2.158799
2.129396
2.102520
2.057696
2.083186
2.129396
2.102520
2.145101
2.119346
2.145101
2.185459
2.145101
2.102520
2.129396
2.158799
2.111216
2.060754
2.089942
2.034444
2.089942
2.122451
2.176341
2.142134
2.111216
2.142134
2.176341
2.226492
2.265535
2.226492
2.273053
2.312744
2.356194
2.399645
2.446854
2.399645
2.356194
2.316216
2.279423
2.236766
2.273053
2.312744
2.265535
2.214297
2.256526
2.214297
2.256526
2.308611
2.356194
2.399645
2.356194
2.399645
2.446854
2.498092
2.455863
2.512796
2.553590
2.498092
2.536048
2.498092
2.553590
2.512796
2.553590
2.512796
2.455863
2.403778
2.455863
2.498092
2.553590
2.589938
2.536048
2.570255
2.622447
2.589938
2.647651
2.709185
2.647651
2.709185
2.774419
2.843094
2.863293
2.930499
2.944197
3.009041
2.944197
3.009041
3.017238
2.956245
2.896614
2.956245
3.017238
3.024484
3.030935
3.086094
3.030935
3.024484
3.030935
3.086094
3.030935
3.036716
3.030935
2.976444
2.922924
2.910502
2.966920
3.024484
3.030935
3.036716
3.089010
3.036716
3.041924
3.091634
3.094010
3.091634
3.094010
3.096169
3.050933
3.046641
3.050933
3.006065
2.999696
3.046641
3.050933
3.046641
3.050933
3.006065
3.011890
3.017238
3.022164
3.017238
3.022164
2.982937
2.944197
2.982937
2.944197
2.906048
2.914794
2.906048
2.868584
2.906048
2.944197
2.906048
2.868584
2.857799
2.896614
2.936197
2.896614
2.886410
2.846152
2.833540
2.792822
2.833540
2.819842
2.777614
2.819842
2.777614
2.792822
2.806856
2.768605
2.806856
2.792822
2.753274
2.768605
2.753274
2.792822
2.753274
2.736701
2.753274
2.736701
2.753274
2.792822
2.833540
2.846152
2.857799
2.896614
2.906048
2.868584
2.906048
2.914794
2.951604
2.988943
3.026716
3.022164
3.026716
3.064821
3.067654
3.104573
3.105894
-3.141593
-3.141593
-3.141593
-3.105894
-3.141593
-3.141593
-3.107124
-3.108272
-3.109346
-3.108272
-3.107124
-3.108272
-3.107124
-3.108272
-3.075024
-3.041924
-3.038511
-3.072736
-3.107124
-3.141593
3.107124
3.072736
3.075024
3.108272
-3.141593
3.108272
3.107124
3.072736
3.070285
3.034857
2.999696
3.004526
2.999696
2.994514
2.958482
2.964884
2.958482
2.922924
2.887919
2.922924
2.914794
2.906048
2.868584
2.906048
2.896614
2.857799
2.868584
2.831890
2.796037
2.808348
2.796037
2.782822
2.746802
2.761086
2.796037
2.808348
2.819842
2.830594
2.863293
2.830594
2.840672
2.850136
2.880990
2.912361
2.880990
2.872425
2.904744
2.937575
2.944197
2.912361
2.880990
2.912361
2.904744
2.912361
2.904744
2.872425
2.840672
2.872425
2.863293
2.830594
2.840672
2.830594
2.863293
2.830594
2.819842
2.853537
2.887919
2.878598
2.914794
2.951604
2.944197
2.906048
2.914794
2.906048
2.868584
2.857799
2.868584
2.878598
2.887919
2.878598
2.914794
2.922924
2.958482
2.964884
2.930499
2.937575
2.944197
2.937575
2.904744
2.896614
2.887919
2.853537
2.887919
2.896614
2.904744
2.896614
2.904744
2.872425
2.863293
2.853537
2.819842
2.830594
2.798569
2.786887
2.798569
2.809533
2.819842
2.829551
2.819842
2.809533
2.779048
2.809533
2.840672
2.850136
2.880990
2.889038
2.880990
2.912361
2.944197
2.976444
2.970857
2.937575
2.904744
2.937575
2.930499
2.964884
2.958482
2.951604
2.944197
2.982937
2.976444
2.936197
2.976444
2.936197
2.927532
2.936197
2.896614
2.936197
2.927532
2.969402
3.011890
3.017238
3.022164
3.061763
3.101614
3.061763
3.101614
-3.141593
3.101614
-3.141593
-3.101614
-3.103150
-3.141593
3.103150
3.101614
-3.141593
-3.101614
-1.570796
-1.570796
-1.107149
-1.570796
-2.034444
-2.356194
-2.677945
-2.356194
-2.677945
3.141593
2.677945
2.819842
2.677945
2.356194
2.677945
2.356194
2.553590
2.356194
2.158799
1.892547
1.815775
1.892547
2.034444
1.892547
1.815775
1.768192
1.735945
1.570796
1.405648
1.373401
1.190290
1.107149
1.190290
1.107149
1.190290
1.373401
1.190290
1.107149
1.325818
1.373401
1.405648
1.428899
1.446441
1.428899
1.446441
1.325818
1.446441
1.570796
1.446441
1.325818
1.352127
1.325818
1.212026
1.325818
1.352127
1.460139
1.570796
1.570796
1.570796
1.681454
1.695151
1.815775
1.789465
1.681454
1.695151
1.815775
1.849096
1.975688
1.929567
2.034444
2.129396
2.191046
2.265535
2.356194
2.466852
2.356194
2.265535
2.356194
2.245537
2.111216
1.951303
1.768192
1.735945
1.768192
1.951303
2.111216
1.951303
1.892547
2.034444
1.892547
1.735945
1.712693
1.695151
1.570796
1.446441
1.570796
1.695151
1.681454
1.695151
1.815775
1.789465
1.681454
1.670465
1.570796
1.471128
1.570796
1.570796
1.460139
1.446441
1.570796
1.446441
1.460139
1.570796
1.681454
1.670465
1.661456
1.670465
1.768192
1.750650
1.837048
1.815775
1.892547
1.815775
1.892547
1.919567
1.997424
1.919567
1.837048
1.919567
1.892547
1.869295
1.937970
1.869295
1.937970
1.913820
1.892547
1.831399
1.815775
1.873681
1.929567
1.951303
1.929567
1.951303
1.929567
1.983207
1.929567
1.873681
1.929567
1.951303
1.929567
1.951303
1.975688
2.003204
1.975688
1.951303
1.892547
1.913820
1.892547
1.831399
1.768192
1.781890
1.849096
1.831399
1.815775
1.756144
1.815775
1.831399
1.849096
1.781890
1.849096
1.781890
1.797595
1.723446
1.735945
1.815775
1.797595
1.781890
1.797595
1.723446
1.735945
1.723446
1.647568
1.570796
1.647568
1.723446
1.735945
1.815775
1.797595
1.723446
1.735945
1.750650
1.837048
1.815775
1.892547
1.869295
1.937970
2.003204
2.064738
2.003204
1.975688
2.034444
1.975688
2.034444
2.064738
2.003204
1.937970
1.965587
1.997424
1.919567
1.951303
1.989021
2.077895
2.034444
1.997424
2.034444
2.111216
2.158799
2.231839
2.181522
2.137526
2.098871
2.064738
2.003204
2.034444
2.070143
2.034444
2.070143
2.111216
2.034444
1.997424
2.070143
2.137526
2.070143
2.111216
2.158799
2.077895
2.129396
2.191046
2.265535
2.356194
2.279423
2.356194
2.432966
2.356194
2.289626
2.356194
2.289626
2.214297
2.279423
2.214297
2.129396
2.191046
2.265535
2.191046
2.129396
2.077895
2.034444
1.997424
1.919567
1.892547
1.919567
1.892547
1.815775
1.837048
1.815775
1.797595
1.869295
1.937970
1.965587
1.892547
1.869295
1.849096
1.913820
1.892547
1.913820
1.975688
1.913820
1.892547
1.873681
1.815775
1.801887
1.745469
1.801887
1.856848
1.910089
1.856848
1.801887
1.815775
1.801887
1.745469
1.735945
1.681454
1.687905
1.629552
1.626295
1.629552
1.626295
1.681454
1.675673
1.670465
1.675673
1.727398
1.778293
1.727398
1.719686
1.727398
1.735945
1.727398
1.778293
1.768192
1.759018
1.768192
1.759018
1.750650
1.706324
1.661456
1.706324
1.661456
1.706324
1.750650
1.759018
1.712693
1.759018
1.804540
1.849096
1.892547
1.934775
1.919567
1.878849
1.919567
1.959115
1.919567
1.878849
1.892547
1.878849
1.866237
1.854590
1.815775
1.776192
1.815775
1.854590
1.843805
1.854590
1.892547
1.905533
1.919567
1.905533
1.943784
1.905533
1.892547
1.854590
1.815775
1.854590
1.892547
1.905533
1.943784
1.959115
1.943784
1.959115
1.943784
1.905533
1.892547
1.854590
1.892547
1.854590
1.892547
1.905533
1.892547
1.905533
1.919567
1.934775
1.951303
1.993650
2.013171
1.993650
1.951303
1.934775
1.975688
1.993650
2.034444
2.073640
2.111216
2.073640
2.111216
2.134113
2.170847
2.147172
2.181522
2.147172
2.125104
2.158799
2.137526
2.117585
2.137526
2.104505
2.070143
2.034444
2.053310
2.015216
2.053310
2.073640
2.111216
2.147172
2.181522
2.147172
2.170847
2.196281
2.231839
2.259721
2.231839
2.196281
2.170847
2.134113
2.095592
2.073640
2.034444
2.055274
2.095592
2.119346
2.095592
2.119346
2.095592
2.134113
2.095592
2.073640
2.111216
2.134113
2.095592
2.073640
2.053310
2.089942
2.053310
2.034444
2.053310
2.089942
2.111216
2.073640
2.053310
2.015216
1.997424
1.980924
1.997424
1.980924
1.997424
2.034444
2.053310
2.089942
2.111216
2.073640
2.053310
2.073640
2.111216
2.147172
2.111216
2.089942
2.053310
2.034444
2.070143
2.034444
2.016902
2.051684
2.016902
2.051684
2.085248
2.051684
2.070143
2.051684
2.016902
1.980924
1.997424
1.959115
1.919567
1.934775
1.951303
1.969319
1.989021
1.941688
1.923787
1.969319
1.989021
2.034444
2.077895
2.102520
2.129396
2.173084
2.214297
2.253113
2.214297
2.253113
2.284887
2.245537
2.203545
2.173084
2.145101
2.119346
2.158799
2.119346
2.158799
2.119346
2.158799
2.119346
2.095592
2.055274
2.013171
2.055274
2.077895
2.119346
2.077895
2.119346
2.077895
2.055274
2.095592
2.134113
2.158799
2.196281
2.158799
2.134113
2.111216
2.134113
2.095592
2.119346
2.145101
2.102520
2.145101
2.185459
2.223643
2.196281
2.158799
2.119346
2.077895
2.034444
2.077895
2.102520
2.145101
2.102520
2.057696
2.102520
2.077895
2.119346
2.145101
2.173084
2.203545
2.158799
2.203545
2.158799
2.129396
2.158799
2.129396
2.158799
2.191046
2.226492
2.273053
2.236766
2.273053
2.236766
2.203545
2.173084
2.203545
2.236766
2.191046
2.158799
2.203545
2.173084
2.203545
2.236766
2.273053
2.236766
2.273053
2.316216
2.356194
2.396173
2.439336
2.475623
2.439336
2.485897
2.446854
2.498092
2.536048
2.570255
2.622447
2.677945
2.647651
2.613518
2.647651
2.613518
2.574863
2.530867
2.601173
2.642246
2.574863
2.642246
2.677945
2.613518
2.677945
2.709185
2.677945
2.613518
2.553590
2.512796
2.574863
2.642246
2.677945
2.709185
2.736701
2.761086
2.704965
2.651635
2.601173
2.553590
2.521343
2.553590
2.601173
2.651635
2.677945
2.651635
2.601173
2.629203
2.601173
2.629203
2.654693
2.629203
2.677945
2.629203
2.677945
2.729182
2.750986
2.802300
2.855541
2.870646
2.855541
2.910502
2.896614
2.880990
2.863293
2.843094
2.774419
2.798569
2.819842
2.761086
2.704965
2.729182
2.750986
2.729182
2.677945
2.729182
2.782822
2.838708
2.819842
2.880990
2.819842
2.798569
2.774419
2.798569
2.736701
2.761086
2.736701
2.677945
2.647651
2.613518
2.553590
2.589938
2.536048
2.570255
2.622447
2.589938
2.553590
2.613518
2.677945
2.642246
2.601173
2.677945
2.601173
2.642246
2.601173
2.677945
2.601173
2.553590
2.498092
2.582993
2.521343
2.582993
2.634494
2.723368
2.677945
2.582993
2.498092
2.582993
2.634494
2.677945
2.634494
2.677945
2.601173
2.677945
2.634494
2.582993
2.677945
2.782822
2.677945
2.622447
2.736701
2.622447
2.553590
2.677945
2.553590
2.622447
2.553590
2.446854
2.356194
2.432966
2.356194
2.279423
2.356194
2.289626
2.356194
2.422763
2.356194
2.279423
2.356194
2.422763
2.480549
2.530867
2.601173
2.553590
2.498092
2.432966
2.498092
2.422763
2.356194
2.289626
2.356194
2.422763
2.498092
2.582993
2.521343
2.622447
2.553590
2.622447
2.736701
2.782822
2.819842
2.850136
2.875341
2.961739
3.050933
3.058451
3.050933
3.041924
3.050933
3.058451
3.050933
-3.141593
-3.141593
-3.141593
-3.141593
-3.041924
-3.050933
-2.961739
-2.976444
-3.058451
-3.141593
-3.141593
-3.141593
-3.070285
-2.999696
-2.988943
-2.914794
-2.988943
-3.064821
-3.141593
-3.064821
-3.141593
-3.064821
-3.141593
-3.141593
-3.141593
-3.141593
-3.141593
-3.141593
-3.141593
3.075024
3.079174
-3.141593
-3.141593
-3.141593
3.086094
-3.141593
3.086094
3.082837
3.079174
-3.141593
-3.141593
3.075024
3.079174
3.075024
3.070285
2.999696
3.009041
3.017238
2.956245
2.944197
2.930499
2.944197
2.930499
2.863293
2.930499
2.914794
2.988943
2.914794
2.988943
2.976444
2.896614
2.914794
2.988943
3.064821
3.058451
-3.141593
-3.141593
-3.141593
-3.058451
-3.064821
-3.070285
-3.075024
-3.079174
-3.082837
-3.141593
-3.141593
3.086094
3.089010
3.091634
3.041924
2.992703
3.041924
2.992703
2.944197
2.953371
2.999696
3.046641
3.041924
3.091634
3.041924
3.091634
3.089010
3.036716
3.030935
2.976444
2.922924
2.870646
2.922924
2.934096
2.922924
2.934096
2.922924
2.910502
2.966920
2.956245
3.017238
2.956245
2.896614
2.910502
2.896614
2.910502
2.922924
2.870646
2.884269
2.870646
2.819842
2.770701
2.750986
2.729182
2.677945
2.629203
2.582993
2.629203
2.601173
2.629203
2.677945
2.729182
2.677945
2.651635
2.704965
2.729182
2.782822
2.802300
2.750986
2.701750
2.654693
2.701750
2.750986
2.729182
2.704965
2.729182
2.704965
2.761086
2.782822
2.761086
2.819842
2.838708
2.855541
2.870646
2.855541
2.838708
2.782822
2.802300
2.819842
2.870646
2.819842
2.802300
2.819842
2.835714
2.788602
2.804918
2.850136
2.896614
2.944197
2.934096
2.884269
2.870646
2.819842
2.770701
2.788602
2.835714
2.819842
2.870646
2.855541
2.870646
2.819842
2.770701
2.750986
2.802300
2.750986
2.770701
2.723368
2.677945
2.634494
2.609869
2.654693
2.677945
2.723368
2.770701
2.819842
2.802300
2.750986
2.701750
2.677945
2.629203
2.601173
2.553590
2.601173
2.651635
2.704965
2.677945
2.704965
2.651635
2.601173
2.629203
2.582993
2.629203
2.582993
2.539305
2.508844
2.475623
2.439336
2.396173
2.439336
2.475623
2.439336
2.396173
2.432966
2.466852
2.498092
2.459276
2.427502
2.466852
2.498092
2.459276
2.488746
2.452668
2.422763
2.459276
2.488746
2.459276
2.498092
2.466852
2.427502
2.390664
2.356194
2.321725
2.356194
2.390664
2.356194
2.323948
2.289626
2.323948
2.289626
2.321725
2.356194
2.393215
2.427502
2.459276
2.498092
