0.000100
0.000200
0.000224
0.000141
0.000100
0.000200
0.000224
0.000141
0.000224
0.000141
0.000224
0.000283
0.000361
0.000283
0.000224
0.000316
0.000412
0.000400
0.000412
0.000316
0.000412
0.000316
0.000412
0.000400
0.000412
0.000400
0.000412
0.000447
0.000500
0.000424
0.000361
0.000447
0.000412
0.000400
0.000500
0.000400
0.000412
0.000510
0.000539
0.000632
0.000671
0.000721
0.000806
0.000860
0.000943
0.001030
0.000943
0.000860
0.000806
0.000860
0.000922
0.000849
0.000922
0.000990
0.001063
0.001000
0.001063
0.001140
0.001204
0.001273
0.001345
0.001281
0.001221
0.001281
0.001360
0.001421
0.001487
0.001556
0.001628
0.001556
0.001628
0.001562
0.001640
0.001581
0.001526
0.001476
0.001432
0.001393
0.001432
0.001523
0.001565
0.001655
0.001700
0.001789
0.001700
0.001655
0.001616
0.001709
0.001803
0.001709
0.001803
0.001897
0.001931
0.001970
0.002062
0.002025
0.001992
0.001965
0.001992
0.002025
0.001931
0.001970
0.001879
0.001970
0.001931
0.002025
0.002119
0.002025
0.001931
0.002025
0.001931
0.001838
0.001879
0.001789
0.001879
0.001970
0.001879
0.001838
0.001746
0.001838
0.001803
0.001772
0.001676
0.001581
0.001616
0.001709
0.001616
0.001581
0.001676
0.001649
0.001552
0.001581
0.001676
0.001772
0.001746
0.001772
0.001868
0.001844
0.001825
0.001811
0.001910
0.001811
0.001825
0.001726
0.001825
0.001924
0.001910
0.002010
0.001910
0.001811
0.001910
0.001924
0.001910
0.002010
0.001910
0.001924
0.001910
0.001903
0.001910
0.001903
0.001803
0.001703
0.001712
0.001703
0.001603
0.001503
0.001500
0.001503
0.001513
0.001530
0.001432
0.001456
0.001552
0.001649
0.001746
0.001649
0.001552
0.001456
0.001487
0.001456
0.001487
0.001393
0.001360
0.001334
0.001315
0.001304
0.001300
0.001200
0.001300
0.001200
0.001204
0.001304
0.001300
0.001304
0.001300
0.001200
0.001100
0.001000
0.000900
0.000906
0.000806
0.000906
0.000806
0.000800
0.000806
0.000800
0.000700
0.000600
0.000700
0.000600
0.000608
0.000510
0.000608
0.000632
0.000728
0.000825
0.000854
0.000949
0.000854
0.000762
0.000728
0.000762
0.000671
0.000721
0.000671
0.000632
0.000671
0.000721
0.000671
0.000762
0.000806
0.000894
0.000943
0.001000
0.000922
0.001000
0.001082
0.001166
0.001118
0.001166
0.001221
0.001140
0.001204
0.001273
0.001345
0.001421
0.001487
0.001421
0.001360
0.001421
0.001487
0.001414
0.001345
0.001414
0.001345
0.001421
0.001487
0.001414
0.001487
0.001414
0.001487
0.001414
0.001487
0.001421
0.001500
0.001562
0.001628
0.001556
0.001487
0.001556
0.001628
0.001697
0.001769
0.001697
0.001769
0.001844
0.001769
0.001703
0.001769
0.001703
0.001769
0.001844
0.001780
0.001720
0.001780
0.001844
0.001769
0.001697
0.001628
0.001703
0.001628
0.001562
0.001487
0.001556
0.001628
0.001703
0.001628
0.001556
0.001628
0.001703
0.001640
0.001581
0.001526
0.001442
0.001360
0.001442
0.001526
0.001442
0.001389
0.001476
0.001526
0.001476
0.001526
0.001612
0.001664
0.001612
0.001565
0.001523
0.001565
0.001523
0.001565
0.001476
0.001389
0.001442
0.001500
0.001562
0.001628
0.001556
0.001487
0.001556
0.001628
0.001556
0.001487
0.001414
0.001345
0.001414
0.001345
0.001421
0.001487
0.001562
0.001500
0.001442
0.001389
0.001476
0.001389
0.001304
0.001253
0.001304
0.001221
0.001281
0.001345
0.001421
0.001345
0.001421
0.001500
0.001562
0.001487
0.001421
0.001500
0.001581
0.001526
0.001581
0.001640
0.001581
0.001526
0.001612
0.001526
0.001581
0.001640
0.001562
0.001640
0.001562
0.001500
0.001442
0.001389
0.001342
0.001300
0.001265
0.001360
0.001265
0.001170
0.001140
0.001237
0.001217
0.001204
0.001105
0.001005
0.001105
0.001005
0.001105
0.001100
0.001200
0.001204
0.001304
0.001404
0.001400
0.001404
0.001304
0.001300
0.001400
0.001404
0.001503
0.001603
0.001600
0.001603
0.001703
0.001603
0.001612
0.001628
0.001530
0.001432
0.001456
0.001552
0.001649
0.001552
0.001649
0.001628
0.001726
0.001825
0.001924
0.002022
0.002121
0.002110
0.002010
0.002110
0.002010
0.002002
0.001903
0.001910
0.002010
0.002002
0.002000
0.002002
0.002000
0.001900
0.001903
0.001910
0.001811
0.001803
0.001811
0.001712
0.001612
0.001603
0.001600
0.001500
0.001400
0.001404
0.001400
0.001404
0.001503
0.001404
0.001503
0.001603
0.001612
0.001712
0.001726
0.001628
0.001726
0.001712
0.001703
0.001712
0.001811
0.001803
0.001800
0.001700
0.001600
0.001700
0.001800
0.001803
0.001903
0.002002
0.002000
0.002002
0.002102
0.002110
0.002209
0.002309
0.002319
0.002309
0.002209
0.002220
0.002319
0.002220
0.002236
0.002256
0.002236
0.002335
0.002236
0.002138
0.002121
0.002138
0.002159
0.002256
0.002354
0.002452
0.002354
0.002256
0.002236
0.002335
0.002433
0.002452
0.002550
0.002571
0.002474
0.002377
0.002280
0.002309
0.002214
0.002184
0.002280
0.002184
0.002214
0.002184
0.002159
0.002256
0.002280
0.002256
0.002280
0.002377
0.002474
0.002500
0.002596
0.002571
0.002596
0.002500
0.002596
0.002693
0.002668
0.002571
0.002474
0.002571
0.002596
0.002625
0.002720
0.002751
0.002720
0.002816
0.002789
0.002886
0.002789
0.002693
0.002789
0.002693
0.002668
0.002766
0.002789
0.002766
0.002746
0.002766
0.002668
0.002571
0.002668
0.002648
0.002631
0.002648
0.002746
0.002844
0.002746
0.002648
0.002746
0.002729
0.002717
0.002816
0.002915
0.002907
0.002902
0.002802
0.002902
0.003002
0.003007
0.003002
0.002902
0.002900
0.002902
0.003002
0.002902
0.002900
0.002902
0.002907
0.003007
0.002907
0.002902
0.002900
0.002902
0.002802
0.002902
0.002907
0.002902
0.003002
0.003102
0.003100
0.003200
0.003300
0.003302
0.003300
0.003400
0.003401
0.003302
0.003306
0.003314
0.003306
0.003302
0.003202
0.003200
0.003202
0.003200
0.003202
0.003206
0.003202
0.003206
0.003106
0.003007
0.002907
0.002807
0.002816
0.002828
0.002816
0.002915
0.003015
0.003114
0.003015
0.003007
0.003002
0.003000
0.003002
0.003000
0.002900
0.002902
0.003002
0.002902
0.003002
0.003102
0.003100
0.003102
0.003100
0.003102
0.003106
0.003206
0.003214
0.003206
0.003214
0.003314
0.003214
0.003206
0.003306
0.003206
0.003202
0.003206
0.003214
0.003225
0.003214
0.003314
0.003214
0.003314
0.003306
0.003406
0.003306
0.003406
0.003413
0.003513
0.003506
0.003606
0.003601
0.003701
0.003601
0.003501
0.003601
0.003701
0.003700
0.003701
0.003601
0.003600
0.003601
0.003701
0.003801
0.003901
0.003801
0.003805
0.003705
0.003701
0.003601
0.003606
0.003612
0.003606
0.003705
0.003712
0.003812
0.003912
0.004011
0.004005
0.004011
0.004005
0.004105
0.004205
0.004305
0.004205
0.004105
0.004205
0.004211
0.004205
0.004211
0.004310
0.004319
0.004219
0.004211
0.004205
0.004201
0.004200
0.004201
0.004301
0.004401
0.004405
0.004410
0.004405
0.004504
0.004501
0.004500
0.004400
0.004401
0.004501
0.004500
0.004400
0.004401
0.004301
0.004300
0.004301
0.004201
0.004301
0.004401
0.004501
0.004500
0.004600
0.004700
0.004800
0.004700
0.004701
0.004601
0.004604
0.004610
0.004617
0.004627
0.004639
0.004653
0.004669
0.004687
0.004707
0.004805
0.004785
0.004805
0.004707
0.004730
0.004632
0.004657
0.004754
0.004657
0.004632
0.004535
0.004438
0.004464
0.004561
0.004588
0.004617
0.004713
0.004808
0.004713
0.004684
0.004657
0.004561
0.004464
0.004438
0.004342
0.004438
0.004342
0.004245
0.004342
0.004438
0.004415
0.004438
0.004415
0.004317
0.004415
0.004317
0.004415
0.004512
0.004415
0.004317
0.004220
0.004123
0.004026
0.004123
0.004148
0.004245
0.004272
0.004368
0.004272
0.004245
0.004220
0.004198
0.004295
0.004276
0.004258
0.004159
0.004177
0.004159
0.004061
0.003962
0.003981
0.004079
0.004061
0.003962
0.003946
0.004045
0.004144
0.004159
0.004177
0.004079
0.004061
0.004045
0.004144
0.004045
0.004031
0.003932
0.003920
0.003821
0.003920
0.003912
0.003905
0.004005
0.003905
0.004005
0.004105
0.004205
0.004105
0.004205
0.004201
0.004200
0.004300
0.004200
0.004201
0.004101
0.004105
0.004005
0.004105
0.004101
0.004201
0.004301
0.004201
0.004301
0.004300
0.004301
0.004300
0.004200
0.004100
0.004000
0.004100
0.004200
0.004100
0.004101
0.004105
0.004101
0.004001
0.003901
0.003905
0.003805
0.003801
0.003805
0.003812
0.003805
0.003905
0.003912
0.003812
0.003821
0.003920
0.003932
0.004031
0.003932
0.003920
0.003821
0.003920
0.004020
0.004011
0.004005
0.004011
0.003912
0.003920
0.003932
0.004031
0.003932
0.004031
0.004130
0.004031
0.003932
0.003833
0.003932
0.003833
0.003734
0.003722
0.003734
0.003833
0.003734
0.003833
0.003821
0.003920
0.003932
0.003833
0.003932
0.003833
0.003847
0.003864
0.003962
0.003864
0.003766
0.003785
0.003766
0.003667
0.003650
0.003635
0.003536
0.003523
0.003423
0.003523
0.003423
0.003324
0.003423
0.003324
0.003225
0.003214
0.003314
0.003214
0.003206
0.003214
0.003206
0.003106
0.003007
0.002907
0.002807
0.002802
0.002902
0.003002
0.003000
0.003002
0.002902
0.003002
0.003000
0.003002
0.002902
0.002900
0.003000
0.002900
0.003000
0.003002
0.003007
0.002907
0.002915
0.002816
0.002807
0.002802
0.002902
0.003002
0.003007
0.003015
0.003027
0.003015
0.003027
0.003015
0.003007
0.003106
0.003206
0.003306
0.003314
0.003214
0.003206
0.003306
0.003314
0.003214
0.003225
0.003239
0.003256
0.003158
0.003059
0.003158
0.003140
0.003126
0.003114
0.003214
0.003206
0.003202
0.003206
0.003106
0.003114
0.003214
0.003206
0.003214
0.003206
0.003106
0.003114
0.003015
0.003027
0.003126
0.003027
0.000100
0.000000
0.000100
0.000200
0.000224
0.000316
0.000224
0.000283
0.000361
0.000447
0.000412
0.000400
0.000412
0.000400
0.000412
0.000400
0.000412
0.000316
0.000224
0.000283
0.000361
0.000283
0.000361
0.000283
0.000361
0.000316
0.000412
0.000316
0.000412
0.000510
0.000608
0.000600
0.000700
0.000600
0.000608
0.000600
0.000608
0.000632
0.000608
0.000632
0.000539
0.000632
0.000608
0.000707
0.000700
0.000707
0.000608
0.000632
0.000539
0.000583
0.000640
0.000721
0.000781
0.000707
0.000640
0.000721
0.000781
0.000721
0.000640
0.000583
0.000671
0.000632
0.000539
0.000583
0.000539
0.000583
0.000539
0.000632
0.000539
0.000583
0.000500
0.000583
0.000539
0.000510
0.000500
0.000400
0.000412
0.000447
0.000412
0.000400
0.000500
0.000510
0.000500
0.000510
0.000412
0.000400
0.000412
0.000316
0.000224
0.000141
0.000100
0.000141
0.000100
0.000141
0.000224
0.000141
0.000100
0.000000
0.000100
0.000000
0.000100
0.000141
0.000100
0.000141
0.000224
0.000200
0.000100
0.000000
0.000100
0.000141
0.000100
0.000141
0.000224
0.000141
0.000224
0.000141
0.000100
0.000000
0.000100
0.000000
0.000100
0.000200
0.000224
0.000283
0.000361
0.000424
0.000500
0.000583
0.000671
0.000583
0.000500
0.000566
0.000500
0.000583
0.000640
0.000707
0.000781
0.000707
0.000640
0.000707
0.000640
0.000721
0.000781
0.000849
0.000781
0.000707
0.000781
0.000721
0.000806
0.000762
0.000728
0.000632
0.000728
0.000762
0.000671
0.000721
0.000640
0.000566
0.000500
0.000424
0.000500
0.000424
0.000500
0.000424
0.000500
0.000566
0.000500
0.000566
0.000640
0.000583
0.000539
0.000510
0.000412
0.000447
0.000361
0.000447
0.000539
0.000632
0.000608
0.000707
0.000608
0.000632
0.000671
0.000583
0.000500
0.000583
0.000539
0.000510
0.000500
0.000510
0.000500
0.000400
0.000500
0.000510
0.000412
0.000447
0.000412
0.000447
0.000539
0.000632
0.000728
0.000707
0.000700
0.000600
0.000500
0.000400
0.000412
0.000510
0.000500
0.000510
0.000412
0.000510
0.000412
0.000400
0.000300
0.000400
0.000412
0.000447
0.000539
0.000447
0.000539
0.000632
0.000608
0.000600
0.000700
0.000707
0.000608
0.000510
0.000412
0.000400
0.000300
0.000316
0.000361
0.000424
0.000500
0.000447
0.000412
0.000316
0.000412
0.000400
0.000412
0.000316
0.000361
0.000424
0.000361
0.000424
0.000361
0.000283
0.000224
0.000200
0.000300
0.000316
0.000412
0.000510
0.000539
0.000632
0.000539
0.000447
0.000539
0.000510
0.000608
0.000600
0.000608
0.000707
0.000806
0.000906
0.000806
0.000800
0.000806
0.000800
0.000900
0.000906
0.001005
0.001020
0.001005
0.001020
0.001005
0.000906
0.000900
0.000906
0.001005
0.000906
0.000900
0.000800
0.000900
0.001000
0.001005
0.001105
0.001100
0.001105
0.001100
0.001105
0.001005
0.000906
0.001005
0.000906
0.001005
0.001105
0.001204
0.001200
0.001100
0.001200
0.001300
0.001200
0.001204
0.001200
0.001204
0.001105
0.001204
0.001217
0.001237
0.001265
0.001237
0.001334
0.001315
0.001414
0.001432
0.001334
0.001360
0.001393
0.001432
0.001342
0.001432
0.001342
0.001300
0.001393
0.001487
0.001523
0.001616
0.001709
0.001803
0.001897
0.001803
0.001838
0.001746
0.001655
0.001700
0.001612
0.001700
0.001612
0.001664
0.001749
0.001836
0.001887
0.001972
0.002059
0.002147
0.002236
0.002283
0.002332
0.002283
0.002236
0.002193
0.002285
0.002193
0.002236
0.002193
0.002154
0.002193
0.002154
0.002062
0.002102
0.002193
0.002102
0.002193
0.002102
0.002062
0.001970
0.001931
0.002025
0.001992
0.002088
0.002119
0.002214
0.002247
0.002341
0.002377
0.002417
0.002460
0.002506
0.002419
0.002506
0.002594
0.002550
0.002640
0.002600
0.002693
0.002657
0.002693
0.002731
0.002640
0.002683
0.002773
0.002731
0.002823
0.002864
0.002773
0.002731
0.002693
0.002600
0.002640
0.002550
0.002508
0.002550
0.002594
0.002506
0.002555
0.002608
0.002555
0.002642
0.002555
0.002470
0.002385
0.002302
0.002385
0.002441
0.002500
0.002441
0.002524
0.002470
0.002524
0.002581
0.002663
0.002746
0.002693
0.002746
0.002802
0.002720
0.002780
0.002720
0.002802
0.002860
0.002921
0.002983
0.002921
0.002843
0.002766
0.002843
0.002766
0.002832
0.002907
0.002832
0.002766
0.002691
0.002759
0.002828
0.002900
0.002832
0.002900
0.002832
0.002759
0.002832
0.002900
0.002973
0.002900
0.002832
0.002907
0.002832
0.002907
0.002983
0.003048
0.002983
0.003048
0.003114
0.003041
0.003111
0.003041
0.003111
0.003183
0.003253
0.003324
0.003394
0.003324
0.003256
0.003324
0.003397
0.003466
0.003536
0.003466
0.003394
0.003324
0.003256
0.003324
0.003394
0.003324
0.003253
0.003324
0.003397
0.003324
0.003256
0.003183
0.003253
0.003324
0.003397
0.003471
0.003547
0.003483
0.003421
0.003500
0.003561
0.003640
0.003561
0.003500
0.003441
0.003360
0.003280
0.003360
0.003421
0.003360
0.003441
0.003500
0.003441
0.003360
0.003441
0.003360
0.003302
0.003384
0.003329
0.003413
0.003329
0.003276
0.003329
0.003245
0.003162
0.003220
0.003140
0.003202
0.003140
0.003220
0.003140
0.003220
0.003162
0.003220
0.003280
0.003220
0.003280
0.003360
0.003302
0.003245
0.003302
0.003245
0.003162
0.003220
0.003302
0.003360
0.003280
0.003220
0.003140
0.003220
0.003280
0.003360
0.003421
0.003360
0.003441
0.003500
0.003561
0.003500
0.003581
0.003500
0.003421
0.003342
0.003265
0.003330
0.003256
0.003183
0.003256
0.003324
0.003256
0.003324
0.003256
0.003324
0.003256
0.003330
0.003397
0.003471
0.003397
0.003324
0.003256
0.003183
0.003256
0.003324
0.003256
0.003189
0.003114
0.003041
0.003114
0.003183
0.003111
0.003041
0.003114
0.003189
0.003256
0.003183
0.003111
0.003183
0.003253
0.003324
0.003253
0.003183
0.003111
0.003183
0.003111
0.003183
0.003114
0.003189
0.003256
0.003330
0.003256
0.003189
0.003124
0.003061
0.003140
0.003081
0.003162
0.003220
0.003162
0.003245
0.003302
0.003220
0.003140
0.003081
0.003023
0.003081
0.003023
0.002968
0.003023
0.003106
0.003191
0.003245
0.003191
0.003138
0.003089
0.003176
0.003089
0.003138
0.003053
0.003106
0.003023
0.003081
0.003140
0.003061
0.003000
0.002941
0.002884
0.002830
0.002915
0.002968
0.003023
0.002941
0.002860
0.002780
0.002702
0.002625
0.002550
0.002484
0.002421
0.002360
0.002421
0.002500
0.002421
0.002343
0.002408
0.002484
0.002561
0.002484
0.002561
0.002640
0.002720
0.002780
0.002702
0.002766
0.002702
0.002625
0.002561
0.002484
0.002421
0.002484
0.002421
0.002484
0.002408
0.002476
0.002550
0.002625
0.002691
0.002617
0.002550
0.002476
0.002404
0.002335
0.002263
0.002335
0.002267
0.002193
0.002267
0.002343
0.002408
0.002343
0.002421
0.002484
0.002550
0.002617
0.002546
0.002617
0.002691
0.002625
0.002561
0.002640
0.002561
0.002625
0.002691
0.002766
0.002832
0.002759
0.002832
0.002759
0.002832
0.002766
0.002843
0.002907
0.002843
0.002780
0.002702
0.002625
0.002561
0.002640
0.002581
0.002640
0.002720
0.002640
0.002720
0.002640
0.002702
0.002640
0.002561
0.002625
0.002691
0.002759
0.002828
0.002900
0.002973
0.002907
0.002973
0.003041
0.002970
0.003041
0.003111
0.003041
0.002970
0.002900
0.002832
0.002766
0.002691
0.002625
0.002691
0.002759
0.002691
0.002617
0.002550
0.002625
0.002561
0.002500
0.002421
0.002500
0.002561
0.002625
0.002702
0.002640
0.002702
0.002780
0.002702
0.002766
0.002702
0.002625
0.002550
0.002484
0.002561
0.002625
0.002561
0.002484
0.002550
0.002617
0.002691
0.002766
0.002691
0.002759
0.002687
0.002617
0.002546
0.002476
0.002546
0.002617
0.002546
0.002617
0.002550
0.002484
0.002408
0.002484
0.002408
0.002343
0.002421
0.002360
0.002421
0.002484
0.002421
0.002500
0.002421
0.002360
0.002302
0.002220
0.002140
0.002202
0.002267
0.002202
0.002280
0.002220
0.002280
0.002220
0.002280
0.002202
0.002140
0.002220
0.002140
0.002081
0.002000
0.001942
0.002025
0.001942
0.002000
0.001942
0.001860
0.001942
0.002000
0.001942
0.001860
0.001803
0.001749
0.001803
0.001749
0.001700
0.001612
0.001664
0.001612
0.001565
0.001655
0.001746
0.001709
0.001746
0.001709
0.001616
0.001709
0.001676
0.001709
0.001746
0.001838
0.001746
0.001655
0.001565
0.001523
0.001487
0.001523
0.001432
0.001476
0.001526
0.001442
0.001526
0.001612
0.001526
0.001612
0.001526
0.001612
0.001526
0.001442
0.001526
0.001612
0.001526
0.001442
0.001500
0.001581
0.001500
0.001421
0.001360
0.001421
0.001500
0.001442
0.001500
0.001442
0.001526
0.001612
0.001526
0.001442
0.001389
0.001476
0.001565
0.001612
0.001664
0.001612
0.001700
0.001655
0.001700
0.001612
0.001664
0.001612
0.001664
0.001749
0.001803
0.001860
0.001803
0.001749
0.001664
0.001720
0.001803
0.001887
0.001803
0.001720
0.001780
0.001860
0.001942
0.001860
0.001780
0.001703
0.001780
0.001844
0.001769
0.001703
0.001769
0.001703
0.001780
0.001860
0.001942
0.001860
0.001942
0.002000
0.002081
0.002000
0.001921
0.001985
0.001921
0.001985
0.001910
0.001980
0.002052
0.002126
0.002202
0.002126
0.002202
0.002140
0.002220
0.002280
0.002202
0.002126
0.002062
0.002140
0.002062
0.001985
0.002062
0.001985
0.001910
0.001844
0.001769
0.001703
0.001640
0.001562
0.001640
0.001562
0.001640
0.001562
0.001640
0.001562
0.001628
0.001556
0.001487
0.001421
0.001500
0.001581
0.001526
0.001581
0.001664
0.001720
0.001803
0.001720
0.001640
0.001703
0.001769
0.001844
0.001921
0.001985
0.002052
0.002126
0.002052
0.002126
0.002052
0.001980
0.001910
0.001838
0.001769
0.001697
0.001628
0.001556
0.001487
0.001414
0.000100
0.000141
0.000224
0.000200
0.000100
0.000000
0.000100
0.000000
0.000100
0.000141
0.000224
0.000200
0.000224
0.000141
0.000100
0.000200
0.000224
0.000200
0.000224
0.000200
0.000300
0.000200
0.000224
0.000141
0.000224
0.000200
0.000224
0.000200
0.000300
0.000316
0.000300
0.000200
0.000300
0.000316
0.000361
0.000283
0.000224
0.000283
0.000361
0.000447
0.000539
0.000510
0.000412
0.000447
0.000412
0.000447
0.000500
0.000447
0.000412
0.000316
0.000361
0.000283
0.000224
0.000200
0.000224
0.000316
0.000412
0.000400
0.000412
0.000447
0.000500
0.000424
0.000500
0.000583
0.000640
0.000721
0.000671
0.000721
0.000640
0.000721
0.000781
0.000721
0.000781
0.000707
0.000781
0.000707
0.000640
0.000707
0.000781
0.000849
0.000781
0.000860
0.000943
0.000860
0.000922
0.000849
0.000781
0.000860
0.000943
0.001030
0.001118
0.001208
0.001300
0.001265
0.001360
0.001456
0.001432
0.001334
0.001237
0.001334
0.001315
0.001334
0.001237
0.001140
0.001044
0.000949
0.000854
0.000894
0.000943
0.001030
0.001082
0.001000
0.000922
0.000849
0.000781
0.000707
0.000640
0.000721
0.000806
0.000762
0.000854
0.000949
0.001044
0.001020
0.001005
0.001020
0.001118
0.001105
0.001100
0.001105
0.001118
0.001140
0.001170
0.001208
0.001118
0.001208
0.001253
0.001208
0.001253
0.001208
0.001118
0.001030
0.000943
0.000860
0.000943
0.000860
0.000781
0.000707
0.000781
0.000721
0.000806
0.000762
0.000671
0.000583
0.000500
0.000424
0.000500
0.000447
0.000539
0.000447
0.000500
0.000424
0.000361
0.000316
0.000361
0.000424
0.000361
0.000316
0.000361
0.000316
0.000224
0.000141
0.000100
0.000000
0.000100
0.000000
0.000100
0.000000
0.000100
0.000141
0.000100
0.000000
0.000100
0.000200
0.000224
0.000283
0.000224
0.000200
0.000100
0.000141
0.000224
0.000141
0.000100
0.000200
0.000224
0.000283
0.000224
0.000316
0.000300
0.000316
0.000224
0.000141
0.000100
0.000200
0.000224
0.000200
0.000224
0.000141
0.000224
0.000141
0.000224
0.000316
0.000224
0.000141
0.000100
0.000000
0.000100
0.000141
0.000224
0.000200
0.000224
0.000200
0.000300
0.000400
0.000500
0.000600
0.000608
0.000510
0.000412
0.000316
0.000300
0.000200
0.000300
0.000400
0.000500
0.000510
0.000539
0.000447
0.000361
0.000283
0.000224
0.000141
0.000100
0.000000
0.000100
0.000141
0.000100
0.000141
0.000224
0.000200
0.000224
0.000200
0.000100
0.000141
0.000224
0.000316
0.000361
0.000316
0.000412
0.000447
0.000361
0.000447
0.000361
0.000283
0.000224
0.000283
0.000361
0.000447
0.000412
0.000510
0.000412
0.000316
0.000224
0.000200
0.000224
0.000283
0.000361
0.000316
0.000361
0.000316
0.000361
0.000447
0.000361
0.000316
0.000224
0.000141
0.000100
0.000141
0.000224
0.000316
0.000361
0.000447
0.000361
0.000283
0.000361
0.000424
0.000361
0.000316
0.000224
0.000316
0.000412
0.000316
0.000412
0.000400
0.000412
0.000447
0.000539
0.000583
0.000539
0.000583
0.000640
0.000707
0.000781
0.000849
0.000922
0.000849
0.000922
0.001000
0.000943
0.001000
0.001063
0.001131
0.001204
0.001273
0.001345
0.001421
0.001360
0.001442
0.001389
0.001476
0.001565
0.001655
0.001700
0.001749
0.001700
0.001749
0.001664
0.001720
0.001803
0.001860
0.001921
0.001985
0.002062
0.002140
0.002081
0.002163
0.002110
0.002059
0.002147
0.002059
0.002110
0.002195
0.002110
0.002025
0.001972
0.001924
0.001972
0.001924
0.002012
0.001970
0.002012
0.002059
0.001972
0.001924
0.001972
0.001887
0.001942
0.002025
0.002110
0.002195
0.002283
0.002332
0.002283
0.002332
0.002247
0.002163
0.002247
0.002163
0.002220
0.002140
0.002062
0.001985
0.001921
0.001860
0.001921
0.001985
0.001910
0.001980
0.001910
0.001980
0.001910
0.001838
0.001910
0.001980
0.002052
0.001980
0.001910
0.001985
0.002062
0.002140
0.002062
0.002140
0.002220
0.002302
0.002220
0.002280
0.002202
0.002126
0.002202
0.002267
0.002193
0.002126
0.002062
0.002126
0.002062
0.002140
0.002062
0.001985
0.001910
0.001980
0.002052
0.001985
0.001921
0.001985
0.001921
0.002000
0.001921
0.001844
0.001769
0.001838
0.001910
0.001985
0.001910
0.001838
0.001769
0.001703
0.001628
0.001703
0.001628
0.001703
0.001628
0.001562
0.001628
0.001697
0.001769
0.001703
0.001769
0.001838
0.001769
0.001697
0.001769
0.001844
0.001780
0.001860
0.001780
0.001720
0.001803
0.001720
0.001664
0.001720
0.001664
0.001581
0.001664
0.001749
0.001803
0.001720
0.001640
0.001720
0.001803
0.001749
0.001664
0.001581
0.001526
0.001476
0.001432
0.001393
0.001300
0.001208
0.001253
0.001304
0.001221
0.001304
0.001389
0.001476
0.001526
0.001476
0.001565
0.001655
0.001746
0.001655
0.001565
0.001523
0.001487
0.001456
0.001552
0.001649
0.001676
0.001649
0.001746
0.001772
0.001803
0.001897
0.001992
0.002025
0.001931
0.001838
0.001746
0.001789
0.001700
0.001749
0.001664
0.001581
0.001640
0.001562
0.001487
0.001414
0.001345
0.001273
0.001204
0.001140
0.001204
0.001140
0.001063
0.001131
0.001063
0.000990
0.000922
0.001000
0.001063
0.001140
0.001221
0.001304
0.001253
0.001208
0.001170
0.001140
0.001044
0.001020
0.001044
0.001077
0.001118
0.001077
0.000985
0.000949
0.000985
0.000949
0.000985
0.001077
0.001170
0.001208
0.001300
0.001265
0.001170
0.001077
0.000985
0.001077
0.001118
0.001208
0.001300
0.001342
0.001300
0.001342
0.001432
0.001523
0.001432
0.001523
0.001487
0.001456
0.001432
0.001456
0.001360
0.001265
0.001237
0.001265
0.001300
0.001208
0.001170
0.001265
0.001237
0.001140
0.001170
0.001265
0.001360
0.001334
0.001315
0.001334
0.001432
0.001456
0.001360
0.001334
0.001315
0.001334
0.001315
0.001414
0.001432
0.001334
0.001315
0.001334
0.001432
0.001334
0.001432
0.001456
0.001552
0.001456
0.001487
0.001581
0.001487
0.001393
0.001432
0.001476
0.001389
0.001342
0.001432
0.001393
0.001432
0.001523
0.001432
0.001342
0.001253
0.001342
0.001389
0.001342
0.001432
0.001393
0.001432
0.001523
0.001565
0.001612
0.001526
0.001476
0.001389
0.001342
0.001300
0.001265
0.001237
0.001140
0.001170
0.001208
0.001118
0.001030
0.001118
0.001077
0.001170
0.001077
0.001170
0.001208
0.001300
0.001265
0.001170
0.001208
0.001300
0.001393
0.001360
0.001393
0.001432
0.001342
0.001300
0.001208
0.001300
0.001393
0.001360
0.001334
0.001237
0.001217
0.001315
0.001304
0.001300
0.001200
0.001100
0.001200
0.001100
0.001000
0.001005
0.001105
0.001118
0.001105
0.001005
0.001020
0.001005
0.001105
0.001100
0.001105
0.001005
0.001105
0.001204
0.001200
0.001100
0.001105
0.001100
0.001105
0.001005
0.001020
0.001044
0.000949
0.000854
0.000825
0.000728
0.000632
0.000608
0.000510
0.000608
0.000707
0.000608
0.000510
0.000539
0.000510
0.000412
0.000510
0.000608
0.000707
0.000728
0.000632
0.000728
0.000825
0.000806
0.000707
0.000728
0.000707
0.000700
0.000800
0.000806
0.000825
0.000806
0.000906
0.000806
0.000707
0.000806
0.000800
0.000806
0.000800
0.000806
0.000825
0.000806
0.000825
0.000728
0.000632
0.000728
0.000825
0.000728
0.000632
0.000728
0.000707
0.000608
0.000632
0.000539
0.000632
0.000539
0.000447
0.000412
0.000510
0.000412
0.000316
0.000412
0.000447
0.000500
0.000447
0.000361
0.000447
0.000500
0.000566
0.000500
0.000566
0.000500
0.000424
0.000500
0.000447
0.000361
0.000447
0.000361
0.000447
0.000539
0.000447
0.000361
0.000424
0.000500
0.000566
0.000500
0.000424
0.000500
0.000566
0.000640
0.000566
0.000500
0.000583
0.000500
0.000424
0.000361
0.000447
0.000361
0.000447
0.000539
0.000632
0.000539
0.000510
0.000412
0.000447
0.000361
0.000447
0.000539
0.000632
0.000608
0.000510
0.000412
0.000316
0.000300
0.000200
0.000100
0.000141
0.000224
0.000141
0.000224
0.000141
0.000224
0.000316
0.000224
0.000316
0.000300
0.000316
0.000361
0.000447
0.000412
0.000447
0.000412
0.000447
0.000412
0.000400
0.000300
0.000400
0.000412
0.000400
0.000412
0.000316
0.000224
0.000200
0.000100
0.000141
0.000100
0.000000
0.000100
0.000200
0.000224
0.000141
0.000224
0.000316
0.000224
0.000283
0.000361
0.000316
0.000412
0.000510
0.000500
0.000600
0.000500
0.000400
0.000500
0.000510
0.000539
0.000632
0.000608
0.000707
0.000608
0.000632
0.000608
0.000510
0.000539
0.000510
0.000608
0.000707
0.000728
0.000707
0.000700
0.000600
0.000700
0.000707
0.000608
0.000600
0.000500
0.000510
0.000539
0.000447
0.000539
0.000632
0.000728
0.000707
0.000728
0.000762
0.000671
0.000632
0.000539
0.000583
0.000640
0.000583
0.000539
0.000583
0.000539
0.000510
0.000500
0.000510
0.000539
0.000447
0.000361
0.000447
0.000361
0.000447
0.000361
0.000283
0.000224
0.000283
0.000224
0.000283
0.000361
0.000424
0.000361
0.000283
0.000361
0.000424
0.000361
0.000283
0.000224
0.000283
0.000224
0.000200
0.000224
0.000283
0.000361
0.000283
0.000361
0.000424
0.000500
0.000424
0.000361
0.000316
0.000412
0.000447
0.000361
0.000283
0.000361
0.000424
0.000500
0.000566
0.000500
0.000583
0.000500
0.000583
0.000500
0.000447
0.000500
0.000583
0.000500
0.000583
0.000500
0.000566
0.000500
0.000424
0.000361
0.000316
0.000361
0.000424
0.000500
0.000447
0.000500
0.000447
0.000539
0.000632
0.000728
0.000825
0.000806
0.000800
0.000900
0.000906
0.000900
0.001000
0.001100
0.001000
0.001100
0.001200
0.001204
0.001105
0.001100
0.001105
0.001005
0.001105
0.001118
0.001140
0.001170
0.001208
0.001118
0.001166
0.001082
0.001166
0.001082
0.001030
0.000985
0.001077
0.000985
0.000894
0.000854
0.000762
0.000728
0.000762
0.000100
0.000141
0.000100
0.000200
0.000100
0.000141
0.000100
0.000141
0.000224
0.000316
0.000361
0.000316
0.000361
0.000424
0.000361
0.000424
0.000500
0.000424
0.000361
0.000283
0.000361
0.000283
0.000224
0.000141
0.000100
0.000000
0.000100
0.000141
0.000100
0.000141
0.000224
0.000283
0.000224
0.000200
0.000100
0.000000
0.000100
0.000200
0.000224
0.000316
0.000300
0.000200
0.000300
0.000400
0.000412
0.000400
0.000500
0.000400
0.000300
0.000400
0.000300
0.000400
0.000500
0.000400
0.000412
0.000447
0.000361
0.000424
0.000500
0.000566
0.000640
0.000707
0.000640
0.000721
0.000806
0.000894
0.000943
0.000894
0.000806
0.000894
0.000806
0.000721
0.000671
0.000762
0.000806
0.000762
0.000671
0.000583
0.000671
0.000721
0.000640
0.000566
0.000640
0.000583
0.000640
0.000566
0.000500
0.000583
0.000539
0.000510
0.000608
0.000707
0.000700
0.000800
0.000806
0.000906
0.000806
0.000825
0.000854
0.000825
0.000922
0.001020
0.001005
0.001105
0.001204
0.001200
0.001300
0.001304
0.001315
0.001334
0.001237
0.001265
0.001170
0.001077
0.001118
0.001030
0.001118
0.001208
0.001300
0.001393
0.001360
0.001265
0.001300
0.001208
0.001118
0.001208
0.001253
0.001166
0.001118
0.001077
0.001118
0.001030
0.000985
0.000894
0.000985
0.001030
0.000985
0.000894
0.000806
0.000762
0.000806
0.000762
0.000806
0.000860
0.000943
0.001030
0.001082
0.001000
0.000922
0.000849
0.000922
0.000860
0.000781
0.000707
0.000640
0.000566
0.000500
0.000447
0.000412
0.000316
0.000361
0.000424
0.000500
0.000424
0.000361
0.000316
0.000300
0.000316
0.000300
0.000200
0.000300
0.000316
0.000361
0.000447
0.000500
0.000566
0.000640
0.000583
0.000671
0.000583
0.000640
0.000707
0.000640
0.000721
0.000806
0.000721
0.000671
0.000762
0.000806
0.000860
0.000806
0.000860
0.000943
0.000860
0.000781
0.000721
0.000671
0.000762
0.000854
0.000949
0.000854
0.000894
0.000943
0.001000
0.000943
0.001000
0.000922
0.000860
0.000922
0.000849
0.000781
0.000721
0.000806
0.000894
0.000806
0.000894
0.000806
0.000894
0.000806
0.000860
0.000943
0.000894
0.000806
0.000721
0.000671
0.000632
0.000671
0.000762
0.000671
0.000583
0.000671
0.000632
0.000539
0.000510
0.000412
0.000316
0.000412
0.000316
0.000412
0.000510
0.000500
0.000400
0.000412
0.000316
0.000412
0.000510
0.000539
0.000447
0.000500
0.000424
0.000361
0.000447
0.000361
0.000316
0.000412
0.000510
0.000412
0.000316
0.000224
0.000316
0.000412
0.000510
0.000500
0.000510
0.000539
0.000447
0.000500
0.000566
0.000500
0.000566
0.000640
0.000721
0.000640
0.000566
0.000500
0.000583
0.000539
0.000583
0.000500
0.000424
0.000361
0.000447
0.000539
0.000510
0.000500
0.000400
0.000412
0.000510
0.000539
0.000447
0.000361
0.000283
0.000224
0.000141
0.000100
0.000200
0.000224
0.000200
0.000100
0.000141
0.000100
0.000141
0.000100
0.000141
0.000100
0.000141
0.000224
0.000283
0.000224
0.000200
0.000224
0.000283
0.000224
0.000283
0.000361
0.000283
0.000361
0.000447
0.000412
0.000510
0.000608
0.000600
0.000608
0.000600
0.000500
0.000400
0.000300
0.000400
0.000500
0.000600
0.000700
0.000707
0.000806
0.000707
0.000806
0.000800
0.000806
0.000800
0.000806
0.000707
0.000608
0.000510
0.000412
0.000447
0.000500
0.000424
0.000361
0.000424
0.000500
0.000566
0.000500
0.000566
0.000500
0.000566
0.000500
0.000583
0.000539
0.000583
0.000640
0.000707
0.000781
0.000860
0.000806
0.000894
0.000854
0.000894
0.000854
0.000762
0.000728
0.000825
0.000728
0.000632
0.000608
0.000632
0.000671
0.000721
0.000781
0.000849
0.000781
0.000721
0.000671
0.000632
0.000728
0.000632
0.000539
0.000632
0.000671
0.000632
0.000671
0.000632
0.000728
0.000632
0.000608
0.000632
0.000608
0.000707
0.000728
0.000762
0.000854
0.000949
0.000854
0.000894
0.000943
0.000894
0.000854
0.000949
0.000985
0.000894
0.000806
0.000721
0.000806
0.000860
0.000806
0.000762
0.000854
0.000762
0.000806
0.000762
0.000671
0.000632
0.000608
0.000707
0.000608
0.000600
0.000500
0.000510
0.000608
0.000600
0.000700
0.000600
0.000500
0.000510
0.000412
0.000316
0.000300
0.000400
0.000412
0.000316
0.000361
0.000316
0.000224
0.000283
0.000361
0.000283
0.000224
0.000200
0.000300
0.000200
0.000300
0.000316
0.000412
0.000400
0.000412
0.000400
0.000412
0.000316
0.000412
0.000316
0.000300
0.000316
0.000361
0.000447
0.000539
0.000583
0.000671
0.000762
0.000728
0.000632
0.000539
0.000447
0.000361
0.000283
0.000224
0.000200
0.000224
0.000316
0.000412
0.000510
0.000500
0.000400
0.000300
0.000316
0.000224
0.000283
0.000361
0.000424
0.000361
0.000424
0.000500
0.000566
0.000640
0.000707
0.000781
0.000721
0.000781
0.000849
0.000922
0.000849
0.000781
0.000721
0.000640
0.000721
0.000640
0.000721
0.000806
0.000721
0.000671
0.000762
0.000728
0.000825
0.000728
0.000825
0.000922
0.000906
0.000900
0.000906
0.000806
0.000707
0.000806
0.000800
0.000700
0.000707
0.000700
0.000800
0.000806
0.000707
0.000806
0.000825
0.000728
0.000825
0.000806
0.000800
0.000900
0.000906
0.000806
0.000825
0.000806
0.000825
0.000922
0.000825
0.000854
0.000825
0.000806
0.000800
0.000806
0.000800
0.000806
0.000707
0.000806
0.000906
0.000900
0.001000
0.001005
0.001105
0.001118
0.001140
0.001237
0.001334
0.001432
0.001414
0.001432
0.001334
0.001315
0.001414
0.001315
0.001414
0.001404
0.001503
0.001513
0.001530
0.001513
0.001530
0.001628
0.001726
0.001628
0.001649
0.001552
0.001649
0.001628
0.001726
0.001628
0.001726
0.001746
0.001726
0.001712
0.001811
0.001803
0.001903
0.002002
0.001903
0.001900
0.001903
0.002002
0.001903
0.001910
0.001811
0.001910
0.001903
0.001803
0.001903
0.002002
0.002000
0.002002
0.001903
0.001803
0.001703
0.001700
0.001703
0.001803
0.001903
0.002002
0.002000
0.002002
0.001903
0.001803
0.001800
0.001803
0.001703
0.001803
0.001800
0.001803
0.001703
0.001700
0.001600
0.001700
0.001703
0.001803
0.001800
0.001900
0.001903
0.002002
0.002102
0.002110
0.002102
0.002202
0.002102
0.002110
0.002209
0.002202
0.002200
0.002202
0.002302
0.002300
0.002302
0.002402
0.002400
0.002300
0.002400
0.002300
0.002302
0.002309
0.002319
0.002419
0.002319
0.002309
0.002319
0.002220
0.002319
0.002419
0.002408
0.002309
0.002302
0.002202
0.002209
0.002110
0.002121
0.002022
0.002010
0.002110
0.002010
0.002002
0.002102
0.002002
0.002102
0.002100
0.002000
0.002100
0.002000
0.002100
0.002000
0.002002
0.002000
0.001900
0.001903
0.001910
0.001811
0.001910
0.001811
0.001803
0.001903
0.001910
0.001924
0.001825
0.001726
0.001825
0.001924
0.001942
0.001844
0.001825
0.001924
0.002022
0.002040
0.002138
0.002121
0.002138
0.002040
0.002062
0.002088
0.002062
0.001965
0.002062
0.002040
0.001942
0.001965
0.001868
0.001897
0.001992
0.002088
0.001992
0.001897
0.001931
0.001897
0.001868
0.001897
0.001803
0.001709
0.001616
0.001581
0.001552
0.001649
0.001552
0.001530
0.001628
0.001726
0.001746
0.001772
0.001676
0.001581
0.001552
0.001530
0.001432
0.001334
0.001237
0.001334
0.001432
0.001456
0.001487
0.001523
0.001616
0.001655
0.001746
0.001709
0.001616
0.001581
0.001487
0.001523
0.001487
0.001523
0.001565
0.001476
0.001432
0.001476
0.001565
0.001476
0.001565
0.001523
0.001565
0.001612
0.001664
0.001612
0.001526
0.001581
0.001500
0.001421
0.001360
0.001442
0.001389
0.001476
0.001565
0.001523
0.001432
0.001393
0.001360
0.001334
0.001315
0.001217
0.001237
0.001217
0.001237
0.001334
0.001315
0.001304
0.001315
0.001304
0.001404
0.001400
0.001404
0.001414
0.001513
0.001414
0.001404
0.001304
0.001404
0.001414
0.001432
0.001456
0.001360
0.001265
0.001360
0.001393
0.001300
0.001342
0.001389
0.001476
0.001565
0.001612
0.001526
0.001476
0.001389
0.001342
0.001253
0.001304
0.001360
0.001421
0.001360
0.001304
0.001360
0.001281
0.001360
0.001421
0.001345
0.001421
0.001500
0.001562
0.001487
0.001556
0.001487
0.001414
0.001345
0.001421
0.001360
0.001304
0.001221
0.001281
0.001221
0.001281
0.001204
0.001273
0.001204
0.001140
0.001063
0.001000
0.001082
0.001000
0.000922
0.000849
0.000922
0.000990
0.001063
0.001140
0.001221
0.001304
0.001221
0.001140
0.001082
0.001166
0.001082
0.001030
0.001082
0.001140
0.001063
0.000990
0.001063
0.001140
0.001063
0.001000
0.001082
0.001030
0.001118
0.001166
0.001118
0.001166
0.001221
0.001281
0.001345
0.001421
0.001345
0.001281
0.001360
0.001421
0.001360
0.001304
0.001389
0.001304
0.001253
0.001208
0.001118
0.001166
0.001253
0.001166
0.001221
0.001140
0.001063
0.001131
0.001063
0.001000
0.000922
0.001000
0.000922
0.000849
0.000781
0.000849
0.000922
0.000849
0.000781
0.000707
0.000640
0.000707
0.000640
0.000707
0.000781
0.000860
0.000806
0.000762
0.000854
0.000762
0.000854
0.000949
0.000985
0.001030
0.001118
0.001208
0.001253
0.001304
0.001253
0.001208
0.001170
0.001208
0.001118
0.001077
0.001118
0.001030
0.001118
0.001030
0.001082
0.001140
0.001082
0.001030
0.001118
0.001166
0.001118
0.001166
0.001253
0.001342
0.001253
0.001208
0.001300
0.001393
0.001432
0.001523
0.001432
0.001393
0.001487
0.001523
0.001616
0.001709
0.001616
0.001709
0.001803
0.001772
0.001868
0.001844
0.001746
0.001844
0.001868
0.001965
0.002062
0.002159
0.002138
0.002040
0.001942
0.001844
0.001942
0.002040
0.001942
0.001924
0.002022
0.002010
0.002110
0.002209
0.002309
0.002209
0.002110
0.002102
0.002002
0.002000
0.002002
0.001903
0.001803
0.001811
0.000100
0.000000
0.000100
0.000000
0.000100
0.000141
0.000224
0.000316
0.000224
0.000200
0.000300
0.000316
0.000224
0.000283
0.000361
0.000316
0.000224
0.000316
0.000224
0.000141
0.000224
0.000283
0.000224
0.000141
0.000224
0.000316
0.000300
0.000200
0.000224
0.000316
0.000361
0.000283
0.000224
0.000200
0.000224
0.000283
0.000361
0.000316
0.000412
0.000447
0.000412
0.000400
0.000412
0.000510
0.000500
0.000400
0.000412
0.000400
0.000412
0.000510
0.000539
0.000447
0.000361
0.000283
0.000224
0.000141
0.000224
0.000316
0.000361
0.000424
0.000361
0.000283
0.000224
0.000316
0.000412
0.000400
0.000412
0.000447
0.000500
0.000424
0.000361
0.000316
0.000361
0.000447
0.000412
0.000510
0.000500
0.000510
0.000412
0.000447
0.000361
0.000424
0.000361
0.000283
0.000361
0.000316
0.000412
0.000316
0.000412
0.000316
0.000224
0.000141
0.000100
0.000141
0.000224
0.000200
0.000300
0.000400
0.000300
0.000400
0.000300
0.000400
0.000412
0.000447
0.000539
0.000583
0.000539
0.000447
0.000412
0.000316
0.000300
0.000200
0.000100
0.000141
0.000100
0.000141
0.000224
0.000141
0.000100
0.000141
0.000224
0.000200
0.000300
0.000316
0.000412
0.000400
0.000300
0.000200
0.000100
0.000200
0.000100
0.000000
0.000100
0.000141
0.000100
0.000141
0.000100
0.000141
0.000224
0.000141
0.000100
0.000000
0.000100
0.000200
0.000224
0.000283
0.000224
0.000141
0.000224
0.000283
0.000224
0.000200
0.000100
0.000200
0.000224
0.000200
0.000100
0.000141
0.000100
0.000000
0.000100
0.000141
0.000100
0.000000
0.000100
0.000200
0.000100
0.000141
0.000100
0.000141
0.000100
0.000000
0.000100
0.000141
0.000224
0.000283
0.000361
0.000316
0.000361
0.000316
0.000224
0.000200
0.000224
0.000200
0.000100
0.000141
0.000224
0.000200
0.000100
0.000141
0.000224
0.000316
0.000224
0.000141
0.000100
0.000141
0.000224
0.000200
0.000224
0.000200
0.000100
0.000000
0.000100
0.000200
0.000224
0.000200
0.000224
0.000283
0.000361
0.000424
0.000361
0.000316
0.000412
0.000400
0.000300
0.000200
0.000300
0.000316
0.000224
0.000316
0.000412
0.000400
0.000412
0.000400
0.000500
0.000510
0.000539
0.000632
0.000728
0.000632
0.000728
0.000632
0.000671
0.000583
0.000671
0.000721
0.000640
0.000566
0.000640
0.000707
0.000640
0.000566
0.000640
0.000707
0.000640
0.000707
0.000781
0.000860
0.000781
0.000721
0.000806
0.000860
0.000806
0.000762
0.000854
0.000762
0.000671
0.000583
0.000500
0.000424
0.000361
0.000283
0.000224
0.000316
0.000300
0.000400
0.000412
0.000400
0.000300
0.000200
0.000224
0.000316
0.000412
0.000510
0.000500
0.000510
0.000608
0.000632
0.000671
0.000632
0.000608
0.000600
0.000500
0.000510
0.000608
0.000632
0.000608
0.000600
0.000500
0.000600
0.000500
0.000510
0.000500
0.000600
0.000608
0.000510
0.000539
0.000632
0.000608
0.000600
0.000500
0.000600
0.000608
0.000707
0.000806
0.000906
0.000922
0.001020
0.000922
0.000825
0.000854
0.000949
0.000922
0.001020
0.001118
0.001020
0.001005
0.001020
0.001005
0.000906
0.000900
0.001000
0.001005
0.001105
0.001118
0.001217
0.001204
0.001200
0.001300
0.001304
0.001300
0.001304
0.001315
0.001217
0.001118
0.001217
0.001315
0.001334
0.001315
0.001217
0.001204
0.001217
0.001315
0.001304
0.001315
0.001304
0.001300
0.001304
0.001404
0.001503
0.001404
0.001414
0.001315
0.001304
0.001204
0.001105
0.001204
0.001217
0.001118
0.001217
0.001315
0.001304
0.001315
0.001304
0.001315
0.001334
0.001315
0.001414
0.001404
0.001400
0.001404
0.001400
0.001404
0.001503
0.001513
0.001414
0.001404
0.001414
0.001513
0.001612
0.001513
0.001414
0.001315
0.001217
0.001204
0.001105
0.001118
0.001020
0.000922
0.000906
0.000900
0.000906
0.000806
0.000707
0.000608
0.000600
0.000608
0.000600
0.000700
0.000800
0.000806
0.000825
0.000854
0.000949
0.001044
0.001020
0.001044
0.000949
0.000922
0.000906
0.000922
0.000906
0.000900
0.001000
0.001100
0.001105
0.001100
0.001000
0.001100
0.001105
0.001100
0.001000
0.001005
0.001020
0.001005
0.001000
0.000900
0.000800
0.000700
0.000707
0.000700
0.000600
0.000608
0.000510
0.000539
0.000583
0.000640
0.000566
0.000640
0.000721
0.000806
0.000721
0.000640
0.000583
0.000640
0.000566
0.000500
0.000566
0.000640
0.000707
0.000781
0.000860
0.000943
0.000894
0.000854
0.000825
0.000854
0.000825
0.000854
0.000825
0.000922
0.001020
0.001044
0.001077
0.001044
0.001140
0.001118
0.001217
0.001315
0.001304
0.001404
0.001414
0.001513
0.001503
0.001404
0.001304
0.001315
0.001414
0.001513
0.001612
0.001513
0.001612
0.001603
0.001612
0.001603
0.001612
0.001628
0.001649
0.001628
0.001530
0.001552
0.001581
0.001616
0.001523
0.001487
0.001393
0.001432
0.001393
0.001300
0.001393
0.001487
0.001393
0.001432
0.001342
0.001432
0.001393
0.001432
0.001523
0.001616
0.001523
0.001616
0.001581
0.001487
0.001581
0.001616
0.001655
0.001616
0.001709
0.001616
0.001523
0.001487
0.001393
0.001360
0.001393
0.001300
0.001342
0.001300
0.001393
0.001432
0.001393
0.001432
0.001393
0.001300
0.001393
0.001300
0.001265
0.001360
0.001334
0.001237
0.001265
0.001360
0.001265
0.001360
0.001334
0.001432
0.001414
0.001315
0.001334
0.001315
0.001334
0.001360
0.001265
0.001360
0.001456
0.001432
0.001456
0.001432
0.001414
0.001432
0.001530
0.001513
0.001503
0.001513
0.001530
0.001513
0.001612
0.001628
0.001726
0.001712
0.001726
0.001712
0.001612
0.001513
0.001612
0.001603
0.001600
0.001700
0.001703
0.001803
0.001903
0.001900
0.002000
0.001900
0.001903
0.001910
0.002010
0.002002
0.002102
0.002110
0.002010
0.002022
0.002121
0.002022
0.002121
0.002022
0.002010
0.002002
0.001903
0.001803
0.001903
0.002002
0.002000
0.002100
0.002200
0.002202
0.002200
0.002202
0.002209
0.002202
0.002200
0.002100
0.002102
0.002110
0.002010
0.002002
0.002102
0.002202
0.002302
0.002309
0.002319
0.002309
0.002209
0.002110
0.002010
0.001910
0.001811
0.001825
0.001726
0.001628
0.001649
0.001676
0.001581
0.001552
0.001649
0.001628
0.001530
0.001432
0.001414
0.001432
0.001530
0.001552
0.001581
0.001616
0.001581
0.001487
0.001523
0.001432
0.001393
0.001432
0.001393
0.001360
0.001456
0.001487
0.001393
0.001487
0.001523
0.001565
0.001612
0.001700
0.001749
0.001803
0.001860
0.001780
0.001844
0.001910
0.001985
0.002062
0.001985
0.002052
0.001980
0.001910
0.001985
0.001921
0.001860
0.001921
0.001985
0.002052
0.001980
0.002052
0.002126
0.002052
0.001980
0.002052
0.002126
0.002193
0.002263
0.002193
0.002267
0.002335
0.002404
0.002476
0.002550
0.002625
0.002702
0.002625
0.002702
0.002640
0.002720
0.002663
0.002608
0.002524
0.002441
0.002524
0.002441
0.002524
0.002581
0.002500
0.002441
0.002524
0.002470
0.002419
0.002506
0.002594
0.002683
0.002594
0.002683
0.002640
0.002731
0.002640
0.002550
0.002594
0.002683
0.002640
0.002731
0.002693
0.002600
0.002640
0.002550
0.002508
0.002600
0.002693
0.002657
0.002625
0.002596
0.002571
0.002550
0.002532
0.002518
0.002508
0.002518
0.002532
0.002518
0.002617
0.002717
0.002707
0.002807
0.002816
0.002915
0.002907
0.002915
0.002907
0.002902
0.003002
0.003000
0.002900
0.003000
0.002900
0.002902
0.002907
0.002915
0.002907
0.003007
0.003002
0.002902
0.002802
0.002800
0.002700
0.002800
0.002900
0.002800
0.002802
0.002807
0.002907
0.002807
0.002816
0.002915
0.002907
0.003007
0.003002
0.003102
0.003002
0.003102
0.003002
0.003102
0.003202
0.003200
0.003202
0.003302
0.003202
0.003206
0.003306
0.003314
0.003214
0.003114
0.003106
0.003206
0.003106
0.003206
0.003106
0.003007
0.003106
0.003206
0.003306
0.003206
0.003306
0.003314
0.003306
0.003302
0.003306
0.003302
0.003401
0.003406
0.003401
0.003400
0.003300
0.003302
0.003202
0.003206
0.003106
0.003114
0.003106
0.003007
0.002907
0.003007
0.003015
0.003007
0.003015
0.003007
0.003002
0.003000
0.003002
0.003007
0.003002
0.003000
0.003002
0.003007
0.002907
0.002807
0.002707
0.002717
0.002816
0.002828
0.002729
0.002828
0.002927
0.002915
0.002816
0.002828
0.002816
0.002807
0.002816
0.002717
0.002707
0.002702
0.002707
0.002608
0.002617
0.002631
0.002617
0.002518
0.002419
0.002319
0.002335
0.002236
0.002220
0.002209
0.002110
0.002209
0.002202
0.002209
0.002110
0.002209
0.002110
0.002010
0.001910
0.001924
0.001942
0.001844
0.001746
0.001649
0.001746
0.001649
0.001552
0.001530
0.001513
0.001503
0.001404
0.001304
0.001315
0.001414
0.001432
0.001414
0.001404
0.001503
0.001513
0.001503
0.001513
0.001530
0.001432
0.001414
0.001432
0.001530
0.001432
0.001414
0.001513
0.001530
0.001552
0.001649
0.001628
0.001726
0.001746
0.001844
0.001825
0.001726
0.001628
0.001649
0.001676
0.001709
0.001676
0.001581
0.001552
0.001581
0.001552
0.001456
0.001432
0.001456
0.001360
0.001393
0.001300
0.001265
0.001360
0.001265
0.001360
0.001334
0.001315
0.001334
0.001315
0.001334
0.001360
0.001393
0.001300
0.001393
0.001300
0.001265
0.001300
0.001265
0.001170
0.001077
0.001044
0.001020
0.001005
0.001020
0.001118
0.001217
0.001315
0.001304
0.001204
0.001105
0.001204
0.001217
0.001237
0.001217
0.001118
0.001020
0.000922
0.001020
0.000922
0.000825
0.000922
0.000949
0.000922
0.000825
0.000806
0.000906
0.000922
0.001020
0.000922
0.000949
0.000854
0.000894
0.000943
0.001030
0.000943
0.000894
0.000806
0.000721
0.000671
0.000721
0.000640
0.000707
0.000781
0.000849
0.000922
0.000860
0.000806
0.000894
0.000854
0.000825
0.000922
0.001020
0.000100
0.000000
0.000100
0.000141
0.000224
0.000141
0.000100
0.000141
0.000100
0.000200
0.000224
0.000200
0.000100
0.000141
0.000100
0.000141
0.000224
0.000283
0.000224
0.000200
0.000224
0.000283
0.000361
0.000424
0.000500
0.000424
0.000361
0.000316
0.000224
0.000283
0.000224
0.000200
0.000224
0.000316
0.000224
0.000141
0.000100
0.000000
0.000100
0.000200
0.000224
0.000283
0.000361
0.000424
0.000361
0.000283
0.000361
0.000283
0.000224
0.000200
0.000224
0.000316
0.000224
0.000141
0.000224
0.000141
0.000224
0.000316
0.000300
0.000400
0.000300
0.000200
0.000100
0.000141
0.000224
0.000200
0.000224
0.000141
0.000224
0.000283
0.000361
0.000316
0.000224
0.000200
0.000300
0.000400
0.000500
0.000510
0.000608
0.000600
0.000700
0.000800
0.000806
0.000707
0.000608
0.000632
0.000671
0.000583
0.000500
0.000566
0.000640
0.000707
0.000640
0.000721
0.000806
0.000762
0.000806
0.000762
0.000854
0.000894
0.000806
0.000860
0.000943
0.000894
0.000943
0.000894
0.000985
0.001077
0.001170
0.001140
0.001237
0.001217
0.001315
0.001217
0.001118
0.001020
0.000922
0.000949
0.001044
0.001020
0.000922
0.000949
0.000985
0.001077
0.001170
0.001140
0.001170
0.001077
0.001044
0.000949
0.000985
0.001077
0.001044
0.001140
0.001170
0.001208
0.001170
0.001140
0.001170
0.001140
0.001237
0.001217
0.001237
0.001265
0.001300
0.001342
0.001253
0.001304
0.001253
0.001342
0.001389
0.001476
0.001565
0.001612
0.001700
0.001655
0.001565
0.001523
0.001487
0.001456
0.001432
0.001456
0.001487
0.001393
0.001487
0.001581
0.001487
0.001581
0.001676
0.001709
0.001803
0.001897
0.001992
0.002025
0.002062
0.002102
0.002147
0.002195
0.002147
0.002195
0.002147
0.002059
0.002147
0.002195
0.002247
0.002332
0.002283
0.002195
0.002147
0.002102
0.002012
0.002102
0.002012
0.002102
0.002193
0.002102
0.002062
0.002154
0.002119
0.002025
0.002119
0.002154
0.002119
0.002214
0.002309
0.002214
0.002247
0.002214
0.002309
0.002214
0.002247
0.002285
0.002247
0.002214
0.002309
0.002280
0.002377
0.002280
0.002377
0.002354
0.002335
0.002354
0.002256
0.002354
0.002256
0.002159
0.002256
0.002159
0.002256
0.002236
0.002256
0.002236
0.002138
0.002159
0.002184
0.002280
0.002256
0.002280
0.002309
0.002404
0.002435
0.002530
0.002435
0.002341
0.002247
0.002154
0.002193
0.002236
0.002326
0.002285
0.002326
0.002371
0.002283
0.002332
0.002385
0.002441
0.002500
0.002441
0.002385
0.002441
0.002500
0.002561
0.002500
0.002421
0.002360
0.002441
0.002385
0.002441
0.002524
0.002581
0.002524
0.002470
0.002524
0.002441
0.002360
0.002280
0.002202
0.002280
0.002202
0.002280
0.002202
0.002267
0.002202
0.002140
0.002220
0.002280
0.002360
0.002421
0.002360
0.002302
0.002247
0.002195
0.002247
0.002332
0.002283
0.002236
0.002326
0.002417
0.002326
0.002285
0.002247
0.002285
0.002193
0.002154
0.002247
0.002214
0.002309
0.002214
0.002119
0.002088
0.002062
0.001965
0.001992
0.001897
0.001868
0.001844
0.001825
0.001811
0.001803
0.001703
0.001700
0.001800
0.001700
0.001703
0.001700
0.001800
0.001803
0.001703
0.001712
0.001612
0.001628
0.001649
0.001746
0.001726
0.001746
0.001726
0.001628
0.001726
0.001825
0.001844
0.001825
0.001726
0.001746
0.001844
0.001942
0.002040
0.002138
0.002159
0.002062
0.001965
0.002062
0.001965
0.001992
0.001965
0.001942
0.002040
0.001942
0.001965
0.001868
0.001965
0.001942
0.002040
0.002022
0.002121
0.002022
0.001924
0.001942
0.001924
0.002022
0.001924
0.001910
0.001811
0.001825
0.001726
0.001712
0.001811
0.001712
0.001811
0.001712
0.001811
0.001712
0.001811
0.001910
0.002010
0.002002
0.002000
0.002100
0.002200
0.002100
0.002102
0.002100
0.002102
0.002002
0.002000
0.002002
0.002010
0.001910
0.001811
0.001803
0.001703
0.001603
0.001612
0.001513
0.001612
0.001628
0.001612
0.001712
0.001726
0.001712
0.001612
0.001513
0.001503
0.001404
0.001400
0.001404
0.001414
0.001404
0.001503
0.001500
0.001503
0.001513
0.001612
0.001712
0.001703
0.001712
0.001703
0.001603
0.001503
0.001513
0.001503
0.001513
0.001414
0.001315
0.001414
0.001432
0.001334
0.001432
0.001530
0.001628
0.001612
0.001712
0.001703
0.001603
0.001503
0.001500
0.001600
0.001700
0.001703
0.001712
0.001612
0.001603
0.001503
0.001404
0.001414
0.001513
0.001530
0.001432
0.001334
0.001360
0.001334
0.001432
0.001456
0.001487
0.001523
0.001487
0.001581
0.001616
0.001581
0.001487
0.001581
0.001552
0.001456
0.001487
0.001456
0.001360
0.001334
0.001432
0.001414
0.001404
0.001503
0.001513
0.001612
0.001712
0.001726
0.001825
0.001844
0.001942
0.001844
0.001868
0.001772
0.001746
0.001844
0.001746
0.001772
0.001803
0.001897
0.001803
0.001709
0.001616
0.001581
0.001616
0.001523
0.001432
0.001342
0.001389
0.001304
0.001253
0.001166
0.001221
0.001304
0.001221
0.001140
0.001221
0.001140
0.001221
0.001140
0.001204
0.001273
0.001204
0.001131
0.001204
0.001273
0.001204
0.001140
0.001063
0.001131
0.001204
0.001131
0.001204
0.001273
0.001204
0.001140
0.001063
0.001140
0.001204
0.001131
0.001204
0.001273
0.001204
0.001140
0.001082
0.001166
0.001082
0.001166
0.001118
0.001166
0.001253
0.001342
0.001389
0.001476
0.001565
0.001523
0.001565
0.001523
0.001565
0.001655
0.001616
0.001523
0.001565
0.001476
0.001432
0.001523
0.001616
0.001581
0.001552
0.001581
0.001487
0.001581
0.001552
0.001581
0.001487
0.001581
0.001487
0.001581
0.001676
0.001649
0.001746
0.001726
0.001825
0.001844
0.001825
0.001726
0.001712
0.001811
0.001712
0.001811
0.001803
0.001703
0.001700
0.001703
0.001712
0.001703
0.001712
0.001612
0.001628
0.001649
0.001676
0.001649
0.001552
0.001581
0.001487
0.001393
0.001487
0.001456
0.001487
0.001393
0.001432
0.001523
0.001565
0.001655
0.001616
0.001709
0.001616
0.001523
0.001487
0.001393
0.001487
0.001456
0.001360
0.001456
0.001360
0.001393
0.001300
0.001208
0.001300
0.001342
0.001432
0.001476
0.001526
0.001581
0.001526
0.001476
0.001526
0.001476
0.001389
0.001476
0.001526
0.001612
0.001526
0.001612
0.001526
0.001442
0.001500
0.001562
0.001500
0.001581
0.001664
0.001749
0.001803
0.001860
0.001942
0.002000
0.002062
0.001985
0.002052
0.002121
0.002052
0.001985
0.001910
0.001844
0.001910
0.001844
0.001780
0.001860
0.001921
0.002000
0.001942
0.001860
0.001803
0.001860
0.001942
0.002000
0.002081
0.002000
0.002081
0.002140
0.002220
0.002140
0.002081
0.002000
0.001921
0.001844
0.001780
0.001720
0.001664
0.001720
0.001664
0.001612
0.001664
0.001749
0.001836
0.001749
0.001803
0.001749
0.001700
0.001655
0.001616
0.001581
0.001616
0.001581
0.001676
0.001709
0.001803
0.001838
0.001931
0.002025
0.002119
0.002214
0.002309
0.002404
0.002500
0.002596
0.002625
0.002657
0.002693
0.002731
0.002640
0.002550
0.002508
0.002550
0.002594
0.002642
0.002693
0.002642
0.002594
0.002683
0.002640
0.002550
0.002594
0.002642
0.002729
0.002778
0.002729
0.002642
0.002594
0.002506
0.002555
0.002642
0.002729
0.002818
0.002773
0.002683
0.002640
0.002683
0.002729
0.002642
0.002693
0.002778
0.002865
0.002818
0.002907
0.002818
0.002907
0.002997
0.002955
0.002864
0.002907
0.002997
0.002907
0.002997
0.002955
0.003046
0.003138
0.003046
0.003087
0.003178
0.003138
0.003102
0.003068
0.003036
0.003132
0.003162
0.003068
0.003102
0.003138
0.003046
0.003087
0.003178
0.003220
0.003311
0.003401
0.003444
0.003354
0.003265
0.003354
0.003265
0.003220
0.003265
0.003176
0.003130
0.003220
0.003130
0.003176
0.003265
0.003354
0.003400
0.003448
0.003400
0.003312
0.003362
0.003448
0.003400
0.003312
0.003362
0.003276
0.003191
0.003276
0.003225
0.003138
0.003191
0.003106
0.003053
0.003106
0.003053
0.003138
0.003225
0.003276
0.003329
0.003276
0.003225
0.003312
0.003265
0.003220
0.003178
0.003087
0.003130
0.003087
0.002997
0.002907
0.002953
0.002865
0.002953
0.002907
0.002997
0.002907
0.002864
0.002773
0.002731
0.002773
0.002864
0.002823
0.002864
0.002823
0.002864
0.002773
0.002731
0.002693
0.002657
0.002563
0.002470
0.002377
0.002417
0.002508
0.002417
0.002326
0.002285
0.002377
0.002417
0.002460
0.002417
0.002508
0.002600
0.002640
0.002550
0.002640
0.002683
0.002594
0.002550
0.002594
0.002683
0.002729
0.002818
0.002729
0.002642
0.002594
0.002683
0.002773
0.002731
0.002640
0.002550
0.002640
0.002683
0.002729
0.002642
0.002729
0.002642
0.002693
0.002778
0.002693
0.002746
0.002802
0.002884
0.002941
0.002884
0.002830
0.002915
0.002830
0.002915
0.003002
0.003053
0.003106
0.003191
0.003245
0.003191
0.003276
0.003329
0.003245
0.003329
0.003245
0.003302
0.003360
0.003441
0.003360
0.003302
0.003384
0.003441
0.003523
0.003467
0.003523
0.003606
0.003523
0.003441
0.003360
0.003280
0.003360
0.003280
0.003202
0.003140
0.003220
0.003280
0.003220
0.003140
0.003081
0.003000
0.002941
0.002860
0.002802
0.002720
0.002780
0.002860
0.002780
0.002720
0.002802
0.002884
0.002968
0.002884
0.002968
0.003053
0.003002
0.003053
0.003106
0.003023
0.003106
0.003023
0.002968
0.003023
0.003106
0.003023
0.002941
0.003000
0.002941
0.002860
0.002921
0.003000
0.003081
0.003023
0.002968
0.002884
0.002802
0.002720
0.002640
0.002581
0.002663
0.002608
0.002693
0.002608
0.002693
0.002746
0.002802
0.002884
0.002941
0.002860
0.002921
0.002843
0.002907
0.002983
0.003048
0.003114
0.003041
0.002970
0.003041
0.002970
0.002900
0.002973
0.003041
0.003111
0.003183
0.003253
0.003183
0.003253
0.000100
0.000141
0.000224
0.000200
0.000300
0.000316
0.000300
0.000316
0.000412
0.000447
0.000500
0.000447
0.000500
0.000566
0.000640
0.000566
0.000500
0.000424
0.000500
0.000424
0.000361
0.000283
0.000224
0.000283
0.000361
0.000424
0.000500
0.000583
0.000500
0.000424
0.000500
0.000424
0.000361
0.000316
0.000412
0.000510
0.000500
0.000600
0.000608
0.000600
0.000608
0.000510
0.000500
0.000600
0.000608
0.000707
0.000806
0.000800
0.000806
0.000906
0.000900
0.000906
0.001005
0.001000
0.001005
0.001000
0.000900
0.000800
0.000806
0.000906
0.000806
0.000825
0.000806
0.000825
0.000854
0.000825
0.000728
0.000632
0.000671
0.000721
0.000671
0.000721
0.000640
0.000583
0.000500
0.000566
0.000640
0.000566
0.000500
0.000424
0.000500
0.000424
0.000361
0.000447
0.000412
0.000316
0.000300
0.000200
0.000100
0.000200
0.000224
0.000316
0.000412
0.000510
0.000412
0.000316
0.000361
0.000447
0.000361
0.000447
0.000500
0.000447
0.000412
0.000510
0.000539
0.000510
0.000412
0.000510
0.000412
0.000400
0.000412
0.000400
0.000300
0.000200
0.000224
0.000283
0.000224
0.000141
0.000224
0.000283
0.000361
0.000447
0.000500
0.000424
0.000500
0.000566
0.000640
0.000583
0.000500
0.000566
0.000640
0.000583
0.000671
0.000762
0.000671
0.000583
0.000500
0.000566
0.000640
0.000583
0.000671
0.000762
0.000806
0.000860
0.000922
0.000990
0.001063
0.001000
0.000922
0.000860
0.000943
0.000894
0.000985
0.000949
0.000854
0.000762
0.000806
0.000860
0.000781
0.000860
0.000781
0.000707
0.000640
0.000566
0.000640
0.000707
0.000640
0.000566
0.000500
0.000583
0.000539
0.000583
0.000539
0.000510
0.000608
0.000632
0.000671
0.000583
0.000671
0.000632
0.000539
0.000583
0.000539
0.000510
0.000539
0.000447
0.000412
0.000447
0.000539
0.000583
0.000539
0.000632
0.000539
0.000632
0.000671
0.000721
0.000781
0.000707
0.000640
0.000721
0.000781
0.000849
0.000781
0.000860
0.000922
0.000990
0.000922
0.000860
0.000806
0.000762
0.000854
0.000894
0.000943
0.000894
0.000806
0.000894
0.000854
0.000949
0.000922
0.000949
0.000985
0.000949
0.000922
0.000949
0.000854
0.000949
0.000854
0.000825
0.000854
0.000762
0.000671
0.000721
0.000640
0.000583
0.000640
0.000721
0.000671
0.000721
0.000806
0.000860
0.000943
0.001000
0.001063
0.001000
0.000922
0.000849
0.000781
0.000721
0.000640
0.000583
0.000500
0.000424
0.000500
0.000583
0.000640
0.000721
0.000671
0.000762
0.000671
0.000762
0.000854
0.000949
0.001044
0.001077
0.001170
0.001265
0.001170
0.001140
0.001170
0.001265
0.001300
0.001342
0.001432
0.001342
0.001389
0.001342
0.001389
0.001304
0.001360
0.001442
0.001360
0.001281
0.001221
0.001281
0.001360
0.001421
0.001500
0.001442
0.001389
0.001342
0.001300
0.001393
0.001487
0.001523
0.001565
0.001476
0.001389
0.001342
0.001300
0.001208
0.001253
0.001166
0.001118
0.001166
0.001082
0.001166
0.001082
0.001000
0.000943
0.001030
0.001118
0.001166
0.001082
0.001030
0.001118
0.001208
0.001300
0.001208
0.001300
0.001342
0.001253
0.001166
0.001082
0.001140
0.001063
0.000990
0.000922
0.001000
0.001082
0.001140
0.001204
0.001131
0.001063
0.001140
0.001063
0.001140
0.001204
0.001281
0.001221
0.001140
0.001221
0.001166
0.001082
0.001000
0.001082
0.001000
0.000943
0.000860
0.000806
0.000860
0.000922
0.000860
0.000806
0.000762
0.000806
0.000894
0.000985
0.001030
0.000985
0.000894
0.000806
0.000860
0.000922
0.000849
0.000922
0.000849
0.000922
0.000860
0.000806
0.000860
0.000806
0.000762
0.000806
0.000762
0.000671
0.000583
0.000671
0.000762
0.000728
0.000707
0.000728
0.000707
0.000806
0.000825
0.000922
0.000906
0.000900
0.000800
0.000806
0.000707
0.000608
0.000510
0.000539
0.000632
0.000671
0.000632
0.000728
0.000632
0.000671
0.000721
0.000781
0.000721
0.000781
0.000707
0.000781
0.000860
0.000806
0.000894
0.000806
0.000860
0.000781
0.000860
0.000943
0.001030
0.001118
0.001166
0.001221
0.001304
0.001221
0.001166
0.001221
0.001166
0.001253
0.001342
0.001389
0.001442
0.001389
0.001442
0.001389
0.001304
0.001221
0.001304
0.001360
0.001281
0.001221
0.001140
0.001221
0.001304
0.001221
0.001304
0.001253
0.001304
0.001221
0.001304
0.001221
0.001140
0.001204
0.001273
0.001345
0.001414
0.001345
0.001421
0.001487
0.001562
0.001487
0.001421
0.001487
0.001556
0.001628
0.001703
0.001780
0.001703
0.001769
0.001838
0.001769
0.001838
0.001910
0.001844
0.001769
0.001838
0.001769
0.001697
0.001769
0.001838
0.001769
0.001838
0.001910
0.001844
0.001921
0.002000
0.002081
0.002025
0.002110
0.002059
0.001972
0.002059
0.002012
0.002102
0.002062
0.002025
0.001931
0.001838
0.001879
0.001789
0.001879
0.001924
0.001972
0.002025
0.002110
0.002025
0.001972
0.001887
0.001836
0.001887
0.001972
0.001887
0.001942
0.001860
0.001942
0.002025
0.001942
0.002025
0.001942
0.001860
0.001803
0.001720
0.001664
0.001612
0.001700
0.001655
0.001616
0.001523
0.001616
0.001581
0.001676
0.001649
0.001628
0.001530
0.001628
0.001726
0.001628
0.001649
0.001746
0.001844
0.001825
0.001811
0.001712
0.001612
0.001603
0.001612
0.001712
0.001703
0.001803
0.001703
0.001700
0.001800
0.001900
0.001903
0.001910
0.001924
0.001910
0.002010
0.002002
0.002000
0.002002
0.002102
0.002110
0.002209
0.002110
0.002102
0.002202
0.002302
0.002309
0.002319
0.002335
0.002319
0.002220
0.002319
0.002419
0.002518
0.002419
0.002518
0.002532
0.002518
0.002532
0.002518
0.002419
0.002433
0.002452
0.002474
0.002571
0.002596
0.002571
0.002668
0.002571
0.002474
0.002452
0.002474
0.002377
0.002354
0.002335
0.002354
0.002335
0.002236
0.002256
0.002159
0.002184
0.002280
0.002256
0.002354
0.002256
0.002280
0.002309
0.002280
0.002309
0.002280
0.002309
0.002280
0.002256
0.002236
0.002220
0.002319
0.002335
0.002433
0.002335
0.002319
0.002309
0.002319
0.002335
0.002354
0.002377
0.002354
0.002335
0.002236
0.002335
0.002319
0.002309
0.002408
0.002309
0.002209
0.002220
0.002236
0.002335
0.002354
0.002256
0.002159
0.002062
0.001965
0.002062
0.002159
0.002256
0.002280
0.002184
0.002159
0.002138
0.002040
0.001942
0.002040
0.002138
0.002159
0.002184
0.002280
0.002256
0.002280
0.002309
0.002214
0.002184
0.002280
0.002184
0.002088
0.002184
0.002088
0.001992
0.002088
0.002184
0.002280
0.002309
0.002341
0.002435
0.002404
0.002377
0.002280
0.002377
0.002354
0.002256
0.002236
0.002220
0.002319
0.002335
0.002354
0.002335
0.002236
0.002220
0.002121
0.002220
0.002319
0.002309
0.002302
0.002402
0.002400
0.002300
0.002302
0.002202
0.002200
0.002202
0.002209
0.002110
0.002010
0.001910
0.001903
0.002002
0.002000
0.002002
0.002102
0.002100
0.002102
0.002002
0.002010
0.002022
0.001924
0.001942
0.002040
0.002062
0.002159
0.002062
0.002040
0.002062
0.002088
0.002184
0.002280
0.002256
0.002159
0.002062
0.002088
0.001992
0.001897
0.001803
0.001838
0.001879
0.001789
0.001700
0.001749
0.001664
0.001581
0.001640
0.001581
0.001664
0.001581
0.001640
0.001581
0.001640
0.001581
0.001640
0.001562
0.001487
0.001556
0.001487
0.001562
0.001628
0.001562
0.001628
0.001697
0.001628
0.001556
0.001628
0.001562
0.001628
0.001562
0.001628
0.001562
0.001640
0.001581
0.001500
0.001562
0.001640
0.001703
0.001640
0.001720
0.001640
0.001581
0.001500
0.001562
0.001640
0.001562
0.001487
0.001562
0.001640
0.001720
0.001664
0.001720
0.001664
0.001581
0.001664
0.001720
0.001803
0.001749
0.001836
0.001749
0.001700
0.001789
0.001700
0.001612
0.001565
0.001523
0.001432
0.001523
0.001565
0.001523
0.001432
0.001342
0.001432
0.001393
0.001432
0.001393
0.001300
0.001208
0.001118
0.001030
0.001118
0.001208
0.001118
0.001166
0.001253
0.001166
0.001118
0.001077
0.001118
0.001030
0.001118
0.001208
0.001118
0.001077
0.001118
0.001166
0.001253
0.001342
0.001432
0.001342
0.001389
0.001476
0.001565
0.001476
0.001389
0.001342
0.001253
0.001166
0.001118
0.001166
0.001118
0.001208
0.001118
0.001166
0.001253
0.001166
0.001118
0.001030
0.000943
0.000894
0.000943
0.000894
0.000854
0.000825
0.000728
0.000632
0.000671
0.000583
0.000500
0.000447
0.000539
0.000510
0.000412
0.000316
0.000224
0.000316
0.000300
0.000200
0.000224
0.000141
0.000224
0.000316
0.000361
0.000447
0.000539
0.000447
0.000539
0.000510
0.000608
0.000600
0.000608
0.000632
0.000608
0.000510
0.000539
0.000447
0.000412
0.000400
0.000412
0.000316
0.000412
0.000447
0.000500
0.000566
0.000640
0.000721
0.000781
0.000860
0.000806
0.000860
0.000922
0.000849
0.000781
0.000860
0.000781
0.000860
0.000943
0.001000
0.000922
0.000849
0.000781
0.000849
0.000922
0.000860
0.000943
0.000894
0.000806
0.000894
0.000943
0.001000
0.000922
0.000860
0.000806
0.000894
0.000943
0.001030
0.001082
0.001166
0.001118
0.001166
0.001082
0.001030
0.000985
0.001030
0.001082
0.001030
0.000943
0.001030
0.001082
0.001000
0.001063
0.001140
0.001221
0.001281
0.001204
0.001140
0.001221
0.001304
0.001360
0.001421
0.001345
0.001414
0.001487
0.001421
0.001360
0.001304
0.001360
0.001421
0.001487
0.001414
0.001487
0.001556
0.001628
0.001556
0.001487
0.001556
0.001487
0.001556
0.001487
0.001562
0.001500
0.001421
0.001487
0.001562
0.001487
0.001421
0.001500
0.001562
0.001487
0.001421
0.001500
0.001581
0.001500
0.001562
0.001640
0.001720
0.001780
0.001703
0.001769
0.001703
0.001640
0.001562
0.001487
0.001556
0.001487
0.001556
0.001487
0.001562
0.001500
0.001581
0.001664
0.001749
0.000100
0.000200
0.000224
0.000283
0.000224
0.000316
0.000300
0.000400
0.000300
0.000316
0.000412
0.000447
0.000539
0.000447
0.000361
0.000316
0.000300
0.000316
0.000361
0.000424
0.000361
0.000283
0.000361
0.000424
0.000500
0.000424
0.000361
0.000447
0.000412
0.000447
0.000361
0.000283
0.000361
0.000316
0.000412
0.000447
0.000412
0.000400
0.000300
0.000316
0.000361
0.000316
0.000224
0.000200
0.000100
0.000200
0.000224
0.000283
0.000361
0.000316
0.000412
0.000400
0.000412
0.000316
0.000224
0.000283
0.000224
0.000200
0.000224
0.000200
0.000224
0.000283
0.000361
0.000447
0.000539
0.000632
0.000608
0.000600
0.000608
0.000600
0.000700
0.000707
0.000608
0.000707
0.000728
0.000825
0.000922
0.000825
0.000728
0.000707
0.000728
0.000632
0.000671
0.000632
0.000671
0.000762
0.000854
0.000949
0.000922
0.000906
0.000922
0.000949
0.000985
0.001077
0.001044
0.001077
0.001118
0.001030
0.001082
0.001166
0.001253
0.001166
0.001082
0.001140
0.001221
0.001140
0.001204
0.001281
0.001345
0.001414
0.001487
0.001421
0.001345
0.001273
0.001204
0.001131
0.001063
0.000990
0.001063
0.000990
0.000922
0.000990
0.001063
0.000990
0.001063
0.000990
0.001063
0.000990
0.000922
0.000849
0.000922
0.001000
0.001082
0.001030
0.001082
0.001140
0.001204
0.001140
0.001221
0.001140
0.001221
0.001166
0.001118
0.001208
0.001300
0.001393
0.001360
0.001456
0.001432
0.001530
0.001513
0.001612
0.001712
0.001703
0.001700
0.001703
0.001700
0.001703
0.001712
0.001703
0.001803
0.001903
0.002002
0.002102
0.002110
0.002209
0.002110
0.002010
0.002110
0.002102
0.002110
0.002010
0.002110
0.002102
0.002100
0.002200
0.002100
0.002200
0.002100
0.002200
0.002300
0.002200
0.002202
0.002302
0.002300
0.002302
0.002300
0.002302
0.002309
0.002209
0.002202
0.002302
0.002202
0.002302
0.002309
0.002408
0.002402
0.002302
0.002309
0.002319
0.002309
0.002408
0.002402
0.002502
0.002402
0.002408
0.002508
0.002408
0.002419
0.002518
0.002419
0.002433
0.002532
0.002433
0.002419
0.002433
0.002532
0.002631
0.002532
0.002433
0.002419
0.002518
0.002617
0.002631
0.002617
0.002631
0.002617
0.002717
0.002617
0.002608
0.002508
0.002408
0.002508
0.002518
0.002617
0.002717
0.002729
0.002717
0.002816
0.002915
0.003015
0.003027
0.003126
0.003225
0.003126
0.003027
0.003015
0.003027
0.003126
0.003140
0.003239
0.003225
0.003214
0.003114
0.003126
0.003225
0.003324
0.003338
0.003239
0.003338
0.003354
0.003338
0.003324
0.003338
0.003239
0.003338
0.003324
0.003423
0.003437
0.003453
0.003354
0.003256
0.003239
0.003140
0.003239
0.003140
0.003126
0.003140
0.003239
0.003140
0.003239
0.003256
0.003239
0.003140
0.003041
0.003027
0.003041
0.003140
0.003126
0.003225
0.003324
0.003338
0.003437
0.003423
0.003324
0.003338
0.003437
0.003338
0.003239
0.003140
0.003126
0.003140
0.003158
0.003256
0.003239
0.003225
0.003126
0.003114
0.003015
0.003027
0.002927
0.002943
0.002844
0.002746
0.002648
0.002631
0.002648
0.002550
0.002648
0.002746
0.002648
0.002631
0.002648
0.002668
0.002766
0.002864
0.002844
0.002864
0.002886
0.002789
0.002766
0.002789
0.002693
0.002720
0.002751
0.002846
0.002816
0.002846
0.002751
0.002657
0.002625
0.002720
0.002625
0.002657
0.002693
0.002786
0.002751
0.002786
0.002751
0.002846
0.002751
0.002720
0.002693
0.002596
0.002571
0.002668
0.002766
0.002668
0.002571
0.002550
0.002532
0.002433
0.002452
0.002550
0.002532
0.002631
0.002617
0.002518
0.002532
0.002433
0.002532
0.002433
0.002452
0.002433
0.002532
0.002631
0.002648
0.002668
0.002766
0.002668
0.002648
0.002668
0.002693
0.002720
0.002693
0.002789
0.002693
0.002789
0.002766
0.002864
0.002844
0.002864
0.002844
0.002746
0.002766
0.002668
0.002571
0.002596
0.002500
0.002596
0.002625
0.002720
0.002625
0.002530
0.002563
0.002470
0.002435
0.002470
0.002563
0.002657
0.002563
0.002470
0.002377
0.002285
0.002377
0.002417
0.002377
0.002341
0.002247
0.002341
0.002377
0.002417
0.002508
0.002600
0.002693
0.002600
0.002640
0.002683
0.002773
0.002818
0.002865
0.002915
0.002968
0.003023
0.002968
0.002915
0.003002
0.002953
0.002865
0.002953
0.003041
0.003130
0.003041
0.002953
0.003002
0.003053
0.003106
0.003162
0.003220
0.003302
0.003220
0.003302
0.003384
0.003441
0.003384
0.003329
0.003276
0.003191
0.003245
0.003302
0.003384
0.003467
0.003384
0.003329
0.003384
0.003302
0.003384
0.003329
0.003245
0.003302
0.003245
0.003302
0.003384
0.003329
0.003276
0.003191
0.003106
0.003162
0.003220
0.003162
0.003245
0.003162
0.003245
0.003191
0.003276
0.003329
0.003245
0.003162
0.003220
0.003280
0.003202
0.003265
0.003189
0.003114
0.003189
0.003114
0.003041
0.003111
0.003041
0.003114
0.003183
0.003256
0.003189
0.003114
0.003048
0.003114
0.003041
0.003111
0.003183
0.003111
0.003183
0.003111
0.003183
0.003253
0.003183
0.003256
0.003330
0.003406
0.003342
0.003406
0.003330
0.003256
0.003330
0.003406
0.003483
0.003547
0.003483
0.003547
0.003471
0.003397
0.003330
0.003256
0.003330
0.003397
0.003324
0.003394
0.003324
0.003397
0.003324
0.003256
0.003183
0.003256
0.003189
0.003256
0.003189
0.003124
0.003048
0.003114
0.003183
0.003114
0.003183
0.003253
0.003183
0.003114
0.003048
0.002983
0.002921
0.002983
0.003048
0.003124
0.003189
0.003114
0.003048
0.002973
0.003048
0.003114
0.003189
0.003114
0.003041
0.003111
0.003041
0.002970
0.003041
0.003111
0.003183
0.003114
0.003048
0.003124
0.003048
0.003114
0.003048
0.003124
0.003061
0.003140
0.003061
0.003140
0.003202
0.003265
0.003342
0.003406
0.003330
0.003397
0.003466
0.003394
0.003324
0.003256
0.003183
0.003256
0.003183
0.003114
0.003183
0.003114
0.003041
0.003114
0.003041
0.003114
0.003189
0.003124
0.003202
0.003265
0.003342
0.003421
0.003500
0.003581
0.003500
0.003421
0.003342
0.003265
0.003202
0.003124
0.003189
0.003124
0.003202
0.003124
0.003202
0.003265
0.003342
0.003280
0.003202
0.003265
0.003342
0.003265
0.003189
0.003265
0.003189
0.003265
0.003202
0.003280
0.003342
0.003421
0.003342
0.003265
0.003330
0.003256
0.003189
0.003265
0.003330
0.003406
0.003483
0.003421
0.003500
0.003581
0.003500
0.003561
0.003640
0.003561
0.003624
0.003561
0.003640
0.003720
0.003780
0.003701
0.003624
0.003701
0.003640
0.003581
0.003662
0.003606
0.003523
0.003467
0.003551
0.003636
0.003722
0.003636
0.003551
0.003499
0.003585
0.003672
0.003759
0.003672
0.003722
0.003774
0.003859
0.003774
0.003859
0.003774
0.003722
0.003808
0.003895
0.003847
0.003759
0.003847
0.003936
0.003891
0.003801
0.003712
0.003759
0.003808
0.003859
0.003912
0.003996
0.003945
0.004031
0.003945
0.003996
0.003912
0.003996
0.004082
0.004134
0.004188
0.004244
0.004188
0.004272
0.004357
0.004442
0.004357
0.004410
0.004357
0.004305
0.004391
0.004305
0.004219
0.004134
0.004219
0.004134
0.004082
0.003996
0.004050
0.003996
0.003912
0.003859
0.003774
0.003859
0.003912
0.003859
0.003945
0.003996
0.004050
0.003966
0.003883
0.003828
0.003744
0.003662
0.003606
0.003523
0.003441
0.003384
0.003467
0.003413
0.003467
0.003384
0.003441
0.003523
0.003467
0.003384
0.003329
0.003413
0.003362
0.003448
0.003362
0.003413
0.003467
0.003384
0.003302
0.003245
0.003162
0.003106
0.003053
0.003106
0.003053
0.003002
0.003089
0.003041
0.003130
0.003176
0.003130
0.003041
0.002997
0.003041
0.003130
0.003087
0.003178
0.003138
0.003102
0.003068
0.002973
0.003068
0.003036
0.003008
0.003105
0.003132
0.003036
0.003008
0.003105
0.003202
0.003298
0.003202
0.003228
0.003324
0.003298
0.003202
0.003178
0.003276
0.003178
0.003158
0.003140
0.003041
0.003059
0.003041
0.002943
0.003041
0.003059
0.003041
0.003140
0.003239
0.003140
0.003239
0.003338
0.003324
0.003225
0.003214
0.003114
0.003126
0.003140
0.003041
0.002943
0.003041
0.003027
0.003126
0.003114
0.003015
0.002915
0.003015
0.003007
0.002907
0.002915
0.003015
0.003027
0.002927
0.002915
0.002927
0.002943
0.002927
0.002828
0.002729
0.002717
0.002617
0.002717
0.002816
0.002717
0.002816
0.002717
0.002617
0.002608
0.002508
0.002608
0.002508
0.002608
0.002617
0.002608
0.002617
0.002631
0.002729
0.002717
0.002729
0.002717
0.002816
0.002915
0.002927
0.002915
0.002927
0.003027
0.003041
0.003140
0.003126
0.003225
0.003239
0.003256
0.003158
0.003059
0.002961
0.002943
0.002961
0.002983
0.003081
0.003178
0.003081
0.002983
0.002886
0.002789
0.002816
0.002846
0.002751
0.002786
0.002751
0.002720
0.002751
0.002657
0.002693
0.002600
0.002640
0.002600
0.002640
0.002600
0.002508
0.002417
0.002326
0.002371
0.002326
0.002236
0.002283
0.002371
0.002419
0.002470
0.002385
0.002332
0.002419
0.002506
0.002555
0.002506
0.002555
0.002642
0.002555
0.002608
0.002693
0.002608
0.002555
0.002470
0.002524
0.002608
0.002663
0.002581
0.002524
0.002608
0.002524
0.002608
0.002555
0.002470
0.002524
0.002470
0.002555
0.002506
0.002460
0.002417
0.002326
0.002236
0.002147
0.002236
0.002193
0.002236
0.002147
0.002059
0.001972
0.002059
0.002012
0.002102
0.002147
0.002236
0.002326
0.002236
0.002326
0.002285
0.002247
0.002341
0.002377
0.002417
0.002326
0.002236
0.002283
0.002371
0.002419
0.002332
0.002385
0.002302
0.002247
0.002195
0.002247
0.002163
0.002247
0.002302
0.002247
0.002163
0.002110
0.002059
0.002147
0.002195
0.002110
0.002195
0.002247
0.002332
0.002419
0.002506
0.002555
0.002470
0.002524
0.002441
0.002524
0.002441
0.002360
0.002421
0.000100
0.000200
0.000300
0.000316
0.000412
0.000510
0.000539
0.000632
0.000539
0.000632
0.000539
0.000583
0.000539
0.000583
0.000640
0.000566
0.000500
0.000447
0.000361
0.000316
0.000300
0.000400
0.000300
0.000200
0.000224
0.000200
0.000224
0.000316
0.000361
0.000316
0.000412
0.000400
0.000500
0.000510
0.000608
0.000707
0.000700
0.000600
0.000608
0.000707
0.000608
0.000707
0.000608
0.000510
0.000412
0.000400
0.000300
0.000200
0.000224
0.000283
0.000361
0.000316
0.000412
0.000400
0.000300
0.000400
0.000300
0.000200
0.000224
0.000141
0.000224
0.000283
0.000224
0.000316
0.000300
0.000316
0.000300
0.000316
0.000361
0.000316
0.000412
0.000447
0.000361
0.000316
0.000412
0.000447
0.000539
0.000632
0.000539
0.000510
0.000539
0.000447
0.000500
0.000566
0.000640
0.000721
0.000781
0.000860
0.000922
0.000860
0.000922
0.001000
0.000943
0.000894
0.000806
0.000762
0.000728
0.000825
0.000922
0.000949
0.000922
0.000949
0.000922
0.001020
0.000922
0.001020
0.001118
0.001140
0.001118
0.001140
0.001170
0.001077
0.001118
0.001030
0.001118
0.001208
0.001300
0.001342
0.001253
0.001208
0.001170
0.001265
0.001300
0.001208
0.001300
0.001265
0.001170
0.001208
0.001253
0.001342
0.001432
0.001476
0.001389
0.001342
0.001432
0.001342
0.001300
0.001342
0.001389
0.001342
0.001432
0.001523
0.001487
0.001456
0.001552
0.001530
0.001513
0.001414
0.001404
0.001503
0.001500
0.001503
0.001513
0.001612
0.001513
0.001414
0.001513
0.001530
0.001552
0.001530
0.001513
0.001612
0.001628
0.001649
0.001676
0.001581
0.001552
0.001581
0.001552
0.001530
0.001513
0.001612
0.001628
0.001530
0.001628
0.001612
0.001513
0.001503
0.001500
0.001400
0.001404
0.001414
0.001513
0.001612
0.001603
0.001612
0.001712
0.001703
0.001700
0.001600
0.001603
0.001703
0.001700
0.001600
0.001603
0.001600
0.001500
0.001400
0.001500
0.001503
0.001404
0.001304
0.001404
0.001503
0.001513
0.001612
0.001712
0.001612
0.001712
0.001726
0.001746
0.001844
0.001825
0.001811
0.001803
0.001903
0.001910
0.001811
0.001825
0.001811
0.001803
0.001800
0.001700
0.001600
0.001700
0.001600
0.001603
0.001612
0.001603
0.001600
0.001500
0.001400
0.001300
0.001200
0.001300
0.001304
0.001315
0.001217
0.001118
0.001020
0.000922
0.000825
0.000806
0.000800
0.000700
0.000707
0.000728
0.000632
0.000728
0.000707
0.000700
0.000707
0.000608
0.000600
0.000700
0.000600
0.000700
0.000707
0.000806
0.000707
0.000700
0.000707
0.000608
0.000707
0.000700
0.000600
0.000500
0.000600
0.000608
0.000707
0.000608
0.000510
0.000412
0.000447
0.000412
0.000447
0.000539
0.000510
0.000539
0.000510
0.000500
0.000510
0.000608
0.000632
0.000608
0.000600
0.000500
0.000400
0.000500
0.000600
0.000500
0.000510
0.000539
0.000510
0.000608
0.000510
0.000539
0.000632
0.000671
0.000632
0.000539
0.000583
0.000500
0.000583
0.000500
0.000424
0.000500
0.000566
0.000640
0.000583
0.000671
0.000721
0.000640
0.000566
0.000640
0.000583
0.000640
0.000707
0.000781
0.000849
0.000922
0.000990
0.000922
0.000990
0.001063
0.001000
0.000943
0.001000
0.000922
0.000990
0.001063
0.001000
0.000922
0.000860
0.000922
0.000849
0.000781
0.000849
0.000781
0.000860
0.000806
0.000860
0.000922
0.000860
0.000806
0.000762
0.000854
0.000949
0.000854
0.000949
0.000985
0.001077
0.001118
0.001208
0.001253
0.001304
0.001221
0.001166
0.001082
0.001030
0.001118
0.001077
0.001170
0.001077
0.000985
0.000949
0.000854
0.000949
0.000922
0.000906
0.000900
0.000906
0.001005
0.001000
0.001100
0.001000
0.001005
0.001020
0.001118
0.001105
0.001204
0.001217
0.001315
0.001334
0.001237
0.001265
0.001300
0.001208
0.001118
0.001030
0.001118
0.001077
0.001118
0.001030
0.000943
0.001000
0.000922
0.000990
0.001063
0.001131
0.001063
0.001131
0.001204
0.001131
0.001204
0.001281
0.001360
0.001281
0.001221
0.001140
0.001063
0.000990
0.001063
0.001000
0.000922
0.000990
0.001063
0.001000
0.001082
0.001030
0.001118
0.001166
0.001221
0.001304
0.001360
0.001421
0.001360
0.001421
0.001487
0.001556
0.001487
0.001556
0.001487
0.001414
0.001487
0.001414
0.001345
0.001421
0.001345
0.001273
0.001204
0.001273
0.001204
0.001273
0.001204
0.001281
0.001345
0.001414
0.001487
0.001421
0.001487
0.001556
0.001487
0.001562
0.001640
0.001720
0.001664
0.001749
0.001700
0.001789
0.001700
0.001749
0.001700
0.001749
0.001836
0.001924
0.001836
0.001924
0.001879
0.001838
0.001803
0.001709
0.001616
0.001523
0.001565
0.001612
0.001700
0.001749
0.001803
0.001720
0.001803
0.001720
0.001803
0.001860
0.001780
0.001860
0.001942
0.002025
0.002081
0.002000
0.001942
0.002025
0.001972
0.001924
0.001836
0.001887
0.001972
0.001924
0.001972
0.001924
0.001836
0.001887
0.001803
0.001749
0.001836
0.001749
0.001664
0.001720
0.001664
0.001581
0.001526
0.001581
0.001500
0.001421
0.001345
0.001281
0.001360
0.001304
0.001389
0.001442
0.001389
0.001342
0.001300
0.001208
0.001170
0.001208
0.001118
0.001077
0.000985
0.000949
0.000922
0.000949
0.000922
0.000825
0.000806
0.000825
0.000728
0.000825
0.000854
0.000949
0.001044
0.001020
0.001044
0.001140
0.001044
0.001020
0.001044
0.000949
0.000922
0.000949
0.000922
0.000906
0.000922
0.000906
0.000922
0.000949
0.000985
0.000949
0.001044
0.001077
0.001170
0.001077
0.001044
0.001140
0.001237
0.001334
0.001360
0.001393
0.001487
0.001393
0.001487
0.001581
0.001552
0.001456
0.001552
0.001456
0.001360
0.001265
0.001360
0.001393
0.001432
0.001476
0.001565
0.001612
0.001664
0.001612
0.001526
0.001612
0.001565
0.001612
0.001526
0.001612
0.001700
0.001789
0.001700
0.001655
0.001746
0.001655
0.001616
0.001709
0.001616
0.001709
0.001803
0.001838
0.001879
0.001924
0.001972
0.002025
0.001942
0.001887
0.001972
0.002059
0.002110
0.002195
0.002110
0.002163
0.002081
0.002140
0.002220
0.002302
0.002220
0.002302
0.002247
0.002195
0.002283
0.002195
0.002147
0.002059
0.001972
0.002025
0.001972
0.002025
0.001942
0.001887
0.001942
0.001887
0.001803
0.001887
0.001972
0.001924
0.001836
0.001887
0.001972
0.002025
0.002110
0.002025
0.002081
0.002025
0.001972
0.001887
0.001803
0.001749
0.001700
0.001612
0.001565
0.001612
0.001526
0.001581
0.001664
0.001749
0.001664
0.001581
0.001640
0.001562
0.001640
0.001703
0.001628
0.001556
0.001628
0.001562
0.001628
0.001697
0.001769
0.001844
0.001780
0.001703
0.001628
0.001562
0.001500
0.001421
0.001500
0.001421
0.001487
0.001556
0.001628
0.001697
0.001628
0.001562
0.001500
0.001421
0.001360
0.001442
0.001500
0.001581
0.001500
0.001442
0.001360
0.001442
0.001360
0.001421
0.001487
0.001421
0.001500
0.001442
0.001526
0.001581
0.001664
0.001612
0.001526
0.001476
0.001432
0.001476
0.001432
0.001393
0.001360
0.001456
0.001432
0.001530
0.001513
0.001530
0.001513
0.001612
0.001628
0.001649
0.001628
0.001612
0.001712
0.001811
0.001803
0.001811
0.001712
0.001811
0.001803
0.001811
0.001910
0.001811
0.001825
0.001844
0.001746
0.001726
0.001712
0.001811
0.001910
0.001903
0.001910
0.002010
0.002002
0.002102
0.002002
0.002102
0.002202
0.002209
0.002110
0.002209
0.002220
0.002121
0.002110
0.002209
0.002110
0.002209
0.002220
0.002319
0.002419
0.002518
0.002419
0.002518
0.002532
0.002550
0.002532
0.002550
0.002571
0.002668
0.002571
0.002596
0.002571
0.002550
0.002571
0.002596
0.002500
0.002474
0.002452
0.002474
0.002377
0.002404
0.002309
0.002341
0.002309
0.002214
0.002247
0.002214
0.002247
0.002341
0.002435
0.002470
0.002435
0.002341
0.002377
0.002470
0.002377
0.002341
0.002377
0.002285
0.002377
0.002285
0.002377
0.002341
0.002309
0.002404
0.002500
0.002474
0.002571
0.002596
0.002571
0.002668
0.002648
0.002631
0.002617
0.002518
0.002617
0.002608
0.002707
0.002702
0.002802
0.002800
0.002700
0.002800
0.002802
0.002800
0.002900
0.002902
0.003002
0.003102
0.003002
0.002902
0.003002
0.002902
0.003002
0.003007
0.003015
0.002915
0.002907
0.002902
0.002900
0.002902
0.002907
0.003007
0.003002
0.003000
0.003002
0.002902
0.002907
0.002807
0.002816
0.002828
0.002927
0.002828
0.002729
0.002746
0.002844
0.002746
0.002766
0.002789
0.002766
0.002668
0.002571
0.002596
0.002571
0.002474
0.002500
0.002596
0.002625
0.002657
0.002751
0.002657
0.002563
0.002600
0.002693
0.002657
0.002751
0.002846
0.002941
0.002912
0.002941
0.003036
0.003132
0.003105
0.003081
0.003105
0.003008
0.002983
0.002961
0.003059
0.003081
0.003105
0.003081
0.002983
0.003081
0.002983
0.003008
0.003036
0.003008
0.002912
0.002941
0.003036
0.002941
0.002912
0.002941
0.002846
0.002816
0.002789
0.002693
0.002668
0.002648
0.002550
0.002571
0.002668
0.002571
0.002596
0.002500
0.002596
0.002693
0.002789
0.002693
0.002668
0.002766
0.002746
0.002844
0.002864
0.002961
0.003059
0.002961
0.002983
0.002886
0.002789
0.002816
0.002789
0.002886
0.002983
0.002886
0.002983
0.003008
0.002912
0.002816
0.002846
0.002941
0.002973
0.002879
0.002973
0.003068
0.003162
0.003257
0.003162
0.003068
0.003102
0.003068
0.003036
0.003132
0.003105
0.003202
0.003105
0.003081
0.003059
0.003041
0.002943
0.002961
0.002983
0.002961
0.002864
0.002844
0.002746
0.002648
0.002550
0.002532
0.002433
0.002452
0.002433
0.002452
0.002354
0.002452
0.002474
0.002452
0.002354
0.002335
0.002319
0.002419
0.002518
0.002508
0.002502
0.002508
0.002502
0.002500
0.002502
0.002500
0.002502
0.002602
0.002600
0.002602
0.002502
0.002500
0.002502
0.000100
0.000200
0.000224
0.000200
0.000224
0.000141
0.000224
0.000283
0.000224
0.000200
0.000224
0.000316
0.000224
0.000283
0.000224
0.000283
0.000361
0.000283
0.000361
0.000316
0.000412
0.000316
0.000224
0.000316
0.000412
0.000510
0.000608
0.000600
0.000608
0.000510
0.000539
0.000447
0.000539
0.000447
0.000539
0.000510
0.000539
0.000447
0.000412
0.000510
0.000608
0.000707
0.000806
0.000707
0.000806
0.000825
0.000806
0.000800
0.000806
0.000825
0.000922
0.000825
0.000854
0.000825
0.000922
0.000906
0.000900
0.000800
0.000900
0.000906
0.000806
0.000825
0.000922
0.000906
0.000806
0.000825
0.000728
0.000762
0.000854
0.000894
0.000943
0.000860
0.000781
0.000707
0.000640
0.000707
0.000781
0.000707
0.000640
0.000583
0.000539
0.000510
0.000608
0.000510
0.000539
0.000583
0.000539
0.000632
0.000671
0.000632
0.000608
0.000707
0.000806
0.000800
0.000806
0.000800
0.000806
0.000906
0.000806
0.000825
0.000922
0.000906
0.001005
0.001000
0.001005
0.001000
0.000900
0.000906
0.000806
0.000800
0.000806
0.000906
0.000900
0.000906
0.001005
0.001105
0.001005
0.001020
0.001118
0.001140
0.001237
0.001265
0.001237
0.001265
0.001170
0.001208
0.001170
0.001140
0.001170
0.001265
0.001360
0.001393
0.001360
0.001393
0.001487
0.001581
0.001552
0.001649
0.001676
0.001709
0.001616
0.001709
0.001616
0.001709
0.001746
0.001709
0.001676
0.001709
0.001616
0.001709
0.001616
0.001523
0.001432
0.001523
0.001616
0.001581
0.001487
0.001581
0.001552
0.001530
0.001432
0.001456
0.001552
0.001649
0.001628
0.001649
0.001552
0.001456
0.001432
0.001456
0.001432
0.001334
0.001315
0.001217
0.001237
0.001334
0.001432
0.001334
0.001315
0.001217
0.001315
0.001304
0.001300
0.001304
0.001315
0.001217
0.001237
0.001334
0.001315
0.001217
0.001118
0.001140
0.001237
0.001265
0.001360
0.001393
0.001432
0.001476
0.001432
0.001523
0.001565
0.001523
0.001565
0.001476
0.001432
0.001393
0.001300
0.001208
0.001170
0.001077
0.000985
0.001030
0.001118
0.001208
0.001118
0.001166
0.001082
0.001140
0.001221
0.001304
0.001389
0.001476
0.001432
0.001342
0.001253
0.001342
0.001253
0.001166
0.001118
0.001208
0.001253
0.001304
0.001253
0.001166
0.001082
0.001030
0.000943
0.000860
0.000781
0.000849
0.000922
0.000849
0.000922
0.000990
0.001063
0.001131
0.001063
0.001000
0.000922
0.001000
0.000943
0.000860
0.000781
0.000860
0.000943
0.001030
0.001118
0.001208
0.001170
0.001265
0.001170
0.001265
0.001237
0.001140
0.001237
0.001334
0.001360
0.001393
0.001300
0.001265
0.001360
0.001456
0.001487
0.001581
0.001487
0.001523
0.001487
0.001581
0.001676
0.001649
0.001746
0.001726
0.001746
0.001772
0.001803
0.001772
0.001746
0.001649
0.001746
0.001726
0.001825
0.001811
0.001712
0.001703
0.001803
0.001703
0.001803
0.001811
0.001910
0.002010
0.001910
0.001924
0.001942
0.001924
0.002022
0.001924
0.001825
0.001924
0.001942
0.002040
0.002138
0.002040
0.002138
0.002236
0.002220
0.002209
0.002220
0.002209
0.002220
0.002236
0.002138
0.002121
0.002138
0.002159
0.002184
0.002214
0.002247
0.002341
0.002309
0.002341
0.002377
0.002341
0.002309
0.002214
0.002309
0.002404
0.002500
0.002474
0.002452
0.002474
0.002500
0.002596
0.002500
0.002530
0.002435
0.002341
0.002435
0.002470
0.002435
0.002530
0.002500
0.002474
0.002500
0.002530
0.002435
0.002470
0.002377
0.002470
0.002377
0.002470
0.002435
0.002530
0.002500
0.002530
0.002500
0.002530
0.002435
0.002530
0.002435
0.002341
0.002247
0.002154
0.002193
0.002102
0.002193
0.002154
0.002247
0.002285
0.002193
0.002236
0.002283
0.002332
0.002283
0.002332
0.002247
0.002302
0.002385
0.002441
0.002385
0.002470
0.002524
0.002608
0.002693
0.002608
0.002555
0.002506
0.002460
0.002371
0.002326
0.002371
0.002283
0.002332
0.002385
0.002441
0.002385
0.002302
0.002220
0.002280
0.002202
0.002280
0.002220
0.002302
0.002247
0.002195
0.002283
0.002236
0.002147
0.002195
0.002110
0.002195
0.002110
0.002195
0.002247
0.002195
0.002283
0.002332
0.002247
0.002195
0.002283
0.002371
0.002419
0.002371
0.002460
0.002371
0.002419
0.002332
0.002283
0.002371
0.002326
0.002417
0.002508
0.002417
0.002508
0.002417
0.002460
0.002371
0.002419
0.002332
0.002283
0.002371
0.002283
0.002332
0.002385
0.002332
0.002419
0.002371
0.002460
0.002506
0.002460
0.002550
0.002594
0.002550
0.002594
0.002642
0.002594
0.002506
0.002594
0.002550
0.002508
0.002417
0.002377
0.002341
0.002247
0.002154
0.002062
0.001970
0.001931
0.002025
0.002062
0.001970
0.002012
0.002059
0.001972
0.001887
0.001942
0.002000
0.002062
0.002000
0.002062
0.001985
0.001921
0.001860
0.001942
0.002025
0.002110
0.002163
0.002110
0.002163
0.002110
0.002163
0.002110
0.002195
0.002147
0.002102
0.002147
0.002059
0.002110
0.002059
0.002110
0.002059
0.002147
0.002195
0.002247
0.002163
0.002220
0.002163
0.002247
0.002332
0.002247
0.002195
0.002110
0.002025
0.001972
0.002025
0.002081
0.002140
0.002220
0.002163
0.002110
0.002059
0.002012
0.002059
0.001972
0.002025
0.001972
0.001924
0.001972
0.002059
0.002110
0.002025
0.001942
0.001860
0.001803
0.001860
0.001803
0.001887
0.001803
0.001887
0.001803
0.001720
0.001640
0.001703
0.001780
0.001703
0.001780
0.001860
0.001942
0.001860
0.001780
0.001720
0.001803
0.001860
0.001942
0.001860
0.001780
0.001703
0.001780
0.001703
0.001769
0.001838
0.001769
0.001703
0.001780
0.001703
0.001640
0.001562
0.001500
0.001581
0.001664
0.001612
0.001565
0.001476
0.001389
0.001476
0.001389
0.001304
0.001221
0.001166
0.001253
0.001304
0.001253
0.001342
0.001389
0.001342
0.001432
0.001342
0.001389
0.001442
0.001360
0.001304
0.001253
0.001342
0.001432
0.001523
0.001616
0.001655
0.001700
0.001749
0.001803
0.001720
0.001803
0.001749
0.001700
0.001789
0.001700
0.001749
0.001836
0.001749
0.001836
0.001924
0.001836
0.001789
0.001836
0.001789
0.001746
0.001838
0.001803
0.001772
0.001868
0.001772
0.001746
0.001649
0.001552
0.001456
0.001360
0.001393
0.001487
0.001581
0.001616
0.001655
0.001746
0.001838
0.001746
0.001789
0.001746
0.001709
0.001676
0.001581
0.001552
0.001581
0.001487
0.001393
0.001487
0.001523
0.001616
0.001523
0.001565
0.001476
0.001389
0.001442
0.001526
0.001581
0.001664
0.001612
0.001526
0.001442
0.001389
0.001342
0.001253
0.001166
0.001118
0.001166
0.001253
0.001166
0.001118
0.001166
0.001082
0.001000
0.000943
0.000860
0.000943
0.001030
0.000985
0.000894
0.000943
0.001000
0.000943
0.001030
0.001118
0.001030
0.001118
0.001166
0.001118
0.001030
0.000943
0.000894
0.000854
0.000894
0.000806
0.000762
0.000806
0.000721
0.000671
0.000721
0.000806
0.000721
0.000781
0.000849
0.000922
0.000849
0.000922
0.000990
0.001063
0.000990
0.001063
0.000990
0.000922
0.000990
0.001063
0.001140
0.001221
0.001166
0.001082
0.001000
0.000922
0.001000
0.001063
0.001131
0.001063
0.001131
0.001063
0.001000
0.000943
0.000860
0.000806
0.000721
0.000806
0.000762
0.000854
0.000949
0.001044
0.001140
0.001118
0.001105
0.001204
0.001105
0.001005
0.001105
0.001204
0.001105
0.001100
0.001200
0.001100
0.001000
0.001005
0.001105
0.001118
0.001217
0.001204
0.001200
0.001300
0.001400
0.001404
0.001414
0.001315
0.001334
0.001315
0.001304
0.001300
0.001304
0.001300
0.001304
0.001300
0.001400
0.001300
0.001200
0.001300
0.001400
0.001500
0.001503
0.001603
0.001600
0.001700
0.001800
0.001803
0.001800
0.001803
0.001703
0.001603
0.001600
0.001500
0.001503
0.001603
0.001503
0.001404
0.001414
0.001513
0.001612
0.001628
0.001530
0.001432
0.001530
0.001432
0.001456
0.001432
0.001334
0.001315
0.001334
0.001315
0.001217
0.001237
0.001334
0.001315
0.001304
0.001204
0.001200
0.001100
0.001200
0.001204
0.001304
0.001404
0.001503
0.001603
0.001703
0.001700
0.001800
0.001803
0.001903
0.002002
0.002010
0.002022
0.002010
0.002022
0.002040
0.002138
0.002121
0.002110
0.002010
0.002002
0.002010
0.002002
0.001903
0.001910
0.001811
0.001825
0.001844
0.001868
0.001844
0.001942
0.001844
0.001942
0.001844
0.001746
0.001726
0.001628
0.001612
0.001628
0.001649
0.001746
0.001649
0.001746
0.001844
0.001868
0.001965
0.001868
0.001897
0.001931
0.001838
0.001746
0.001789
0.001836
0.001887
0.001836
0.001749
0.001836
0.001789
0.001746
0.001789
0.001700
0.001655
0.001746
0.001709
0.001803
0.001838
0.001879
0.001924
0.001879
0.001838
0.001746
0.001655
0.001746
0.001655
0.001616
0.001709
0.001616
0.001581
0.001676
0.001772
0.001868
0.001772
0.001676
0.001709
0.001803
0.001897
0.001868
0.001897
0.001803
0.001897
0.001992
0.002025
0.002119
0.002088
0.002062
0.002040
0.001942
0.001965
0.001868
0.001897
0.001931
0.002025
0.001992
0.001897
0.001868
0.001772
0.001868
0.001897
0.001931
0.001838
0.001803
0.001838
0.001931
0.001970
0.002012
0.002059
0.001972
0.001924
0.002012
0.001970
0.001931
0.001897
0.001803
0.001838
0.001879
0.001789
0.001836
0.001749
0.001803
0.001749
0.001700
0.001655
0.001565
0.001655
0.001700
0.001749
0.001836
0.001887
0.001836
0.001887
0.001942
0.001860
0.001780
0.001703
0.001769
0.001703
0.001780
0.001703
0.001769
0.001844
0.001921
0.002000
0.002062
0.001985
0.001921
0.002000
0.002062
0.002140
0.002202
0.002126
0.002062
0.002140
0.002062
0.002000
0.001921
0.001985
0.002052
0.001980
0.002052
0.002121
0.002052
0.002121
0.002193
0.002126
0.002193
0.002126
0.002052
0.001980
0.001910
0.001985
0.002062
0.002000
