gamma    integral   efficiency
0.100000 0.292633 0.316040
0.200000 0.597727 0.332590
0.300000 0.868939 0.354180
0.400000 1.114695 0.377830
0.500000 1.312939 0.407100
0.600000 1.502921 0.433960
0.700000 1.654294 0.465990
0.800000 1.801060 0.495950
0.900000 1.934198 0.527960
1.000000 2.046628 0.560910
1.100000 2.143959 0.595430
1.200000 2.197358 0.634270
1.300000 2.256913 0.673740
1.400000 2.255226 0.717540
1.500000 2.261827 0.760780
1.600000 2.249005 0.806050
1.700000 2.226347 0.851250
1.800000 2.172929 0.900000
1.900000 2.099192 0.949620
2.000000 2.007611 1.000000
2.100000 2.108001 1.000000
2.200000 2.208388 1.000000
2.300000 2.308767 1.000000
2.400000 2.409141 1.000000
2.500000 2.509519 1.000000
2.600000 2.609903 1.000000
2.700000 2.710279 1.000000
2.799999 2.807394 1.000000
2.899999 2.907651 1.000000
2.999999 3.007919 1.000000
3.099999 3.108202 1.000000
3.199999 3.208439 1.000000
3.299999 3.308719 1.000000
3.399999 3.408971 1.000000
3.499999 3.509254 1.000000
3.599999 3.609488 1.000000
3.699999 3.709796 1.000000
3.799999 3.810005 1.000000
3.899998 3.910339 1.000000
3.999998 4.010569 1.000000
4.099998 2.040171 0.540860
4.199998 0.797554 0.226080
4.299998 0.423400 0.127220
4.399998 0.205608 0.066680
4.499998 0.109843 0.038130
4.599998 0.060524 0.022020
4.699998 0.035529 0.013410
4.799998 0.012944 0.005220
4.899998 0.009256 0.003850
4.999998 0.002359 0.001320
5.099998 0.001255 0.000650
5.199997 0.001280 0.000650
5.299997 0.001177 0.000570
5.399997 0.001088 0.000510
5.499997 0.001103 0.000500
5.599997 0.001122 0.000500
5.699997 0.001870 0.000700
5.799997 0.001903 0.000700
5.899997 0.001899 0.000670
5.999997 0.001872 0.000630
6.099997 0.001857 0.000620
6.199996 0.001770 0.000590
6.299996 0.001797 0.000590
6.399996 0.001413 0.000400
6.499996 0.001422 0.000390
6.599996 0.001451 0.000390
6.699996 0.001470 0.000390
6.799996 0.001490 0.000390
6.899996 0.001481 0.000370
6.999996 0.001416 0.000340
7.099996 0.001224 0.000250
7.199996 0.001239 0.000250
7.299995 0.001256 0.000250
7.399995 0.001275 0.000250
7.499995 0.001291 0.000250
7.599995 0.001311 0.000250
7.699995 0.001324 0.000250
7.799995 0.001292 0.000220
7.899995 0.001307 0.000220
7.999995 0.001326 0.000220
8.099995 0.001342 0.000220
8.199995 0.000605 0.000140
8.299995 0.000613 0.000140
8.399996 0.000619 0.000140
8.499996 0.000626 0.000140
8.599997 0.000633 0.000140
8.699997 0.000640 0.000140
8.799997 0.000645 0.000140
8.899998 0.000652 0.000140
8.999998 0.000659 0.000140
9.099998 0.000666 0.000140
9.199999 0.000674 0.000140
9.299999 0.000681 0.000140
9.400000 0.000688 0.000140
9.500000 0.000695 0.000140
9.600000 0.000702 0.000140
9.700001 0.000709 0.000140
9.800001 0.000716 0.000140
9.900002 0.000724 0.000140
10.000002 0.000730 0.000140
10.100002 0.000738 0.000140
10.200003 0.000745 0.000140
10.300003 0.000752 0.000140
10.400003 0.000759 0.000140
10.500004 0.000766 0.000140
10.600004 0.000773 0.000140
10.700005 0.001654 0.000190
10.800005 0.001667 0.000190
10.900005 0.001680 0.000190
11.000006 0.001692 0.000180
11.100006 0.001704 0.000180
11.200006 0.001717 0.000180
11.300007 0.001733 0.000180
11.400007 0.001746 0.000180
11.500008 0.001759 0.000180
11.600008 0.001775 0.000180
11.700008 0.001788 0.000180
11.800009 0.001801 0.000180
11.900009 0.001817 0.000180
12.000010 0.001830 0.000180
12.100010 0.001843 0.000180
12.200010 0.001859 0.000180
12.300011 0.001872 0.000180
12.400011 0.001884 0.000180
12.500011 0.001901 0.000180
12.600012 0.001914 0.000180
12.700012 0.001927 0.000180
12.800013 0.001953 0.000180
12.900013 0.001966 0.000180
13.000013 0.001979 0.000180
13.100014 0.001164 0.000100
13.200014 0.001176 0.000100
13.300014 0.001184 0.000100
13.400015 0.001191 0.000100
13.500015 0.001200 0.000100
13.600016 0.001205 0.000100
13.700016 0.001219 0.000100
13.800016 0.001226 0.000100
13.900017 0.001233 0.000100
14.000017 0.001241 0.000100
14.100018 0.001248 0.000100
14.200018 0.001260 0.000100
14.300018 0.001268 0.000100
14.400019 0.001276 0.000100
14.500019 0.001283 0.000100
14.600019 0.001291 0.000100
14.700020 0.001299 0.000100
14.800020 0.001311 0.000100
14.900021 0.001318 0.000100
15.000021 0.001325 0.000100
15.100021 0.001333 0.000100
15.200022 0.001339 0.000100
15.300022 0.001350 0.000100
15.400023 0.001357 0.000100
15.500023 0.001365 0.000100
15.600023 0.001378 0.000100
15.700024 0.001530 0.000130
15.800024 0.001535 0.000130
15.900024 0.001546 0.000130
16.000025 0.001554 0.000130
16.100025 0.001561 0.000130
16.200026 0.001570 0.000130
16.300026 0.001576 0.000130
16.400026 0.001583 0.000130
16.500027 0.001594 0.000130
16.600027 0.001600 0.000130
16.700027 0.001611 0.000130
16.800028 0.001617 0.000130
16.900028 0.001624 0.000130
17.000029 0.001634 0.000130
17.100029 0.001640 0.000130
17.200029 0.001647 0.000130
17.300030 0.001658 0.000130
17.400030 0.001664 0.000130
17.500031 0.001675 0.000130
17.600031 0.001687 0.000130
17.700031 0.001693 0.000130
17.800032 0.001704 0.000130
17.900032 0.001710 0.000130
18.000032 0.001717 0.000130
18.100033 0.001727 0.000130
18.200033 0.001733 0.000130
18.300034 0.001739 0.000130
18.400034 0.001751 0.000130
18.500034 0.001312 0.000090
18.600035 0.001320 0.000090
18.700035 0.001323 0.000090
18.800035 0.001331 0.000090
18.900036 0.001333 0.000090
19.000036 0.001336 0.000090
19.100037 0.001344 0.000090
19.200037 0.001347 0.000090
19.300037 0.001350 0.000090
19.400038 0.001357 0.000090
19.500038 0.001359 0.000090
19.600039 0.001367 0.000090
19.700039 0.001369 0.000090
19.800039 0.001378 0.000090
19.900040 0.001385 0.000090
