100.000000
99.948997
99.904999
99.857002
99.810997
99.765999
99.722000
99.674004
99.623001
99.572998
99.533997
99.477997
99.417999
99.373001
99.324997
99.280998
99.219002
99.168999
99.115997
99.066002
99.022003
98.975998
98.934998
98.894997
98.850998
98.805000
98.764000
98.709999
98.662003
98.617996
98.580002
98.528000
98.488998
98.439003
98.404999
98.353996
98.290001
98.250000
98.195000
98.152000
98.098999
98.056000
97.999001
97.942001
97.899002
97.858002
97.807999
97.758003
97.709999
97.661003
97.621002
97.566002
97.519997
97.470001
97.417999
97.377998
97.317001
97.264000
97.225998
97.175003
97.126999
97.091003
97.046997
97.004997
96.955002
96.898003
96.852997
96.815002
96.766998
96.718002
96.664001
96.605003
96.561996
96.509003
96.471001
96.416000
96.370003
96.322998
96.275002
96.221001
96.167999
96.112999
96.066002
96.015999
95.973000
95.927002
95.880997
95.848999
95.796997
95.764000
95.719002
95.668999
95.629997
95.596001
95.541000
95.488998
95.442001
95.393997
95.345001
95.307999
95.253998
95.213997
95.162003
95.112000
95.061996
95.015999
94.969002
94.919998
94.864998
94.827003
94.780998
94.739998
94.695000
94.641998
94.597000
94.553001
94.516998
94.463997
94.407997
94.362000
94.331001
94.291000
94.242996
94.185997
94.132004
94.092003
94.043999
93.992996
93.953003
93.902000
93.855003
93.810997
93.772003
93.720001
93.671997
93.629997
93.582001
93.528000
93.477997
93.427002
93.385002
93.347000
93.306999
93.250000
93.199997
93.155998
93.123001
93.084999
93.045998
92.997002
92.958000
92.908997
92.857002
92.808998
92.764000
92.718002
92.675003
92.644997
92.606003
92.560997
92.512001
92.466003
92.421997
92.383003
92.333000
92.289001
92.239998
92.194000
92.150002
92.106003
92.060997
92.021004
91.982002
91.943001
91.889999
91.836998
91.792000
91.750000
91.702003
91.654999
91.607002
91.569000
91.515999
91.474998
91.439003
91.386002
91.336998
91.296997
91.257004
91.205002
91.155998
91.125000
91.073997
91.019997
90.973000
90.931999
90.893997
90.848000
90.792999
90.750999
90.711998
90.676003
90.626999
90.584999
90.545998
90.502998
90.456001
90.416000
90.371002
90.324997
90.275002
90.226997
90.188004
90.128998
90.073997
90.032997
89.983002
89.952003
89.903999
89.864998
89.827003
89.779999
89.745003
89.695999
89.640999
89.591003
89.541000
89.500999
89.458000
89.412003
89.362000
89.321999
89.277000
89.221001
89.183998
89.137001
89.088997
89.051003
89.004997
88.962997
88.917000
88.866997
88.823997
88.777000
88.734001
88.691002
88.652000
88.607002
88.569000
88.526001
88.480003
88.441002
88.392998
88.334000
88.286003
88.247002
88.209000
88.177002
88.135002
88.083000
88.032997
87.998001
87.947998
87.902000
87.859001
87.824997
87.778000
87.746002
87.708000
87.654999
87.621002
87.569000
87.530998
87.496002
87.453003
87.410004
87.375000
87.327003
87.278999
87.236000
87.188004
87.139999
87.095001
87.057999
87.013000
86.957001
86.906998
86.864998
86.819000
86.780998
86.740997
86.685997
86.627998
86.573997
86.540001
86.487999
86.449997
86.398003
86.346001
86.304001
86.258003
86.221001
86.174004
86.123001
86.078003
86.038002
85.998001
85.948997
85.912003
85.873001
85.830002
85.789001
85.745003
85.705002
85.664001
85.609001
85.563004
85.510002
85.459999
85.415001
85.371002
85.329002
85.289001
85.248001
85.206001
85.167999
85.117996
85.071999
85.028999
84.987000
84.948997
84.911003
84.870003
84.831001
84.776001
84.735001
84.683998
84.634003
84.585999
84.539001
84.497002
84.453003
84.408997
84.359001
84.321999
84.276001
84.244003
84.203003
84.165001
84.115997
84.071999
84.031998
83.995003
83.945999
83.898003
83.861000
83.817001
83.778000
83.735001
83.685997
83.649002
83.600998
83.558998
83.517998
83.469002
83.424004
83.375999
83.336998
83.292000
83.242996
83.202003
83.160004
83.120003
83.066002
83.043999
82.999001
82.946999
82.918999
82.875000
82.831001
82.792000
82.744003
82.703003
82.676003
82.628998
82.575996
82.530998
82.487999
82.447998
82.404999
82.360001
82.332001
82.292000
82.258003
82.219002
82.178001
82.133003
82.093002
82.054001
82.000000
81.964996
81.924004
81.880997
81.844002
81.801003
81.760002
81.724998
81.692001
81.649002
81.609001
81.565002
81.522003
81.487999
81.443001
81.389999
81.350998
81.310997
81.264000
81.236000
81.190002
81.148003
81.101997
81.056999
81.024002
80.988998
80.955002
80.907997
80.871002
80.824997
80.785004
80.737000
80.693001
80.649002
80.606003
80.569000
80.522003
80.478996
80.443001
80.406998
80.369003
80.328003
80.285004
80.241997
80.208000
80.179001
80.123001
80.073997
80.041000
80.005997
79.964996
79.927002
79.900002
79.856003
79.806999
79.753998
79.706001
79.667000
79.628998
79.596001
79.551003
79.500999
79.458000
79.426003
79.380997
79.351997
79.317001
79.278999
79.242996
79.203003
79.153999
79.115997
79.081001
79.046997
79.007004
78.962997
78.922997
78.883003
78.836998
78.788002
78.744003
78.699997
78.660004
78.624001
78.579002
78.538002
78.504997
78.460999
78.428001
78.389999
78.347000
78.306000
78.268997
78.238998
78.197998
78.160004
78.119003
78.087997
78.049004
78.012001
77.970001
77.930000
77.885002
77.842003
77.802002
77.763000
77.727997
77.692001
77.653000
77.612000
77.581001
77.543999
77.507004
77.472000
77.422997
77.386002
77.352997
77.315002
77.279999
77.240997
77.197998
77.158997
77.112000
77.074997
77.045998
77.007004
76.968002
76.931999
76.892998
76.837997
76.804001
76.753998
76.723000
76.681000
76.652000
76.611000
76.570000
76.527000
76.478996
76.431999
76.393997
76.351997
76.309998
76.267998
76.228996
76.194000
76.152000
76.112999
76.074997
76.040001
76.001999
75.964996
75.921997
75.873001
75.838997
75.803001
75.773003
75.732002
75.699997
75.654999
75.614998
75.583000
75.555000
75.519997
75.484001
75.445999
75.403000
75.363998
75.319000
75.286003
75.249001
75.213997
75.177002
75.134003
75.101997
75.054001
75.023003
74.982002
74.947998
74.902000
74.860001
74.811996
74.773003
74.728996
74.688004
74.639999
74.598999
74.564003
74.514000
74.462997
74.435997
74.404999
74.364998
74.328003
74.297997
74.261002
74.219002
74.178001
74.130997
74.096001
74.054001
74.014999
73.970001
73.929001
73.896004
73.857002
73.816002
73.778999
73.740997
73.707001
73.663002
73.621002
73.570000
73.522003
73.492996
73.463997
73.431000
73.401001
73.366997
73.331001
73.288002
73.258003
73.223000
73.182999
73.146004
73.122002
73.087997
73.059998
73.026001
72.986000
72.953003
72.915001
72.886002
72.843002
72.811996
72.773003
72.740997
72.709000
72.674004
72.634003
72.593002
72.566002
72.531998
72.488998
72.457001
72.422997
72.385002
72.344002
72.309998
72.264000
72.228996
72.190002
72.161003
72.123001
72.084000
72.054001
72.016998
71.975998
71.938004
71.910004
71.867996
71.834999
71.797997
71.758003
71.712997
71.681999
71.636002
71.603996
71.567001
71.535004
71.498001
71.463997
71.429001
71.394997
71.351997
71.309998
71.274002
71.244003
71.205002
71.172997
71.142998
71.100998
71.060997
71.027000
70.995003
70.950996
70.912003
70.863998
70.824997
70.780998
70.753998
70.713997
70.674004
70.640999
70.601997
70.574997
70.540001
70.509003
70.480003
70.442001
70.403999
70.378998
70.347000
70.317001
70.286003
70.240997
70.210999
70.167000
70.136002
70.095001
70.061996
70.019997
69.977997
69.940002
69.910004
69.862000
69.819000
69.781998
69.753998
69.719002
69.686996
69.649002
69.620003
69.591003
69.564003
69.526001
69.499001
69.470001
69.438004
69.407997
69.375999
69.351997
69.317001
69.292999
69.257004
69.211998
69.177002
69.144997
69.114998
69.072998
69.041000
69.001999
68.968002
68.935997
68.896004
68.862999
68.831001
68.797997
68.757004
68.722000
68.695999
68.648003
68.606003
68.569000
68.537003
68.498001
68.461998
68.430000
68.399002
68.363998
68.337997
68.305000
68.275002
68.233002
68.202003
68.166000
68.132004
68.093002
68.055000
68.014999
67.974998
67.940002
67.916000
67.885002
67.848999
67.817001
67.774002
67.742996
67.705002
67.666000
67.642998
67.609001
67.584000
67.546997
67.505997
67.477997
67.447998
67.415001
67.384003
67.351997
67.325996
67.286003
67.253998
67.232002
67.200996
67.153000
67.121002
67.089996
67.050003
67.010002
66.971001
66.944000
66.913002
66.888000
66.842003
66.803001
66.769997
66.728996
66.688004
66.650002
66.620003
66.582001
66.547997
66.511002
66.473000
66.435997
66.406998
66.379997
66.347000
66.320999
66.283997
66.257004
66.231003
66.191002
66.148003
66.113998
66.084999
66.043999
66.014000
65.982002
65.949997
65.927002
65.902000
65.858002
65.834999
65.799004
65.766998
65.735001
65.700996
65.674004
65.646004
65.613998
65.584999
65.546997
65.516998
65.489998
65.466003
65.442001
65.405998
65.377998
65.346001
65.309998
65.274002
65.232002
65.202003
65.179001
65.152000
65.123001
65.088997
65.054001
65.010002
64.982002
64.959000
64.926003
64.885002
64.851997
64.818001
64.790001
64.759003
64.724998
64.695999
64.658997
64.625000
64.579002
64.542999
64.514999
64.482002
64.448997
64.410004
64.388000
64.359001
64.327003
64.296997
64.269997
64.244003
64.211998
64.191002
64.152000
64.123001
64.097000
64.065002
64.036003
64.005997
63.970001
63.936001
63.901001
63.875999
63.837002
63.811001
63.785999
63.749001
63.729000
63.699001
63.655998
63.622002
63.594002
63.569000
63.539001
63.505001
63.466000
63.425999
63.396999
63.370998
63.334999
63.304001
63.276001
63.242001
63.216000
63.181999
63.153000
63.118999
63.085999
63.055000
63.027000
62.993000
62.962002
62.928001
62.895000
62.859001
62.828999
62.786999
62.757000
62.729000
62.699001
62.673000
62.641998
62.605000
62.583000
62.550999
62.521999
62.485001
62.457001
62.425999
62.396999
62.359001
62.328999
62.304001
62.271000
62.243000
62.203999
62.158001
62.105000
62.077000
62.046001
62.013000
61.990002
61.952000
61.917999
61.889999
61.856998
61.827000
61.794998
61.771999
61.737000
61.714001
61.685001
61.641998
61.616001
61.582001
61.551998
61.527000
61.488998
61.460999
61.428001
61.393002
61.355000
61.320999
61.291000
61.264999
61.235001
61.207001
61.167999
61.138000
61.105999
61.076000
61.047001
61.016998
60.990002
60.964001
60.941002
60.907001
60.881001
60.852001
60.820000
60.792000
60.761002
60.730999
60.692001
60.665001
60.634998
60.604000
60.575001
60.543999
60.516998
60.478001
60.448002
60.423000
60.389999
60.359001
60.337002
60.300999
60.266998
60.240002
60.216000
60.192001
60.164001
60.132999
60.099998
60.069000
60.032001
60.009998
59.977001
59.944000
59.911999
59.881001
59.841999
59.811001
59.775002
59.750000
59.709999
59.680000
59.653000
59.630001
59.597000
59.568001
59.533001
59.501999
59.465000
59.438000
59.410000
59.379002
59.351002
59.316002
59.283001
59.250000
59.216000
59.175999
59.151001
59.126999
59.104000
59.077000
59.050999
59.034000
59.006001
58.981998
58.966000
58.933998
58.908001
58.889000
58.865002
58.823002
58.794998
58.763000
58.741001
58.708000
58.668999
58.632000
58.606998
58.587002
58.557999
58.534000
58.515999
58.495998
58.464001
58.429001
58.396999
58.363998
58.323002
58.293999
58.261002
58.230999
58.201000
58.171001
58.129002
58.104000
58.082001
58.056999
58.023998
57.987999
57.952000
57.925999
57.903999
57.880001
57.852001
57.823002
57.794998
57.775002
57.736000
57.715000
57.680000
57.652000
57.617001
57.596001
57.556000
57.525002
57.490002
57.463001
57.431999
57.409000
57.374001
57.339001
57.311001
57.280998
57.249001
57.229000
57.213001
57.186001
57.154999
57.132999
57.110001
57.084999
57.054001
57.035000
57.004002
56.966000
56.932999
56.910000
56.882999
56.852001
56.826000
56.805000
56.785000
56.755001
56.726002
56.694000
56.665001
56.638000
56.608002
56.585999
56.563000
56.528000
56.500999
56.474998
56.451000
56.423000
56.389999
56.365002
56.330002
56.299000
56.277000
56.256001
56.230000
56.206001
56.179001
56.140999
56.113998
56.088001
56.054001
56.028000
55.987999
55.972000
55.945999
55.912998
55.882999
55.855999
55.823002
55.792000
55.765999
55.730999
55.712002
55.688000
55.658001
55.634998
55.599998
55.574001
55.546001
55.515999
55.493999
55.470001
55.448002
55.421001
55.397999
55.375000
55.349998
55.317001
55.291000
55.263000
55.240002
55.209999
55.176998
55.147999
55.112000
55.091999
55.064999
55.044998
55.014999
54.992001
54.959999
54.929001
54.910000
54.887001
54.859001
54.826000
54.804001
54.779999
54.751999
54.716999
54.686001
54.652000
54.629002
54.597000
54.561001
54.534000
54.509998
54.487000
54.452000
54.423000
54.395000
54.363998
54.341999
54.312000
54.284000
54.257999
54.234001
54.202000
54.178001
54.159000
54.136002
54.103001
54.070999
54.042000
54.000999
53.974998
53.952000
53.933998
53.910000
53.882000
53.854000
53.817001
53.787998
53.763000
53.740002
53.709999
53.678001
53.655998
53.637001
53.608002
53.584000
53.554001
53.521000
53.498001
53.467999
53.438000
53.408001
53.375999
53.348000
53.321999
53.299999
53.276001
53.245998
53.207001
53.179001
53.153999
53.127998
53.098999
53.077000
53.044998
53.018002
52.994999
52.969002
52.939999
52.912998
52.884998
52.854000
52.823002
52.804001
52.777000
52.756001
52.730999
52.701000
52.681000
52.646000
52.619999
52.588001
52.563999
52.542999
52.512001
52.493000
52.466999
52.438000
52.410000
52.389000
52.362000
52.338001
52.313000
52.290001
52.262001
52.233002
52.209000
52.187000
52.165001
52.139000
52.112999
52.084000
52.051998
52.032001
52.000999
51.971001
51.950001
51.924999
51.903999
51.883999
51.848999
51.820000
51.800999
51.780998
51.761002
51.737999
51.716999
51.692001
51.660000
51.626999
51.601002
51.570000
51.544998
51.526001
51.505001
51.471001
51.448002
51.419998
51.396000
51.375000
51.349998
51.323002
51.299999
51.275002
51.250999
51.216000
51.181999
51.165001
51.130001
51.106998
51.082001
51.058998
51.029999
51.000999
50.963001
50.944000
50.915001
50.891998
50.863998
50.841999
50.825001
50.801998
50.778000
50.749001
50.720001
50.688000
50.664001
50.634998
50.617001
50.589001
50.563000
50.534000
50.509998
50.477001
50.438999
50.414001
50.391998
50.367001
50.340000
50.320000
50.291000
50.265999
50.243000
50.215000
50.191002
50.166000
50.145000
50.119999
50.101002
50.077999
50.042999
50.023998
50.005001
49.986000
49.962002
49.938999
49.911999
49.890999
49.862000
49.830002
49.796001
49.765999
49.742001
49.712002
49.683998
49.659000
49.631001
49.608002
49.587002
49.562000
49.534000
49.508999
49.485001
49.471001
49.448002
49.416000
49.395000
49.380001
49.360001
49.340000
49.320999
49.299000
49.277000
49.245998
49.215000
49.192001
49.172001
49.139999
49.115002
49.098000
49.067001
49.043999
49.020000
48.997002
48.966999
48.949001
48.922001
48.897999
48.874001
48.848000
48.827999
48.793999
48.766998
48.741001
48.709999
48.686001
48.657001
48.633999
48.616001
48.589001
48.570000
48.555000
48.526001
48.498001
48.471001
48.445000
48.421001
48.400002
48.363998
48.345001
48.328999
48.313000
48.292999
48.282001
48.257000
48.228001
48.206001
48.174999
48.144001
48.119999
48.102001
48.088001
48.055000
48.033001
48.007000
47.983002
47.966999
47.939999
47.911999
47.874001
47.847000
47.818001
47.803001
47.771000
47.747002
47.723999
47.696999
47.671001
47.641998
47.612999
47.592999
47.573002
47.549999
47.525002
47.502998
47.473999
47.456001
47.431000
47.407001
47.390999
47.370998
47.344002
47.324001
47.304001
47.279999
47.257000
47.231998
47.206001
47.180000
47.147999
47.125999
47.111000
47.095001
47.074001
47.056999
47.029999
47.011002
46.986000
46.957001
46.935001
46.917000
46.897999
46.873001
46.856998
46.832001
46.816002
46.803001
46.778000
46.750000
46.729000
46.703999
46.681999
46.653999
46.624001
46.605999
46.580002
46.555000
46.533001
46.518002
46.493000
46.473999
46.463001
46.436001
46.402000
46.375999
46.348000
46.327999
46.306999
46.287998
46.264000
46.250999
46.231998
46.213001
46.192001
46.167999
46.144001
46.123001
46.104000
46.080002
46.053001
46.022999
46.004002
45.978001
45.952000
45.932999
45.916000
45.895000
45.868000
45.841999
45.812000
45.794998
45.769001
45.752998
45.730000
45.703999
45.672001
45.645000
45.613998
45.590000
45.570000
45.542999
45.515999
45.493999
45.469002
45.443001
45.431000
45.410999
45.387001
45.368000
45.353001
45.334999
45.307999
45.278999
45.255001
45.228001
45.207001
45.188000
45.169998
45.146999
45.118999
45.088001
45.066002
45.041000
45.016998
45.001999
44.976002
44.948002
44.925999
44.898998
44.876999
44.853001
44.832001
44.806000
44.779999
44.764999
44.736000
44.714001
44.687000
44.668999
44.645000
44.625000
44.605999
44.581001
44.556000
44.535000
44.513000
44.487000
44.471001
44.451000
44.419998
44.402000
44.386002
44.367001
44.345001
44.324001
44.300999
44.285000
44.264000
44.243000
44.224998
44.200001
44.179001
44.162998
44.133999
44.108002
44.076000
44.057999
44.040001
44.021000
43.997002
43.979000
43.959000
43.939999
43.916000
43.895000
43.875000
43.854000
43.830002
43.807999
43.787998
43.761002
43.731998
43.715000
43.698002
43.675999
43.659000
43.638000
43.620998
43.602001
43.583000
43.554001
43.535000
43.521999
43.504002
43.479000
43.457001
43.443001
43.415001
43.394001
43.376999
43.358002
43.344002
43.316002
43.293999
43.271000
43.248001
43.230000
43.206001
43.179001
43.150002
43.126999
43.092999
43.077000
43.053001
43.030998
43.008999
42.986000
42.959999
42.936001
42.910999
42.891998
42.874001
42.851002
42.834999
42.814999
42.794998
42.772999
42.752998
42.735001
42.715000
42.692001
42.672001
42.650002
42.629002
42.611000
42.583000
42.556000
42.532001
42.511002
42.492001
42.470001
42.450001
42.431000
42.396999
42.367001
42.344002
42.326000
42.305000
42.291000
42.264999
42.240002
42.216000
42.189999
42.167000
42.146999
42.131001
42.111000
42.092999
42.073002
42.047001
42.019001
41.993000
41.967999
41.953999
41.941002
41.926998
41.902000
41.889000
41.865002
41.841999
41.819000
41.806000
41.791000
41.775002
41.754002
41.733002
41.716000
41.695999
41.674000
41.661999
41.643002
41.623001
41.603001
41.575001
41.549999
41.532001
41.514000
41.500999
41.480999
41.459000
41.445999
41.428001
41.409000
41.389999
41.368999
41.342999
41.323002
41.304001
41.282001
41.264000
41.241001
41.223000
41.199001
41.181999
41.158001
41.133999
41.102001
41.085999
41.066002
41.047001
41.025002
41.001999
40.988998
40.978001
40.951000
40.935001
40.910000
40.889999
40.874001
40.848999
40.825001
40.811001
40.787998
40.764000
40.747002
40.723000
40.710999
40.682999
40.655998
40.634998
40.615002
40.597000
40.573002
40.550999
40.536999
40.507999
40.490002
40.459000
40.441002
40.421001
40.403000
40.386002
40.362999
40.338001
40.312000
40.289001
40.276001
40.256001
40.241001
40.227001
40.214001
40.192001
40.171001
40.154999
40.131001
40.098999
40.083000
40.062000
40.033001
40.005001
39.986000
39.963001
39.946999
39.928001
39.911999
39.890999
39.875000
39.853001
39.831001
39.808998
39.790001
39.765999
39.749001
39.729000
39.712002
39.696999
39.680000
39.654999
39.646000
39.618000
39.599998
39.580002
39.549999
39.525002
39.506001
39.481998
39.465000
39.439999
39.417999
39.394001
39.379002
39.361000
39.335999
39.313999
39.292000
39.268002
39.250000
39.233002
39.214001
39.193001
39.172001
39.144001
39.120998
39.104000
39.083000
39.063000
39.040001
39.021999
39.000000
38.980000
38.967999
38.938000
38.921001
38.896000
38.872002
38.855999
38.835999
38.813999
38.790001
38.772999
38.750000
38.733002
38.722000
38.701000
38.674000
38.654999
38.630001
38.611000
38.588001
38.566002
38.546001
38.527000
38.502998
38.483002
38.466000
38.455002
38.438000
38.418999
38.396999
38.379002
38.355999
38.340000
38.324001
38.308998
38.294998
38.271999
38.257000
38.236000
38.220001
38.206001
38.188000
38.171001
38.160999
38.139999
38.123001
38.101002
38.077999
38.061001
38.043999
38.021999
38.005001
37.986000
37.966000
37.951000
37.930000
37.910999
37.896000
37.876999
37.860001
37.841999
37.820000
37.800999
37.779999
37.764999
37.740002
37.716999
37.702999
37.686001
37.667000
37.646000
37.626999
37.602001
37.584000
37.566002
37.537998
37.520000
37.501999
37.484001
37.462002
37.439999
37.419998
37.405998
37.389999
37.374001
37.355000
37.334000
37.313000
37.299999
37.283001
37.264000
37.242001
37.223000
37.203999
37.183998
37.166000
37.150002
37.126999
37.112999
37.097000
37.082001
37.063999
37.042999
37.022999
37.004002
36.985001
36.966999
36.949001
36.929001
36.905998
36.890999
36.875000
36.852001
36.837002
36.820000
36.800999
36.784000
36.768002
36.749001
36.730999
36.716000
36.701000
36.686001
36.669998
36.653000
36.629002
36.613998
36.598999
36.584000
36.564999
36.544998
36.525002
36.508999
36.493000
36.473000
36.459000
36.444000
36.428001
36.414001
36.394001
36.376999
36.361000
36.347000
36.328999
36.313000
36.292000
36.277000
36.254002
36.235001
36.222000
36.202999
36.188000
36.174000
36.160000
36.147999
36.130001
36.112999
36.099998
36.087002
36.077000
36.058998
36.048000
36.029999
36.015999
36.000000
35.980000
35.965000
35.944000
35.924999
35.897999
35.877998
35.865002
35.849998
35.831001
35.814999
35.799000
35.776001
35.765999
35.752998
35.736000
35.717999
35.707001
35.694000
35.681000
35.661999
35.645000
35.625000
35.603001
35.589001
35.570999
35.556000
35.537998
35.525002
35.505001
35.486000
35.471001
35.451000
35.424999
35.404999
35.388000
35.369999
35.344002
35.324001
35.310001
35.292000
35.266998
35.250000
35.226002
35.212002
35.192001
35.176998
35.158001
35.143002
35.127998
35.111000
35.099998
35.078999
35.063999
35.047001
35.028000
35.015999
35.007000
34.991001
34.971001
34.957001
34.938000
34.926998
34.903999
34.891998
34.877998
34.862000
34.846001
34.827000
34.806999
34.796001
34.782001
34.763000
34.740002
34.723000
34.705002
34.693001
34.674000
34.662998
34.641998
34.620998
34.610001
34.597000
34.582001
34.556999
34.537998
34.520000
34.500999
34.484001
34.476002
34.457001
34.438999
34.418999
34.401001
34.382999
34.370998
34.354000
34.339001
34.319000
34.298000
34.275002
34.257999
34.243999
34.223000
34.208000
34.195000
34.180000
34.164001
34.136002
34.118000
34.097000
34.084000
34.063999
34.046001
34.029999
34.015999
34.000000
33.980000
33.959000
33.938000
33.921001
33.908001
33.889999
33.876999
33.863998
33.846001
33.834999
33.820999
33.808998
33.786999
33.773998
33.759998
33.737999
33.716000
33.693001
33.672001
33.660999
33.650002
33.637001
33.622002
33.604000
33.590000
33.571999
33.554001
33.540001
33.525002
33.509998
33.486000
33.467999
33.446999
33.430000
33.417000
33.396999
33.377998
33.363998
33.341999
33.328999
33.308998
33.290001
33.273998
33.258999
33.244999
33.228001
33.216000
33.196999
33.178001
33.158001
33.144001
33.123001
33.109001
33.092999
33.075001
33.057999
33.044998
33.027000
33.007999
32.994999
32.978001
32.960999
32.943001
32.928001
32.910999
32.890999
32.870998
32.848999
32.827000
32.810001
32.791000
32.771999
32.751999
32.738998
32.722000
32.702999
32.685001
32.665001
32.653999
32.632999
32.619999
32.601002
32.585999
32.566002
32.546001
32.534000
32.519001
32.499001
32.481998
32.466999
32.448002
32.428001
32.412998
32.397999
32.387001
32.367001
32.346001
32.330002
32.313999
32.292999
32.272999
32.257000
32.238998
32.222000
32.203999
32.191002
32.174000
32.160000
32.143002
32.131001
32.118999
32.099998
32.083000
32.071999
32.054001
32.039001
32.021000
32.011002
31.995001
31.979000
31.962999
31.945999
31.933001
31.921000
31.913000
31.893999
31.882999
31.864000
31.848000
31.827000
31.812000
31.802999
31.785000
31.763000
31.746000
31.723000
31.708000
31.691999
31.677000
31.659000
31.653000
31.636000
31.624001
31.611000
31.591999
31.577999
31.561001
31.552999
31.531000
31.514999
31.497999
31.486000
31.472000
31.452999
31.436001
31.420000
31.400000
31.379999
31.365999
31.344999
31.329000
31.316000
31.295000
31.268000
31.257000
31.240999
31.215000
31.205999
31.188999
31.177000
31.165001
31.143000
31.129000
31.121000
31.104000
31.091000
31.076000
31.061001
31.047001
31.035999
31.028000
31.017000
30.997999
30.986000
30.964001
30.950001
30.938999
30.923000
30.907000
30.888000
30.870001
30.855000
30.830999
30.815001
30.805000
30.794001
30.781000
30.771999
30.754999
30.746000
30.729000
30.709000
30.694000
30.677000
30.671000
30.659000
30.639999
30.627001
30.614000
30.598000
30.584999
30.570000
30.556000
30.540001
30.528000
30.507999
30.487000
30.473000
30.459000
30.445999
30.430000
30.413000
30.395000
30.379000
30.368000
30.353001
30.330000
30.313000
30.304001
30.288000
30.280001
30.264000
30.250999
30.240000
30.225000
30.202000
30.190001
30.171000
30.158001
30.149000
30.132000
30.118000
30.108000
30.091000
30.083000
30.066999
30.049999
30.035000
30.024000
30.010000
29.996000
29.985001
29.976000
29.959000
29.941999
29.929001
29.920000
29.903999
29.892000
29.874001
29.856001
29.841000
29.827000
29.811001
29.797001
29.775999
29.761999
29.743000
29.732000
29.719999
29.698000
29.681000
29.671000
29.659000
29.648001
29.627001
29.606001
29.591999
29.579000
29.565001
29.549000
29.537001
29.525999
29.517000
29.504000
29.497000
29.483000
29.462999
29.448999
29.431999
29.413000
29.396000
29.379999
29.370001
29.355000
29.339001
29.323000
29.306999
29.295000
29.278999
29.263000
29.247999
29.223000
29.208000
29.198000
29.188999
29.179001
29.166000
29.152000
29.136000
29.121000
29.108999
29.094999
29.073999
29.052999
29.041000
29.028000
29.011000
28.996000
28.978001
28.966000
28.945000
28.929001
28.910000
28.898001
28.882999
28.868000
28.857000
28.840000
28.825001
28.815001
28.795000
28.782000
28.766001
28.756001
28.737000
28.725000
28.708000
28.690001
28.677000
28.657000
28.643999
28.628000
28.618000
28.601999
28.584000
28.570000
28.552999
28.544001
28.531000
28.517000
28.500999
28.489000
28.479000
28.466999
28.451000
28.438999
28.422001
28.407000
28.393999
28.377001
28.360001
28.348000
28.333000
28.315001
28.305000
28.292000
28.280001
28.264999
28.252001
28.237000
28.216000
28.197001
28.179001
28.169001
28.157000
28.143000
28.132999
28.120001
28.101000
28.090000
28.076000
28.062000
28.049999
28.040001
28.023001
28.009001
27.996000
27.979000
27.969999
27.959000
27.938999
27.931999
27.921000
27.907000
27.893000
27.878000
27.865999
27.855000
27.834000
27.822001
27.806000
27.794001
27.782000
27.761999
27.747999
27.733000
27.714001
27.702000
27.684999
27.672001
27.663000
27.650999
27.641001
27.628000
27.613001
27.601999
27.589001
27.577999
27.569000
27.558001
27.544001
27.523001
27.513000
27.502001
27.489000
27.476000
27.465000
27.448999
27.441000
27.427999
27.416000
27.403999
27.389999
27.374001
27.363001
27.347000
27.337000
27.329000
27.313000
27.306000
27.297001
27.283001
27.275000
27.266001
27.253000
27.233000
27.219999
27.207001
27.191999
27.179001
27.173000
27.163000
27.150999
27.131001
27.113001
27.103001
27.094999
27.087000
27.075001
27.062000
27.049999
27.040001
27.025000
27.014999
27.000999
26.989000
26.976000
26.954000
26.945000
26.931999
26.917999
26.900999
26.889000
26.877001
26.865999
26.848000
26.841000
26.832001
26.820000
26.809000
26.797001
26.785999
26.775000
26.764000
26.745001
26.728001
26.715000
26.702000
26.688000
26.677000
26.665001
26.653999
26.646999
26.632000
26.621000
26.605000
26.584999
26.577999
26.562000
26.551001
26.535000
26.520000
26.509001
26.489000
26.478001
26.471001
26.459999
26.440001
26.424999
26.412001
26.400000
26.389000
26.375000
26.362000
26.341999
26.327000
26.316000
26.302999
26.292000
26.282000
26.271999
26.257999
26.247999
26.229000
26.214001
26.204000
26.191999
26.184999
26.172001
26.152000
26.132999
26.120001
26.107000
26.094000
26.080999
26.075001
26.066999
26.056000
26.044001
26.030001
26.018000
26.007000
25.993999
25.976999
25.965000
25.952999
25.934000
25.922001
25.912001
25.896999
25.889999
25.872999
25.856001
25.847000
25.832001
25.816999
25.806999
25.795000
25.783001
25.775000
25.766001
25.750000
25.742001
25.730000
25.721001
25.704000
25.686001
25.676001
25.667999
25.659000
25.648001
25.632999
25.620001
25.601999
25.587999
25.575001
25.566000
25.548000
25.539000
25.525000
25.507999
25.493000
25.479000
25.468000
25.451000
25.433001
25.423000
25.417000
25.406000
25.389999
25.375999
25.365000
25.350000
25.337999
25.327999
25.315001
25.306000
25.292000
25.284000
25.275000
25.254000
25.233999
25.224001
25.212000
25.200001
25.191999
25.180000
25.165001
25.159000
25.141001
25.134001
25.122000
25.111000
25.091999
25.082001
25.073999
25.062000
25.035000
25.021999
25.009001
24.999001
24.985001
24.974001
24.968000
24.958000
24.947001
24.934999
24.924000
24.909000
24.893000
24.878000
24.862000
24.850000
24.836000
24.822001
24.811001
24.798000
24.788000
24.775000
24.764000
24.750000
24.742001
24.722000
24.705999
24.688999
24.676001
24.666000
24.657000
24.643999
24.632999
24.627001
24.618999
24.607000
24.584000
24.570000
24.563000
24.556000
24.547001
24.521000
24.504000
24.492001
24.482000
24.468000
24.452999
24.438000
24.424999
24.408001
24.399000
24.382999
24.371000
24.360001
24.344999
24.334999
24.326000
24.315001
24.306999
24.287001
24.281000
24.267000
24.252001
24.242001
24.230000
24.219000
24.208000
24.198000
24.191000
24.181999
24.159000
24.149000
24.138000
24.131001
24.121000
24.115000
24.103001
24.090000
24.080999
24.075001
24.063999
24.051001
24.040001
24.033001
24.020000
24.004000
23.988001
23.976999
23.962999
23.951000
23.944000
23.934999
23.926001
23.910999
23.903000
23.888000
23.879000
23.865999
23.850000
23.834999
23.818001
23.804001
23.795000
23.780001
23.771000
23.760000
23.745001
23.738001
23.725000
23.714001
23.709999
23.704000
23.688999
23.679001
23.666000
23.650999
23.635000
23.629999
23.617001
23.594000
23.580000
23.569000
23.556000
23.542000
23.531000
23.518999
23.510000
23.500000
23.493999
23.476999
23.464001
23.454000
23.444000
23.433001
23.420000
23.410999
23.399000
23.386999
23.374001
23.357000
23.346001
23.334000
23.318001
23.302000
23.291000
23.270000
23.261000
23.250999
23.239000
23.229000
23.219000
23.204000
23.193001
23.181000
23.167000
23.160999
23.143999
23.135000
23.129999
23.122000
23.111000
23.100000
23.091000
23.075001
23.068001
23.055000
23.044001
23.034000
23.025000
23.014000
23.002001
22.989000
22.978001
22.968000
22.957001
22.944000
22.934999
22.927999
22.916000
22.909000
22.898001
22.889999
22.878000
22.871000
22.858999
22.849001
22.834000
22.823999
22.806000
22.796000
22.788000
22.775000
22.764000
22.754000
22.738001
22.728001
22.716000
22.704000
22.701000
22.693001
22.684000
22.676001
22.663000
22.643999
22.629999
22.620001
22.608000
22.597000
22.582001
22.568001
22.556999
22.548000
22.535999
22.525000
22.514000
22.506001
22.493000
22.482000
22.469999
22.464001
22.451000
22.434000
22.424000
22.414000
22.409000
22.400999
22.392000
22.384001
22.372000
22.358000
22.350000
22.339001
22.323999
22.311001
22.299000
22.289000
22.277000
22.261000
22.250000
22.239000
22.230000
22.215000
22.202000
22.195000
22.181000
22.172001
22.162001
22.149000
22.139999
22.125999
22.117001
22.111000
22.100000
22.087000
22.073000
22.066999
22.059999
22.049999
22.038000
22.027000
22.017000
22.006001
21.996000
21.985001
21.969999
21.959000
21.945999
21.934999
21.927999
21.917999
21.906000
21.889999
21.874001
21.858999
21.844000
21.832001
21.820000
21.816000
21.802999
21.790001
21.778000
21.761999
21.752001
21.743000
21.733000
21.718000
21.708000
21.698000
21.687000
21.684000
21.671000
21.662001
21.656000
21.646000
21.632000
21.622000
21.610001
21.586000
21.575001
21.563999
21.555000
21.544001
21.533001
21.521999
21.513000
21.503000
21.492001
21.486000
21.469999
21.454000
21.444000
21.434999
21.426001
21.420000
21.407000
21.392000
21.384001
21.374001
21.364000
21.351999
21.343000
21.334000
21.323999
21.309999
21.288000
21.274000
21.263000
21.246000
21.233000
21.223000
21.209999
21.207001
21.200001
21.188000
21.177000
21.171000
21.163000
21.156000
21.146999
21.132000
21.124001
21.120001
21.113001
21.103001
21.087999
21.075001
21.065001
21.052000
21.044001
21.030001
21.018000
21.009001
20.993000
20.985001
20.971001
20.959000
20.948999
20.934000
20.923000
20.917000
20.910000
20.903999
20.895000
20.886000
20.874001
20.862000
20.854000
20.843000
20.832001
20.826000
20.809999
20.801001
20.789000
20.773001
20.761000
20.754000
20.746000
20.730000
20.719000
20.697001
20.688000
20.679001
20.670000
20.660000
20.653999
20.643000
20.632000
20.617001
20.605000
20.591000
20.579000
20.573000
20.568001
20.559000
20.554001
20.544001
20.534000
20.528000
20.516001
20.504000
20.497000
20.487000
20.473000
20.462999
20.450001
20.440001
20.427999
20.419001
20.407000
20.398001
20.382000
20.374001
20.368000
20.356001
20.344999
20.334999
20.323999
20.315001
20.306000
20.294001
20.282000
20.270000
20.260000
20.247999
20.237000
20.219999
20.212000
20.205000
20.195000
20.184000
20.173000
20.164000
20.152000
20.134001
20.122000
20.114000
20.105000
20.093000
20.082001
20.070000
20.059000
20.046000
20.038000
20.023001
20.017000
20.004000
19.995001
19.985001
19.978001
19.965000
19.958000
19.947001
19.936001
19.920000
19.910000
19.902000
19.895000
19.879000
19.868999
19.858999
19.843000
19.834000
19.820000
19.813999
19.805000
19.785999
19.775000
19.767000
19.757000
19.747000
19.737000
19.725000
19.716000
19.702999
19.691000
19.677999
19.667000
19.653999
19.645000
19.635000
19.629999
19.620001
19.614000
19.606001
19.590000
19.582001
19.576000
19.570999
19.559000
19.552000
19.537001
19.525000
19.516001
19.509001
19.500999
19.487000
19.473000
19.461000
19.438999
19.430000
19.421000
19.415001
19.403000
19.389999
19.382999
19.375000
19.364000
19.348000
19.337999
19.327999
19.318001
19.306000
19.298000
19.284000
19.267000
19.256001
19.242001
19.236000
19.225000
19.214001
19.208000
19.195000
19.184000
19.170000
19.162001
19.152000
19.146000
19.139000
19.122999
19.113001
19.108000
19.098000
19.084000
19.070999
19.063999
19.055000
19.042000
19.034000
19.024000
19.011999
19.007000
18.995001
18.982000
18.975000
18.962999
18.959999
18.951000
18.947001
18.934000
18.926001
18.924000
18.914000
18.905001
18.896999
18.886000
18.877001
18.867001
18.861000
18.846001
18.837999
18.820000
18.806000
18.795000
18.784000
18.770000
18.764999
18.756001
18.745001
18.736000
18.730000
18.726999
18.715000
18.704000
18.698000
18.691000
18.680000
18.674000
18.669001
18.657000
18.646999
18.636999
18.628000
18.618999
18.608999
18.606001
18.601999
18.584000
18.572001
18.566000
18.555000
18.542999
18.533001
18.520000
18.504999
18.495001
18.486000
18.481001
18.471001
18.464001
18.452999
18.444000
18.427000
18.417000
18.407000
18.396999
18.386999
18.379000
18.372999
18.367001
18.357000
18.348000
18.341000
18.334999
18.325001
18.311001
18.301001
18.289000
18.283001
18.280001
18.271000
18.263000
18.254000
18.245001
18.232000
18.219000
18.209999
18.202000
18.191999
18.184999
18.174999
18.169001
18.160999
18.152000
18.148001
18.141001
18.134001
18.125999
18.114000
18.101000
18.089001
18.076000
18.066999
18.058001
18.046000
18.033001
18.028000
18.017000
18.010000
18.002001
17.992001
17.981001
17.976999
17.959999
17.954000
17.943001
17.933001
17.923000
17.913000
17.905001
17.893000
17.879999
17.872999
17.865999
17.857000
17.841000
17.837999
17.829000
17.823999
17.816000
17.806999
17.797001
17.789000
17.783001
17.773001
17.766001
17.752001
17.743000
17.737000
17.719999
17.711000
17.704000
17.688999
17.683001
17.674000
17.670000
17.660999
17.652000
17.641001
17.632000
17.622999
17.615000
17.608000
17.601000
17.590000
17.580999
17.568001
17.552999
17.545000
17.533001
17.517000
17.509001
17.503000
17.493999
17.482000
17.472000
17.461000
17.450001
17.440001
17.427999
17.421000
17.414000
17.406000
17.395000
17.385000
17.379999
17.372000
17.360001
17.346001
17.337999
17.329000
17.320000
17.309999
17.306999
17.302999
17.297001
17.291000
17.284000
17.277000
17.273001
17.264999
17.257000
17.247000
17.238001
17.228001
17.219000
17.212999
17.198999
17.190001
17.184000
17.174000
17.167999
17.164000
17.157000
17.155001
17.149000
17.141001
17.132999
17.120001
17.110001
17.104000
17.097000
17.087999
17.076000
17.070999
17.066999
17.049999
17.042000
17.032000
17.025999
17.018999
17.007000
17.000000
16.993000
16.983999
16.974001
16.966000
16.959999
16.954000
16.941999
16.938000
16.930000
16.921000
16.913000
16.907000
16.899000
16.895000
16.884001
16.877001
16.871000
16.864000
16.856001
16.851999
16.849001
16.833000
16.826000
16.812000
16.806999
16.797001
16.789000
16.783001
16.771000
16.763000
16.756001
16.750000
16.743000
16.730000
16.716000
16.709999
16.705000
16.698000
16.688999
16.681999
16.673000
16.665001
16.658001
16.646999
16.642000
16.636000
16.621000
16.615000
16.604000
16.599001
16.591000
16.583000
16.576000
16.565001
16.556999
16.551001
16.535999
16.531000
16.525999
16.518000
16.513000
16.507999
16.502001
16.493000
16.485001
16.476000
16.469999
16.462000
16.452000
16.445000
16.438999
16.427999
16.417000
16.409000
16.402000
16.393999
16.386000
16.378000
16.368999
16.363001
16.357000
16.351000
16.341000
16.330000
16.319000
16.313999
16.309000
16.299999
16.294001
16.287001
16.274000
16.264999
16.254999
16.245001
16.239000
16.230000
16.221001
16.211000
16.200001
16.191000
16.181999
16.166000
16.159000
16.153000
16.142000
16.135000
16.129000
16.118999
16.110001
16.108999
16.104000
16.096001
16.091999
16.087000
16.082001
16.076000
16.070999
16.066000
16.056999
16.055000
16.047001
16.038000
16.025999
16.017000
16.010000
15.999000
15.993000
15.978000
15.971000
15.966000
15.962000
15.956000
15.946000
15.940000
15.928000
15.922000
15.913000
15.904000
15.893000
15.885000
15.874000
15.869000
15.863000
15.850000
15.845000
15.835000
15.821000
15.812000
15.805000
15.802000
15.792000
15.786000
15.775000
15.768000
15.765000
15.759000
15.750000
15.742000
15.732000
15.724000
15.719000
15.710000
15.706000
15.697000
15.687000
15.678000
15.668000
15.665000
15.660000
15.649000
15.641000
15.632000
15.623000
15.614000
15.605000
15.599000
15.592000
15.584000
15.573000
15.566000
15.558000
15.548000
15.539000
15.534000
15.525000
15.518000
15.508000
15.502000
15.496000
15.484000
15.479000
15.471000
15.462000
15.448000
15.440000
15.432000
15.420000
15.417000
15.409000
15.401000
15.395000
15.388000
15.383000
15.374000
15.363000
15.355000
15.346000
15.338000
15.326000
15.319000
15.309000
15.299000
15.290000
15.284000
15.270000
15.265000
15.259000
15.253000
15.247000
15.239000
15.233000
15.225000
15.212000
15.204000
15.200000
15.194000
15.189000
15.179000
15.173000
15.169000
15.160000
15.151000
15.145000
15.138000
15.128000
15.120000
15.112000
15.109000
15.102000
15.096000
15.087000
15.082000
15.071000
15.057000
15.048000
15.043000
15.038000
15.027000
15.021000
15.010000
15.000000
14.992000
14.985000
14.975000
14.968000
14.962000
14.955000
14.947000
14.940000
14.935000
14.930000
14.923000
14.914000
14.909000
14.901000
14.894000
14.889000
14.878000
14.872000
14.860000
14.853000
14.846000
14.838000
14.832000
14.828000
14.818000
14.816000
14.808000
14.798000
14.792000
14.787000
14.775000
14.766000
14.761000
14.754000
14.745000
14.736000
14.731000
14.725000
14.713000
14.708000
14.699000
14.691000
14.679000
14.669000
14.662000
14.660000
14.652000
14.647000
14.639000
14.631000
14.621000
14.614000
14.610000
14.599000
14.588000
14.578000
14.572000
14.566000
14.564000
14.556000
14.549000
14.542000
14.538000
14.528000
14.516000
14.509000
14.503000
14.498000
14.490000
14.482000
14.477000
14.467000
14.454000
14.448000
14.439000
14.435000
14.427000
14.418000
14.414000
14.410000
14.410000
14.399000
14.396000
14.389000
14.384000
14.381000
14.375000
14.366000
14.363000
14.358000
14.351000
14.344000
14.336000
14.330000
14.325000
14.312000
14.308000
14.299000
14.293000
14.285000
14.273000
14.263000
14.256000
14.248000
14.240000
14.234000
14.228000
14.220000
14.214000
14.208000
14.202000
14.200000
14.195000
14.185000
14.182000
14.173000
14.167000
14.158000
14.151000
14.144000
14.134000
14.130000
14.124000
14.115000
14.105000
14.101000
14.090000
14.078000
14.070000
14.063000
14.055000
14.046000
14.036000
14.034000
14.026000
14.023000
14.019000
14.011000
13.999000
13.991000
13.984000
13.977000
13.972000
13.967000
13.963000
13.958000
13.953000
13.948000
13.940000
13.937000
13.932000
13.929000
13.922000
13.914000
13.910000
13.904000
13.900000
13.892000
13.882000
13.874000
13.867000
13.861000
13.852000
13.846000
13.835000
13.828000
13.823000
13.812000
13.811000
13.803000
13.796000
13.789000
13.778000
13.770000
13.756000
13.750000
13.747000
13.735000
13.726000
13.719000
13.711000
13.699000
13.698000
13.691000
13.685000
13.680000
13.674000
13.666000
13.656000
13.645000
13.641000
13.635000
13.627000
13.622000
13.613000
13.608000
13.602000
13.596000
13.588000
13.581000
13.574000
13.566000
13.561000
13.555000
13.549000
13.542000
13.540000
13.534000
13.529000
13.522000
13.511000
13.505000
13.498000
13.493000
13.489000
13.482000
13.472000
13.465000
13.458000
13.454000
13.447000
13.443000
13.433000
13.427000
13.422000
13.417000
13.409000
13.401000
13.397000
13.388000
13.380000
13.375000
13.368000
13.360000
13.356000
13.350000
13.345000
13.337000
13.336000
13.331000
13.326000
13.316000
13.309000
13.308000
13.300000
13.292000
13.284000
13.277000
13.268000
13.261000
13.255000
13.253000
13.246000
13.241000
13.233000
13.228000
13.221000
13.218000
13.211000
13.206000
13.202000
13.196000
13.188000
13.185000
13.179000
13.175000
13.169000
13.166000
13.161000
13.158000
13.151000
13.149000
13.144000
13.140000
13.133000
13.129000
13.125000
13.119000
13.109000
13.101000
13.089000
13.083000
13.078000
13.070000
13.065000
13.055000
13.047000
13.039000
13.031000
13.025000
13.017000
13.012000
13.003000
12.991000
12.982000
12.975000
12.970000
12.967000
12.956000
12.952000
12.946000
12.935000
12.923000
12.916000
12.913000
12.903000
12.897000
12.894000
12.888000
12.879000
12.874000
12.869000
12.866000
12.861000
12.853000
12.852000
12.848000
12.844000
12.835000
12.830000
12.822000
12.813000
12.807000
12.798000
12.793000
12.783000
12.773000
12.768000
12.765000
12.761000
12.755000
12.750000
12.742000
12.734000
12.732000
12.729000
12.722000
12.716000
12.711000
12.703000
12.697000
12.691000
12.685000
12.680000
12.674000
12.669000
12.658000
12.651000
12.639000
12.637000
12.632000
12.622000
12.609000
12.602000
12.598000
12.594000
12.591000
12.582000
12.577000
12.569000
12.562000
12.553000
12.548000
12.544000
12.536000
12.531000
12.524000
12.518000
12.511000
12.511000
12.501000
12.493000
12.485000
12.478000
12.471000
12.467000
12.464000
12.452000
12.448000
12.445000
12.437000
12.428000
12.422000
12.418000
12.410000
12.403000
12.396000
12.393000
12.387000
12.380000
12.372000
12.359000
12.355000
12.350000
12.344000
12.336000
12.332000
12.325000
12.320000
12.314000
12.311000
12.305000
12.294000
12.289000
12.282000
12.277000
12.265000
12.253000
12.250000
12.241000
12.234000
12.227000
12.221000
12.216000
12.209000
12.200000
12.192000
12.188000
12.185000
12.177000
12.170000
12.163000
12.157000
12.151000
12.145000
12.140000
12.133000
12.130000
12.126000
12.118000
12.112000
12.105000
12.103000
12.100000
12.094000
12.090000
12.082000
12.074000
12.070000
12.065000
12.060000
12.053000
12.052000
12.041000
12.036000
12.028000
12.022000
12.013000
12.009000
12.000000
11.991000
11.984000
11.977000
11.970000
11.961000
11.958000
11.951000
11.943000
11.938000
11.933000
11.929000
11.917000
11.912000
11.906000
11.903000
11.896000
11.890000
11.883000
11.877000
11.872000
11.868000
11.866000
11.860000
11.851000
11.847000
11.839000
11.834000
11.831000
11.827000
11.822000
11.820000
11.812000
11.806000
11.800000
11.791000
11.787000
11.780000
11.773000
11.767000
11.762000
11.757000
11.753000
11.746000
11.743000
11.735000
11.726000
11.721000
11.710000
11.707000
11.701000
11.700000
11.691000
11.686000
11.682000
11.679000
11.674000
11.665000
11.661000
11.653000
11.652000
11.651000
11.643000
11.634000
11.631000
11.624000
11.615000
11.609000
11.603000
11.598000
11.595000
11.593000
11.586000
11.584000
11.576000
11.572000
11.566000
11.562000
11.551000
11.550000
11.543000
11.540000
11.530000
11.520000
11.518000
11.515000
11.502000
11.497000
11.491000
11.485000
11.480000
11.473000
11.467000
11.464000
11.462000
11.458000
11.452000
11.443000
11.435000
11.429000
11.425000
11.419000
11.418000
11.414000
11.404000
11.397000
11.394000
11.393000
11.386000
11.385000
11.379000
11.366000
11.359000
11.352000
11.347000
11.339000
11.330000
11.321000
11.318000
11.311000
11.307000
11.301000
11.297000
11.287000
11.285000
11.280000
11.277000
11.271000
11.266000
11.260000
11.255000
11.252000
11.240000
11.231000
11.224000
11.220000
11.214000
11.209000
11.206000
11.203000
11.196000
11.193000
11.189000
11.184000
11.178000
11.173000
11.170000
11.166000
11.163000
11.160000
11.155000
11.149000
11.145000
11.143000
11.137000
11.132000
11.126000
11.119000
11.114000
11.105000
11.098000
11.093000
11.086000
11.081000
11.074000
11.066000
11.060000
11.053000
11.047000
11.043000
11.038000
11.030000
11.022000
11.016000
11.008000
11.003000
10.994000
10.988000
10.982000
10.971000
10.964000
10.957000
10.950000
10.941000
10.933000
10.927000
10.924000
10.915000
10.911000
10.903000
10.893000
10.888000
10.877000
10.872000
10.869000
10.861000
10.856000
10.853000
10.846000
10.839000
10.829000
10.825000
10.822000
10.818000
10.813000
10.807000
10.797000
10.793000
10.789000
10.784000
10.782000
10.776000
10.767000
10.760000
10.756000
10.748000
10.744000
10.738000
10.734000
10.733000
10.730000
10.726000
10.721000
10.715000
10.712000
10.705000
10.701000
10.699000
10.695000
10.689000
10.683000
10.677000
10.674000
10.669000
10.663000
10.656000
10.653000
10.645000
10.637000
10.632000
10.627000
10.624000
10.621000
10.619000
10.614000
10.609000
10.602000
10.598000
10.590000
10.585000
10.583000
10.581000
10.576000
10.571000
10.567000
10.563000
10.555000
10.549000
10.546000
10.536000
10.534000
10.531000
10.524000
10.521000
10.513000
10.510000
10.505000
10.497000
10.494000
10.489000
10.484000
10.478000
10.468000
10.462000
10.457000
10.450000
10.449000
10.445000
10.440000
10.431000
10.426000
10.421000
10.418000
10.414000
10.410000
10.407000
10.400000
10.392000
10.385000
10.377000
10.371000
10.369000
10.357000
10.347000
10.337000
10.335000
10.332000
10.327000
10.322000
10.315000
10.308000
10.302000
10.301000
10.298000
10.290000
10.286000
10.282000
10.279000
10.274000
10.271000
10.270000
10.267000
10.263000
10.255000
10.253000
10.248000
10.242000
10.239000
10.234000
10.229000
10.222000
10.217000
10.214000
10.214000
10.210000
10.201000
10.196000
10.190000
10.185000
10.177000
10.174000
10.168000
10.164000
10.158000
10.154000
10.150000
10.142000
10.133000
10.125000
10.119000
10.116000
10.109000
10.106000
10.100000
10.094000
10.089000
10.084000
10.083000
10.080000
10.074000
10.068000
10.063000
10.059000
10.057000
10.048000
10.041000
10.034000
10.029000
10.017000
10.016000
10.009000
10.008000
10.000000
9.994000
9.991000
9.987000
9.984000
9.979000
9.978000
9.968000
9.959000
9.955000
9.951000
9.940000
9.932000
9.927000
9.924000
9.919000
9.913000
9.908000
9.903000
9.899000
9.895000
9.886000
9.881000
9.874000
9.872000
9.868000
9.862000
9.851000
9.846000
9.840000
9.834000
9.822000
9.817000
9.813000
9.807000
9.804000
9.801000
9.795000
9.792000
9.787000
9.786000
9.781000
9.772000
9.766000
9.758000
9.749000
9.745000
9.745000
9.741000
9.733000
9.727000
9.724000
9.715000
9.709000
9.701000
9.698000
9.691000
9.690000
9.682000
9.681000
9.677000
9.673000
9.667000
9.663000
9.656000
9.653000
9.651000
9.649000
9.644000
9.640000
9.635000
9.630000
9.623000
9.619000
9.611000
9.600000
9.594000
9.590000
9.584000
9.581000
9.576000
9.572000
9.569000
9.560000
9.558000
9.549000
9.544000
9.542000
9.536000
9.527000
9.522000
9.515000
9.507000
9.502000
9.495000
9.489000
9.482000
9.478000
9.476000
9.470000
9.463000
9.459000
9.456000
9.454000
9.448000
9.446000
9.440000
9.436000
9.431000
9.429000
9.425000
9.422000
9.417000
9.413000
9.409000
9.405000
9.401000
9.398000
9.392000
9.386000
9.383000
9.379000
9.376000
9.371000
9.367000
9.364000
9.359000
9.357000
9.354000
9.349000
9.344000
9.336000
9.331000
9.325000
9.320000
9.314000
9.312000
9.308000
9.303000
9.302000
9.298000
9.293000
9.285000
9.278000
9.272000
9.269000
9.261000
9.256000
9.254000
9.253000
9.250000
9.245000
9.241000
9.236000
9.232000
9.225000
9.223000
9.218000
9.209000
9.205000
9.197000
9.195000
9.191000
9.187000
9.182000
9.180000
9.177000
9.172000
9.168000
9.162000
9.155000
9.151000
9.147000
9.143000
9.138000
9.135000
9.129000
9.126000
9.122000
9.118000
9.112000
9.106000
9.101000
9.099000
9.094000
9.094000
9.088000
9.085000
9.082000
9.079000
9.075000
9.069000
9.068000
9.064000
9.061000
9.056000
9.050000
9.047000
9.039000
9.038000
9.030000
9.024000
9.021000
9.016000
9.006000
9.004000
9.003000
8.998000
8.994000
8.987000
8.984000
8.983000
8.983000
8.980000
8.968000
8.959000
8.957000
8.955000
8.951000
8.947000
8.944000
8.937000
8.932000
8.930000
8.926000
8.918000
8.914000
8.908000
8.903000
8.897000
8.894000
8.886000
8.880000
8.876000
8.873000
8.871000
8.866000
8.858000
8.851000
8.846000
8.840000
8.837000
8.833000
8.831000
8.823000
8.822000
8.818000
8.815000
8.814000
8.810000
8.805000
8.802000
8.798000
8.795000
8.793000
8.787000
8.782000
8.776000
8.771000
8.767000
8.765000
8.762000
8.757000
8.753000
8.748000
8.743000
8.742000
8.737000
8.732000
8.729000
8.723000
8.721000
8.718000
8.713000
8.706000
8.699000
8.696000
8.693000
8.691000
8.689000
8.683000
8.679000
8.673000
8.669000
8.667000
8.663000
8.658000
8.656000
8.647000
8.639000
8.637000
8.632000
8.624000
8.617000
8.613000
8.609000
8.605000
8.601000
8.598000
8.593000
8.592000
8.587000
8.587000
8.583000
8.579000
8.575000
8.567000
8.564000
8.554000
8.548000
8.546000
8.545000
8.543000
8.538000
8.534000
8.531000
8.530000
8.528000
8.524000
8.517000
8.510000
8.506000
8.499000
8.494000
8.493000
8.489000
8.488000
8.483000
8.476000
8.473000
8.468000
8.464000
8.458000
8.452000
8.448000
8.441000
8.437000
8.435000
8.433000
8.428000
8.423000
8.416000
8.413000
8.412000
8.412000
8.406000
8.402000
8.398000
8.394000
8.390000
8.388000
8.382000
8.375000
8.371000
8.364000
8.361000
8.358000
8.350000
8.344000
8.338000
8.331000
8.325000
8.323000
8.318000
8.314000
8.307000
8.302000
8.296000
8.291000
8.286000
8.280000
8.275000
8.269000
8.267000
8.263000
8.259000
8.257000
8.256000
8.249000
8.242000
8.233000
8.228000
8.223000
8.220000
8.216000
8.213000
8.207000
8.203000
8.198000
8.194000
8.189000
8.184000
8.178000
8.175000
8.171000
8.167000
8.160000
8.156000
8.148000
8.142000
8.140000
8.137000
8.133000
8.128000
8.124000
8.122000
8.118000
8.112000
8.109000
8.107000
8.105000
8.099000
8.096000
8.092000
8.092000
8.089000
8.087000
8.083000
8.080000
8.074000
8.071000
8.067000
8.061000
8.056000
8.048000
8.045000
8.041000
8.037000
8.034000
8.030000
8.027000
8.024000
8.021000
8.017000
8.012000
8.008000
8.004000
7.999000
7.996000
7.995000
7.992000
7.991000
7.983000
7.981000
7.975000
7.972000
7.971000
7.965000
7.954000
7.951000
7.943000
7.940000
7.933000
7.931000
7.928000
7.922000
7.919000
7.914000
7.911000
7.904000
7.903000
7.897000
7.896000
7.894000
7.890000
7.886000
7.883000
7.878000
7.875000
7.873000
7.870000
7.865000
7.862000
7.857000
7.852000
7.847000
7.845000
7.841000
7.840000
7.837000
7.835000
7.828000
7.823000
7.819000
7.816000
7.813000
7.808000
7.803000
7.800000
7.798000
7.795000
7.793000
7.790000
7.787000
7.783000
7.778000
7.776000
7.772000
7.765000
7.764000
7.759000
7.758000
7.753000
7.751000
7.744000
7.742000
7.739000
7.735000
7.733000
7.728000
7.727000
7.721000
7.717000
7.714000
7.708000
7.705000
7.700000
7.696000
7.691000
7.683000
7.676000
7.674000
7.670000
7.666000
7.659000
7.653000
7.650000
7.648000
7.643000
7.636000
7.632000
7.630000
7.627000
7.624000
7.622000
7.619000
7.615000
7.611000
7.608000
7.604000
7.601000
7.598000
7.596000
7.595000
7.590000
7.581000
7.573000
7.571000
7.569000
7.569000
7.567000
7.563000
7.562000
7.562000
7.560000
7.556000
7.549000
7.544000
7.539000
7.535000
7.531000
7.526000
7.521000
7.518000
7.514000
7.513000
7.512000
7.511000
7.507000
7.503000
7.501000
7.497000
7.493000
7.492000
7.488000
7.486000
7.479000
7.478000
7.475000
7.473000
7.469000
7.466000
7.460000
7.457000
7.456000
7.450000
7.450000
7.449000
7.447000
7.439000
7.438000
7.433000
7.428000
7.424000
7.423000
7.419000
7.413000
7.411000
7.406000
7.402000
7.400000
7.399000
7.396000
7.393000
7.383000
7.376000
7.369000
7.367000
7.366000
7.363000
7.361000
7.356000
7.353000
7.351000
7.348000
7.344000
7.342000
7.337000
7.335000
7.335000
7.327000
7.320000
7.317000
7.314000
7.313000
7.309000
7.308000
7.301000
7.299000
7.296000
7.292000
7.287000
7.282000
7.278000
7.275000
7.273000
7.267000
7.265000
7.262000
7.261000
7.255000
7.252000
7.247000
7.242000
7.239000
7.236000
7.231000
7.226000
7.225000
7.221000
7.217000
7.213000
7.208000
7.205000
7.200000
7.192000
7.186000
7.184000
7.179000
7.177000
7.176000
7.174000
7.174000
7.171000
7.167000
7.164000
7.162000
7.156000
7.150000
7.145000
7.142000
7.140000
7.136000
7.132000
7.129000
7.125000
7.119000
7.111000
7.107000
7.103000
7.099000
7.097000
7.093000
7.088000
7.084000
7.082000
7.078000
7.074000
7.072000
7.069000
7.068000
7.064000
7.058000
7.057000
7.055000
7.050000
7.047000
7.042000
7.041000
7.038000
7.032000
7.028000
7.027000
7.022000
7.017000
7.013000
7.010000
7.008000
7.004000
7.003000
7.002000
7.000000
6.996000
6.991000
6.988000
6.987000
6.982000
6.977000
6.971000
6.970000
6.969000
6.968000
6.965000
6.962000
6.960000
6.958000
6.956000
6.954000
6.949000
6.944000
6.938000
6.932000
6.929000
6.927000
6.924000
6.922000
6.920000
6.920000
6.917000
6.914000
6.910000
6.905000
6.903000
6.900000
6.897000
6.894000
6.890000
6.889000
6.883000
6.880000
6.877000
6.873000
6.871000
6.870000
6.867000
6.864000
6.861000
6.859000
6.852000
6.849000
6.845000
6.842000
6.839000
6.834000
6.830000
6.826000
6.824000
6.819000
6.815000
6.813000
6.810000
6.809000
6.802000
6.801000
6.796000
6.795000
6.791000
6.788000
6.787000
6.784000
6.781000
6.775000
6.771000
6.769000
6.766000
6.762000
6.759000
6.755000
6.754000
6.748000
6.746000
6.739000
6.737000
6.731000
6.728000
6.727000
6.722000
6.719000
6.715000
6.713000
6.713000
6.709000
6.706000
6.706000
6.703000
6.700000
6.699000
6.697000
6.696000
6.695000
6.690000
6.683000
6.679000
6.676000
6.671000
6.666000
6.665000
6.664000
6.663000
6.658000
6.655000
6.650000
6.645000
6.640000
6.636000
6.635000
6.633000
6.632000
6.629000
6.624000
6.619000
6.615000
6.610000
6.606000
6.603000
6.600000
6.594000
6.592000
6.586000
6.581000
6.580000
6.578000
6.575000
6.573000
6.570000
6.563000
6.558000
6.555000
6.553000
6.549000
6.544000
6.541000
6.538000
6.536000
6.530000
6.529000
6.527000
6.525000
6.521000
6.519000
6.517000
6.514000
6.512000
6.510000
6.507000
6.505000
6.499000
6.494000
6.490000
6.489000
6.487000
6.484000
6.482000
6.481000
6.476000
6.475000
6.474000
6.468000
6.464000
6.459000
6.457000
6.452000
6.447000
6.445000
6.442000
6.439000
6.435000
6.431000
6.426000
6.421000
6.420000
6.420000
6.417000
6.413000
6.411000
6.404000
6.400000
6.397000
6.394000
6.392000
6.390000
6.388000
6.385000
6.385000
6.380000
6.375000
6.373000
6.370000
6.364000
6.360000
6.357000
6.352000
6.351000
6.348000
6.345000
6.339000
6.338000
6.337000
6.334000
6.328000
6.325000
6.323000
6.321000
6.318000
6.316000
6.314000
6.309000
6.307000
6.305000
6.300000
6.293000
6.290000
6.289000
6.287000
6.286000
6.284000
6.283000
6.276000
6.275000
6.272000
6.270000
6.265000
6.264000
6.262000
6.258000
6.256000
6.253000
6.252000
6.248000
6.245000
6.239000
6.236000
6.233000
6.228000
6.227000
6.223000
6.218000
6.214000
6.211000
6.210000
6.208000
6.206000
6.203000
6.201000
6.199000
6.197000
6.194000
6.190000
6.190000
6.187000
6.184000
6.182000
6.180000
6.178000
6.172000
6.166000
6.160000
6.154000
6.152000
6.149000
6.148000
6.144000
6.139000
6.138000
6.136000
6.132000
6.127000
6.125000
6.122000
6.121000
6.116000
6.115000
6.111000
6.109000
6.103000
6.100000
6.099000
6.094000
6.092000
6.092000
6.090000
6.088000
6.086000
6.084000
6.082000
6.078000
6.075000
6.070000
6.067000
6.064000
6.060000
6.054000
6.054000
6.048000
6.048000
6.046000
6.042000
6.039000
6.037000
6.036000
6.036000
6.036000
6.032000
6.032000
6.027000
6.022000
6.019000
6.011000
6.009000
6.004000
6.003000
5.997000
5.995000
5.992000
5.988000
5.985000
5.984000
5.982000
5.977000
5.974000
5.971000
5.967000
5.965000
5.964000
5.962000
5.959000
5.955000
5.949000
5.946000
5.945000
5.942000
5.940000
5.934000
5.934000
5.932000
5.930000
5.926000
5.917000
5.913000
5.908000
5.903000
5.899000
5.896000
5.891000
5.889000
5.888000
5.884000
5.881000
5.878000
5.877000
5.876000
5.875000
5.874000
5.870000
5.868000
5.865000
5.862000
5.859000
5.856000
5.854000
5.853000
5.850000
5.850000
5.845000
5.842000
5.839000
5.837000
5.834000
5.832000
5.831000
5.830000
5.827000
5.824000
5.823000
5.818000
5.814000
5.809000
5.806000
5.803000
5.802000
5.801000
5.795000
5.793000
5.791000
5.788000
5.787000
5.783000
5.781000
5.777000
5.775000
5.774000
5.773000
5.768000
5.765000
5.763000
5.760000
5.758000
5.751000
5.748000
5.744000
5.743000
5.739000
5.739000
5.737000
5.732000
5.729000
5.728000
5.725000
5.723000
5.717000
5.712000
5.710000
5.708000
5.706000
5.705000
5.701000
5.697000
5.693000
5.690000
5.686000
5.685000
5.684000
5.679000
5.678000
5.676000
5.675000
5.672000
5.670000
5.665000
5.663000
5.660000
5.657000
5.651000
5.650000
5.650000
5.649000
5.648000
5.644000
5.642000
5.641000
5.639000
5.636000
5.636000
5.631000
5.626000
5.624000
5.621000
5.617000
5.611000
5.608000
5.606000
5.602000
5.598000
5.595000
5.593000
5.590000
5.589000
5.586000
5.586000
5.582000
5.581000
5.578000
5.573000
5.572000
5.570000
5.566000
5.561000
5.556000
5.555000
5.553000
5.549000
5.547000
5.544000
5.539000
5.537000
5.535000
5.532000
5.530000
5.526000
5.522000
5.521000
5.516000
5.512000
5.509000
5.507000
5.504000
5.501000
5.498000
5.495000
5.494000
5.490000
5.488000
5.485000
5.483000
5.480000
5.479000
5.477000
5.473000
5.472000
5.466000
5.463000
5.460000
5.457000
5.456000
5.452000
5.449000
5.446000
5.441000
5.440000
5.435000
5.430000
5.429000
5.426000
5.426000
5.422000
5.422000
5.421000
5.419000
5.415000
5.410000
5.405000
5.398000
5.397000
5.394000
5.390000
5.386000
5.383000
5.382000
5.378000
5.374000
5.373000
5.368000
5.366000
5.361000
5.357000
5.354000
5.349000
5.347000
5.346000
5.343000
5.342000
5.340000
5.339000
5.337000
5.334000
5.330000
5.328000
5.324000
5.322000
5.320000
5.317000
5.315000
5.313000
5.311000
5.306000
5.302000
5.297000
5.296000
5.293000
5.290000
5.289000
5.287000
5.285000
5.282000
5.280000
5.277000
5.275000
5.273000
5.268000
5.268000
5.266000
5.266000
5.263000
5.260000
5.259000
5.256000
5.254000
5.250000
5.250000
5.247000
5.244000
5.242000
5.238000
5.234000
5.232000
5.230000
5.228000
5.224000
5.221000
5.218000
5.217000
5.217000
5.217000
5.212000
5.212000
5.209000
5.208000
5.207000
5.207000
5.206000
5.205000
5.201000
5.197000
5.197000
5.195000
5.189000
5.186000
5.183000
5.180000
5.177000
5.175000
5.173000
5.170000
5.166000
5.164000
5.159000
5.157000
5.156000
5.156000
5.152000
5.149000
5.147000
5.145000
5.142000
5.140000
5.138000
5.135000
5.135000
5.132000
5.126000
5.126000
5.125000
5.118000
5.118000
5.117000
5.113000
5.109000
5.107000
5.097000
5.094000
5.094000
5.091000
5.088000
5.084000
5.082000
5.082000
5.074000
5.072000
5.072000
5.072000
5.068000
5.066000
5.063000
5.060000
5.056000
5.054000
5.052000
5.048000
5.048000
5.043000
5.039000
5.038000
5.035000
5.030000
5.028000
5.027000
5.026000
5.025000
5.021000
5.020000
5.019000
5.014000
5.012000
5.009000
5.009000
5.006000
5.002000
5.000000
4.996000
4.993000
4.992000
4.988000
4.986000
4.985000
4.980000
4.978000
4.977000
4.976000
4.974000
4.972000
4.965000
4.961000
4.960000
4.958000
4.957000
4.955000
4.954000
4.951000
4.948000
4.946000
4.944000
4.940000
4.938000
4.937000
4.935000
4.930000
4.930000
4.924000
4.922000
4.919000
4.915000
4.910000
4.906000
4.906000
4.904000
4.903000
4.901000
4.893000
4.886000
4.883000
4.880000
4.875000
4.872000
4.872000
4.869000
4.867000
4.867000
4.865000
4.864000
4.862000
4.860000
4.860000
4.860000
4.857000
4.857000
4.852000
4.849000
4.848000
4.847000
4.844000
4.843000
4.842000
4.841000
4.840000
4.839000
4.838000
4.835000
4.830000
4.828000
4.828000
4.825000
4.822000
4.821000
4.818000
4.816000
4.815000
4.815000
4.811000
4.809000
4.805000
4.803000
4.802000
4.800000
4.799000
4.796000
4.795000
4.792000
4.791000
4.790000
4.786000
4.786000
4.783000
4.780000
4.778000
4.774000
4.770000
4.763000
4.763000
4.760000
4.759000
4.757000
4.756000
4.753000
4.751000
4.747000
4.746000
4.745000
4.742000
4.741000
4.737000
4.735000
4.733000
4.731000
4.726000
4.725000
4.723000
4.722000
4.721000
4.717000
4.713000
4.711000
4.710000
4.706000
4.705000
4.704000
4.699000
4.696000
4.696000
4.695000
4.693000
4.691000
4.689000
4.689000
4.686000
4.683000
4.679000
4.677000
4.671000
4.671000
4.668000
4.668000
4.666000
4.662000
4.658000
4.657000
4.655000
4.652000
4.651000
4.650000
4.646000
4.646000
4.644000
4.643000
4.641000
4.640000
4.639000
4.639000
4.636000
4.635000
4.632000
4.627000
4.623000
4.620000
4.617000
4.615000
4.613000
4.612000
4.611000
4.610000
4.609000
4.608000
4.606000
4.604000
4.600000
4.598000
4.596000
4.593000
4.592000
4.589000
4.589000
4.586000
4.583000
4.583000
4.581000
4.580000
4.577000
4.575000
4.570000
4.569000
4.568000
4.564000
4.563000
4.562000
4.561000
4.559000
4.558000
4.554000
4.553000
4.552000
4.551000
4.548000
4.546000
4.546000
4.543000
4.539000
4.537000
4.537000
4.534000
4.532000
4.532000
4.527000
4.525000
4.523000
4.522000
4.520000
4.518000
4.516000
4.515000
4.511000
4.507000
4.506000
4.504000
4.504000
4.503000
4.503000
4.500000
4.497000
4.496000
4.493000
4.491000
4.489000
4.485000
4.481000
4.479000
4.475000
4.473000
4.473000
4.472000
4.471000
4.467000
4.464000
4.463000
4.462000
4.461000
4.460000
4.460000
4.457000
4.454000
4.454000
4.454000
4.449000
4.448000
4.448000
4.445000
4.440000
4.439000
4.439000
4.437000
4.434000
4.432000
4.430000
4.428000
4.426000
4.426000
4.424000
4.417000
4.416000
4.413000
4.413000
4.410000
4.409000
4.407000
4.404000
4.404000
4.401000
4.398000
4.395000
4.394000
4.393000
4.392000
4.388000
4.384000
4.383000
4.377000
4.372000
4.369000
4.367000
4.364000
4.364000
4.359000
4.358000
4.354000
4.351000
4.349000
4.345000
4.341000
4.338000
4.336000
4.331000
4.328000
4.325000
4.321000
4.315000
4.315000
4.312000
4.311000
4.307000
4.303000
4.302000
4.298000
4.295000
4.294000
4.293000
4.292000
4.290000
4.290000
4.289000
4.288000
4.286000
4.284000
4.282000
4.282000
4.280000
4.280000
4.279000
4.278000
4.275000
4.274000
4.273000
4.268000
4.267000
4.264000
4.261000
4.259000
4.255000
4.253000
4.247000
4.246000
4.243000
4.240000
4.237000
4.235000
4.234000
4.234000
4.232000
4.229000
4.225000
4.224000
4.223000
4.221000
4.220000
4.216000
4.213000
4.210000
4.207000
4.207000
4.206000
4.205000
4.202000
4.199000
4.191000
4.190000
4.188000
4.187000
4.186000
4.186000
4.186000
4.185000
4.181000
4.181000
4.179000
4.176000
4.174000
4.172000
4.172000
4.172000
4.171000
4.168000
4.168000
4.168000
4.168000
4.164000
4.162000
4.159000
4.155000
4.153000
4.151000
4.148000
4.145000
4.144000
4.142000
4.141000
4.139000
4.136000
4.132000
4.131000
4.129000
4.129000
4.127000
4.125000
4.125000
4.123000
4.123000
4.121000
4.119000
4.117000
4.114000
4.110000
4.110000
4.105000
4.103000
4.101000
4.101000
4.099000
4.098000
4.097000
4.095000
4.094000
4.091000
4.087000
4.084000
4.083000
4.083000
4.083000
4.081000
4.077000
4.076000
4.074000
4.071000
4.069000
4.068000
4.067000
4.064000
4.063000
4.061000
4.058000
4.056000
4.054000
4.053000
4.051000
4.051000
4.045000
4.045000
4.044000
4.041000
4.041000
4.040000
4.038000
4.036000
4.033000
4.030000
4.027000
4.025000
4.023000
4.019000
4.019000
4.017000
4.013000
4.009000
4.007000
4.004000
4.000000
4.000000
3.998000
3.997000
3.994000
3.993000
3.989000
3.987000
3.983000
3.980000
3.980000
3.980000
3.979000
3.978000
3.976000
3.973000
3.971000
3.970000
3.967000
3.966000
3.965000
3.962000
3.961000
3.960000
3.959000
3.957000
3.951000
3.950000
3.948000
3.947000
3.944000
3.942000
3.940000
3.939000
3.938000
3.933000
3.932000
3.931000
3.930000
3.927000
3.926000
3.926000
3.925000
3.923000
3.920000
3.916000
3.912000
3.911000
3.910000
3.908000
3.907000
3.905000
3.902000
3.899000
3.898000
3.893000
3.891000
3.889000
3.889000
3.887000
3.885000
3.883000
3.878000
3.875000
3.873000
3.869000
3.867000
3.865000
3.863000
3.861000
3.857000
3.856000
3.854000
3.853000
3.852000
3.851000
3.849000
3.846000
3.843000
3.842000
3.839000
3.839000
3.837000
3.834000
3.832000
3.829000
3.827000
3.826000
3.822000
3.821000
3.819000
3.818000
3.814000
3.812000
3.808000
3.807000
3.804000
3.804000
3.803000
3.797000
3.796000
3.795000
3.792000
3.788000
3.787000
3.785000
3.785000
3.781000
3.780000
3.778000
3.778000
3.778000
3.775000
3.772000
3.772000
3.768000
3.767000
3.764000
3.761000
3.759000
3.757000
3.756000
3.753000
3.753000
3.750000
3.749000
3.749000
3.746000
3.745000
3.744000
3.744000
3.739000
3.739000
3.737000
3.736000
3.732000
3.731000
3.729000
3.728000
3.726000
3.725000
3.724000
3.722000
3.720000
3.718000
3.716000
3.714000
3.714000
3.714000
3.713000
3.713000
3.711000
3.708000
3.704000
3.701000
3.701000
3.699000
3.697000
3.695000
3.695000
3.692000
3.688000
3.686000
3.683000
3.681000
3.680000
3.680000
3.677000
3.674000
3.671000
3.668000
3.667000
3.664000
3.658000
3.657000
3.656000
3.655000
3.653000
3.653000
3.653000
3.652000
3.652000
3.649000
3.648000
3.646000
3.644000
3.641000
3.639000
3.638000
3.636000
3.633000
3.630000
3.629000
3.627000
3.627000
3.626000
3.624000
3.623000
3.621000
3.618000
3.616000
3.613000
3.612000
3.610000
3.608000
3.603000
3.600000
3.595000
3.593000
3.588000
3.585000
3.582000
3.581000
3.580000
3.575000
3.574000
3.572000
3.571000
3.571000
3.570000
3.569000
3.568000
3.566000
3.564000
3.563000
3.560000
3.559000
3.558000
3.555000
3.554000
3.552000
3.548000
3.547000
3.546000
3.545000
3.543000
3.541000
3.539000
3.537000
3.536000
3.535000
3.532000
3.530000
3.529000
3.528000
3.527000
3.526000
3.526000
3.525000
3.523000
3.519000
3.516000
3.513000
3.512000
3.511000
3.510000
3.507000
3.505000
3.502000
3.501000
3.497000
3.496000
3.495000
3.494000
3.493000
3.492000
3.491000
3.491000
3.491000
3.490000
3.488000
3.487000
3.484000
3.482000
3.478000
3.475000
3.474000
3.472000
3.470000
3.467000
3.466000
3.466000
3.465000
3.462000
3.460000
3.459000
3.455000
3.453000
3.453000
3.452000
3.452000
3.451000
3.448000
3.445000
3.443000
3.442000
3.439000
3.439000
3.436000
3.434000
3.433000
3.431000
3.429000
3.427000
3.425000
3.423000
3.423000
3.423000
3.421000
3.416000
3.415000
3.414000
3.412000
3.411000
3.410000
3.408000
3.408000
3.407000
3.406000
3.406000
3.406000
3.404000
3.403000
3.401000
3.401000
3.399000
3.397000
3.396000
3.394000
3.393000
3.387000
3.385000
3.384000
3.381000
3.380000
3.379000
3.376000
3.374000
3.374000
3.372000
3.370000
3.369000
3.367000
3.365000
3.361000
3.359000
3.358000
3.356000
3.354000
3.352000
3.349000
3.347000
3.346000
3.345000
3.344000
3.342000
3.338000
3.334000
3.333000
3.332000
3.331000
3.330000
3.330000
3.329000
3.327000
3.325000
3.324000
3.323000
3.323000
3.321000
3.319000
3.319000
3.318000
3.318000
3.318000
3.317000
3.314000
3.311000
3.309000
3.306000
3.303000
3.303000
3.301000
3.298000
3.297000
3.296000
3.294000
3.292000
3.290000
3.289000
3.288000
3.288000
3.286000
3.285000
3.285000
3.283000
3.282000
3.282000
3.280000
3.280000
3.279000
3.276000
3.274000
3.274000
3.271000
3.268000
3.268000
3.267000
3.264000
3.260000
3.258000
3.255000
3.255000
3.254000
3.252000
3.251000
3.251000
3.249000
3.246000
3.246000
3.244000
3.240000
3.239000
3.234000
3.232000
3.232000
3.230000
3.229000
3.229000
3.229000
3.226000
3.224000
3.221000
3.216000
3.215000
3.213000
3.212000
3.212000
3.211000
3.211000
3.208000
3.208000
3.206000
3.206000
3.204000
3.201000
3.200000
3.199000
3.195000
3.195000
3.193000
3.189000
3.188000
3.185000
3.183000
3.180000
3.178000
3.177000
3.174000
3.173000
3.173000
3.171000
3.169000
3.167000
3.167000
3.166000
3.164000
3.164000
3.164000
3.162000
3.162000
3.159000
3.156000
3.154000
3.153000
3.152000
3.152000
3.149000
3.149000
3.149000
3.146000
3.146000
3.144000
3.144000
3.141000
3.140000
3.140000
3.139000
3.138000
3.135000
3.135000
3.133000
3.131000
3.130000
3.130000
3.127000
3.125000
3.125000
3.123000
3.120000
3.120000
3.120000
3.118000
3.116000
3.115000
3.114000
3.113000
3.112000
3.112000
3.112000
3.109000
3.107000
3.103000
3.101000
3.099000
3.098000
3.096000
3.096000
3.095000
3.093000
3.091000
3.091000
3.090000
3.089000
3.085000
3.085000
3.084000
3.084000
3.081000
3.078000
3.075000
3.074000
3.072000
3.069000
3.068000
3.068000
3.065000
3.065000
3.060000
3.058000
3.058000
3.057000
3.054000
3.052000
3.048000
3.045000
3.045000
3.043000
3.043000
3.041000
3.039000
3.038000
3.035000
3.035000
3.033000
3.031000
3.030000
3.029000
3.028000
3.026000
3.026000
3.025000
3.023000
3.023000
3.021000
3.020000
3.018000
3.016000
3.015000
3.012000
3.010000
3.008000
3.008000
3.008000
3.005000
3.003000
3.001000
2.999000
2.997000
2.993000
2.991000
2.990000
2.990000
2.990000
2.988000
2.986000
2.986000
2.982000
2.978000
2.978000
2.977000
2.975000
2.975000
2.975000
2.974000
2.974000
2.972000
2.970000
2.969000
2.967000
2.965000
2.963000
2.963000
2.961000
2.961000
2.958000
2.957000
2.956000
2.956000
2.954000
2.950000
2.948000
2.947000
2.944000
2.943000
2.940000
2.939000
2.937000
2.936000
2.934000
2.934000
2.933000
2.932000
2.931000
2.930000
2.929000
2.928000
2.925000
2.924000
2.922000
2.921000
2.921000
2.921000
2.919000
2.919000
2.918000
2.916000
2.913000
2.913000
2.912000
2.908000
2.908000
2.907000
2.905000
2.904000
2.903000
2.903000
2.901000
2.898000
2.893000
2.892000
2.891000
2.891000
2.891000
2.890000
2.888000
2.886000
2.885000
2.885000
2.881000
2.879000
2.878000
2.878000
2.877000
2.876000
2.873000
2.871000
2.869000
2.869000
2.868000
2.868000
2.866000
2.865000
2.865000
2.865000
2.863000
2.862000
2.861000
2.860000
2.858000
2.857000
2.856000
2.852000
2.851000
2.848000
2.848000
2.845000
2.844000
2.844000
2.844000
2.843000
2.843000
2.841000
2.840000
2.837000
2.837000
2.835000
2.835000
2.833000
2.831000
2.829000
2.829000
2.829000
2.829000
2.829000
2.828000
2.828000
2.826000
2.825000
2.824000
2.824000
2.824000
2.819000
2.818000
2.814000
2.813000
2.813000
2.811000
2.809000
2.806000
2.805000
2.805000
2.803000
2.803000
2.802000
2.799000
2.796000
2.796000
2.796000
2.793000
2.791000
2.790000
2.789000
2.787000
2.784000
2.784000
2.783000
2.783000
2.781000
2.781000
2.780000
2.777000
2.776000
2.773000
2.773000
2.771000
2.770000
2.770000
2.768000
2.768000
2.767000
2.764000
2.763000
2.761000
2.760000
2.758000
2.756000
2.755000
2.755000
2.754000
2.752000
2.752000
2.752000
2.751000
2.749000
2.748000
2.746000
2.744000
2.743000
2.743000
2.742000
2.739000
2.739000
2.737000
2.734000
2.733000
2.733000
2.731000
2.731000
2.731000
2.731000
2.729000
2.727000
2.726000
2.725000
2.724000
2.723000
2.722000
2.721000
2.719000
2.718000
2.717000
2.716000
2.715000
2.712000
2.712000
2.710000
2.709000
2.706000
2.706000
2.702000
2.700000
2.700000
2.699000
2.698000
2.698000
2.694000
2.693000
2.691000
2.688000
2.688000
2.688000
2.687000
2.686000
2.685000
2.684000
2.683000
2.683000
2.681000
2.680000
2.677000
2.676000
2.676000
2.676000
2.674000
2.672000
2.671000
2.666000
2.666000
2.663000
2.660000
2.659000
2.656000
2.655000
2.655000
2.654000
2.650000
2.649000
2.648000
2.647000
2.645000
2.644000
2.643000
2.643000
2.642000
2.640000
2.640000
2.639000
2.637000
2.637000
2.635000
2.635000
2.633000
2.633000
2.632000
2.629000
2.628000
2.625000
2.623000
2.623000
2.623000
2.622000
2.621000
2.620000
2.618000
2.617000
2.615000
2.614000
2.611000
2.611000
2.611000
2.609000
2.605000
2.604000
2.602000
2.598000
2.597000
2.596000
2.595000
2.594000
2.594000
2.594000
2.591000
2.591000
2.590000
2.589000
2.587000
2.584000
2.581000
2.580000
2.579000
2.578000
2.576000
2.575000
2.575000
2.574000
2.574000
2.572000
2.571000
2.570000
2.567000
2.567000
2.566000
2.562000
2.562000
2.561000
2.558000
2.557000
2.556000
2.556000
2.555000
2.554000
2.554000
2.551000
2.550000
2.550000
2.549000
2.548000
2.546000
2.546000
2.545000
2.543000
2.542000
2.541000
2.539000
2.538000
2.538000
2.536000
2.535000
2.535000
2.534000
2.534000
2.532000
2.529000
2.527000
2.526000
2.526000
2.526000
2.525000
2.523000
2.521000
2.519000
2.516000
2.515000
2.515000
2.514000
2.512000
2.512000
2.510000
2.510000
2.509000
2.508000
2.508000
2.507000
2.506000
2.504000
2.504000
2.504000
2.504000
2.502000
2.500000
2.498000
2.495000
2.495000
2.494000
2.493000
2.491000
2.489000
2.488000
2.486000
2.484000
2.483000
2.481000
2.478000
2.475000
2.471000
2.471000
2.469000
2.467000
2.467000
2.467000
2.464000
2.460000
2.459000
2.457000
2.455000
2.455000
2.455000
2.452000
2.451000
2.450000
2.450000
2.450000
2.450000
2.448000
2.444000
2.440000
2.439000
2.439000
2.438000
2.438000
2.437000
2.436000
2.436000
2.436000
2.435000
2.432000
2.431000
2.428000
2.428000
2.428000
2.427000
2.427000
2.427000
2.427000
2.426000
2.426000
2.425000
2.422000
2.421000
2.419000
2.417000
2.415000
2.412000
2.409000
2.409000
2.405000
2.404000
2.401000
2.399000
2.398000
2.396000
2.394000
2.393000
2.393000
2.392000
2.392000
2.391000
2.389000
2.389000
2.388000
2.387000
2.386000
2.385000
2.385000
2.382000
2.382000
2.382000
2.380000
2.378000
2.375000
2.374000
2.372000
2.371000
2.370000
2.370000
2.366000
2.366000
2.366000
2.366000
2.366000
2.366000
2.366000
2.366000
2.365000
2.363000
2.363000
2.362000
2.361000
2.359000
2.359000
2.356000
2.355000
2.355000
2.353000
2.353000
2.351000
2.350000
2.349000
2.347000
2.346000
2.344000
2.343000
2.341000
2.340000
2.339000
2.339000
2.335000
2.335000
2.335000
2.334000
2.333000
2.332000
2.331000
2.328000
2.326000
2.325000
2.324000
2.322000
2.321000
2.320000
2.320000
2.317000
2.316000
2.315000
2.313000
2.313000
2.311000
2.311000
2.311000
2.309000
2.307000
2.306000
2.306000
2.304000
2.303000
2.303000
2.303000
2.303000
2.303000
2.300000
2.298000
2.297000
2.296000
2.296000
2.294000
2.292000
2.291000
2.290000
2.288000
2.288000
2.286000
2.285000
2.283000
2.283000
2.282000
2.281000
2.280000
2.277000
2.275000
2.274000
2.273000
2.271000
2.269000
2.269000
2.269000
2.269000
2.268000
2.268000
2.266000
2.264000
2.260000
2.260000
2.258000
2.257000
2.257000
2.256000
2.254000
2.252000
2.252000
2.251000
2.250000
2.250000
2.248000
2.247000
2.247000
2.247000
2.247000
2.245000
2.243000
2.239000
2.238000
2.238000
2.237000
2.235000
2.235000
2.235000
2.235000
2.232000
2.232000
2.232000
2.231000
2.229000
2.228000
2.226000
2.226000
2.224000
2.224000
2.224000
2.223000
2.223000
2.223000
2.221000
2.220000
2.220000
2.220000
2.219000
2.218000
2.218000
2.217000
2.215000
2.214000
2.214000
2.213000
2.213000
2.213000
2.213000
2.212000
2.212000
2.210000
2.210000
2.210000
2.210000
2.209000
2.209000
2.208000
2.207000
2.207000
2.206000
2.206000
2.205000
2.203000
2.203000
2.200000
2.198000
2.196000
2.195000
2.195000
2.194000
2.194000
2.192000
2.187000
2.187000
2.183000
2.180000
2.176000
2.175000
2.171000
2.171000
2.170000
2.170000
2.169000
2.167000
2.167000
2.164000
2.162000
2.160000
2.160000
2.160000
2.159000
2.154000
2.153000
2.153000
2.153000
2.153000
2.153000
2.152000
2.152000
2.151000
2.149000
2.148000
2.147000
2.143000
2.142000
2.141000
2.140000
2.137000
2.137000
2.137000
2.135000
2.133000
2.131000
2.130000
2.129000
2.127000
2.125000
2.124000
2.123000
2.123000
2.121000
2.120000
2.118000
2.118000
2.118000
2.118000
2.118000
2.118000
2.117000
2.117000
2.116000
2.115000
2.113000
2.113000
2.111000
2.109000
2.107000
2.105000
2.105000
2.102000
2.101000
2.100000
2.098000
2.096000
2.095000
2.094000
2.093000
2.093000
2.090000
2.089000
2.089000
2.087000
2.086000
2.086000
2.085000
2.085000
2.085000
2.085000
2.083000
2.083000
2.083000
2.081000
2.080000
2.080000
2.080000
2.080000
2.079000
2.078000
2.078000
2.076000
2.076000
2.073000
2.073000
2.072000
2.070000
2.069000
2.069000
2.068000
2.067000
2.065000
2.065000
2.064000
2.064000
2.063000
2.061000
2.060000
2.059000
2.058000
2.057000
2.057000
2.055000
2.054000
2.051000
2.050000
2.049000
2.049000
2.047000
2.046000
2.045000
2.042000
2.041000
2.040000
2.038000
2.038000
2.037000
2.036000
2.034000
2.033000
2.032000
2.032000
2.031000
2.029000
2.029000
2.029000
2.027000
2.026000
2.024000
2.022000
2.020000
2.019000
2.019000
2.018000
2.015000
2.015000
2.015000
2.015000
2.014000
2.014000
2.013000
2.012000
2.012000
2.012000
2.012000
2.009000
2.007000
2.005000
2.005000
2.005000
2.003000
2.002000
2.001000
2.000000
2.000000
1.999000
1.998000
1.997000
1.997000
1.995000
1.993000
1.991000
1.991000
1.989000
1.988000
1.988000
1.988000
1.987000
1.987000
1.986000
1.986000
1.985000
1.985000
1.984000
1.983000
1.982000
1.982000
1.982000
1.982000
1.980000
1.980000
1.979000
1.978000
1.977000
1.976000
1.975000
1.975000
1.975000
1.975000
1.975000
1.975000
1.975000
1.975000
1.973000
1.972000
1.972000
1.971000
1.971000
1.970000
1.969000
1.968000
1.967000
1.966000
1.964000
1.962000
1.962000
1.960000
1.960000
1.960000
1.959000
1.956000
1.956000
1.954000
1.953000
1.953000
1.950000
1.947000
1.947000
1.946000
1.945000
1.945000
1.943000
1.942000
1.942000
1.942000
1.942000
1.940000
1.939000
1.938000
1.935000
1.935000
1.935000
1.935000
1.934000
1.933000
1.931000
1.929000
1.928000
1.926000
1.924000
1.923000
1.922000
1.922000
1.922000
1.919000
1.918000
1.917000
1.916000
1.914000
1.911000
1.910000
1.909000
1.906000
1.904000
1.901000
1.899000
1.898000
1.898000
1.897000
1.897000
1.897000
1.896000
1.893000
1.892000
1.891000
1.891000
1.890000
1.890000
1.890000
1.889000
1.889000
1.889000
1.888000
1.886000
1.885000
1.885000
1.885000
1.884000
1.883000
1.882000
1.880000
1.880000
1.879000
1.878000
1.876000
1.874000
1.873000
1.873000
1.873000
1.872000
1.870000
1.870000
1.869000
1.868000
1.866000
1.866000
1.862000
1.861000
1.861000
1.859000
1.859000
1.858000
1.858000
1.857000
1.855000
1.855000
1.855000
1.855000
1.855000
1.855000
1.853000
1.850000
1.850000
1.848000
1.846000
1.846000
1.845000
1.845000
1.842000
1.841000
1.840000
1.839000
1.834000
1.834000
1.832000
1.830000
1.830000
1.830000
1.829000
1.829000
1.828000
1.824000
1.821000
1.820000
1.820000
1.820000
1.820000
1.819000
1.819000
1.819000
1.819000
1.818000
1.817000
1.816000
1.816000
1.815000
1.815000
1.814000
1.814000
1.813000
1.812000
1.812000
1.811000
1.811000
1.810000
1.810000
1.810000
1.809000
1.809000
1.808000
1.808000
1.808000
1.808000
1.807000
1.806000
1.805000
1.803000
1.802000
1.802000
1.801000
1.801000
1.801000
1.798000
1.796000
1.796000
1.795000
1.795000
1.794000
1.794000
1.793000
1.792000
1.789000
1.789000
1.787000
1.786000
1.785000
1.784000
1.783000
1.782000
1.782000
1.781000
1.780000
1.779000
1.778000
1.778000
1.778000
1.777000
1.776000
1.775000
1.775000
1.775000
1.774000
1.772000
1.772000
1.772000
1.771000
1.770000
1.767000
1.766000
1.765000
1.764000
1.763000
1.761000
1.759000
1.759000
1.758000
1.757000
1.756000
1.756000
1.755000
1.754000
1.753000
1.752000
1.752000
1.752000
1.752000
1.751000
1.751000
1.751000
1.751000
1.750000
1.750000
1.749000
1.748000
1.748000
1.746000
1.746000
1.746000
1.744000
1.744000
1.744000
1.742000
1.742000
1.741000
1.739000
1.739000
1.736000
1.736000
1.735000
1.733000
1.732000
1.730000
1.730000
1.730000
1.727000
1.725000
1.723000
1.721000
1.721000
1.721000
1.721000
1.720000
1.719000
1.719000
1.719000
1.717000
1.717000
1.717000
1.716000
1.716000
1.716000
1.716000
1.716000
1.716000
1.716000
1.715000
1.714000
1.713000
1.711000
1.711000
1.709000
1.707000
1.706000
1.705000
1.702000
1.702000
1.701000
1.700000
1.698000
1.696000
1.694000
1.694000
1.693000
1.693000
1.692000
1.692000
1.691000
1.690000
1.690000
1.690000
1.690000
1.687000
1.686000
1.685000
1.685000
1.685000
1.685000
1.684000
1.684000
1.683000
1.681000
1.681000
1.679000
1.678000
1.678000
1.677000
1.676000
1.676000
1.675000
1.673000
1.672000
1.668000
1.667000
1.666000
1.665000
1.664000
1.662000
1.661000
1.660000
1.660000
1.659000
1.659000
1.658000
1.658000
1.658000
1.657000
1.657000
1.656000
1.655000
1.653000
1.653000
1.652000
1.652000
1.650000
1.650000
1.650000
1.650000
1.650000
1.650000
1.648000
1.647000
1.646000
1.645000
1.644000
1.643000
1.643000
1.642000
1.642000
1.641000
1.641000
1.640000
1.639000
1.638000
1.637000
1.637000
1.637000
1.637000
1.637000
1.637000
1.636000
1.636000
1.636000
1.635000
1.635000
1.635000
1.635000
1.635000
1.634000
1.632000
1.632000
1.631000
1.630000
1.629000
1.628000
1.628000
1.627000
1.624000
1.624000
1.624000
1.624000
1.622000
1.621000
1.620000
1.620000
1.617000
1.617000
1.617000
1.616000
1.615000
1.614000
1.613000
1.612000
1.611000
1.611000
1.610000
1.610000
1.607000
1.606000
1.606000
1.605000
1.604000
1.604000
1.603000
1.602000
1.602000
1.602000
1.600000
1.599000
1.598000
1.595000
1.595000
1.594000
1.594000
1.593000
1.593000
1.592000
1.591000
1.591000
1.590000
1.590000
1.589000
1.587000
1.584000
1.584000
1.583000
1.581000
1.581000
1.580000
1.580000
1.580000
1.578000
1.578000
1.578000
1.577000
1.577000
1.576000
1.576000
1.576000
1.576000
1.575000
1.575000
1.573000
1.570000
1.570000
1.569000
1.568000
1.566000
1.564000
1.564000
1.564000
1.562000
1.561000
1.561000
1.561000
1.561000
1.560000
1.560000
1.560000
1.558000
1.556000
1.556000
1.554000
1.554000
1.554000
1.554000
1.551000
1.550000
1.549000
1.548000
1.547000
1.547000
1.547000
1.547000
1.547000
1.545000
1.544000
1.542000
1.542000
1.542000
1.542000
1.540000
1.540000
1.539000
1.539000
1.538000
1.537000
1.537000
1.536000
1.533000
1.533000
1.533000
1.531000
1.529000
1.529000
1.529000
1.529000
1.528000
1.528000
1.527000
1.527000
1.527000
1.527000
1.526000
1.524000
1.523000
1.522000
1.522000
1.521000
1.520000
1.519000
1.519000
1.519000
1.518000
1.517000
1.515000
1.514000
1.513000
1.511000
1.511000
1.511000
1.509000
1.507000
1.505000
1.505000
1.502000
1.502000
1.502000
1.500000
1.499000
1.499000
1.499000
1.497000
1.496000
1.495000
1.495000
1.495000
1.495000
1.494000
1.493000
1.491000
1.491000
1.490000
1.488000
1.488000
1.488000
1.487000
1.487000
1.486000
1.485000
1.485000
1.485000
1.484000
1.482000
1.482000
1.482000
1.482000
1.482000
1.482000
1.481000
1.481000
1.479000
1.477000
1.475000
1.474000
1.473000
1.472000
1.471000
1.471000
1.471000
1.471000
1.471000
1.470000
1.469000
1.469000
1.467000
1.466000
1.465000
1.465000
1.464000
1.464000
1.463000
1.462000
1.462000
1.462000
1.461000
1.460000
1.460000
1.458000
1.456000
1.455000
1.455000
1.454000
1.454000
1.453000
1.451000
1.448000
1.448000
1.447000
1.447000
1.445000
1.443000
1.443000
1.443000
1.442000
1.442000
1.442000
1.442000
1.441000
1.440000
1.437000
1.437000
1.436000
1.434000
1.434000
1.432000
1.432000
1.432000
1.432000
1.431000
1.431000
1.430000
1.429000
1.428000
1.427000
1.427000
1.427000
1.427000
1.427000
1.427000
1.427000
1.426000
1.425000
1.425000
1.424000
1.424000
1.423000
1.422000
1.421000
1.421000
1.420000
1.419000
1.419000
1.419000
1.419000
1.417000
1.417000
1.416000
1.416000
1.416000
1.415000
1.414000
1.413000
1.413000
1.412000
1.411000
1.409000
1.408000
1.408000
1.407000
1.406000
1.405000
1.405000
1.405000
1.404000
1.404000
1.403000
1.403000
1.402000
1.402000
1.401000
1.400000
1.398000
1.398000
1.397000
1.396000
1.395000
1.393000
1.392000
1.392000
1.392000
1.391000
1.391000
1.391000
1.389000
1.388000
1.387000
1.387000
1.387000
1.386000
1.386000
1.385000
1.385000
1.384000
1.383000
1.382000
1.381000
1.380000
1.379000
1.379000
1.379000
1.379000
1.378000
1.377000
1.377000
1.377000
1.377000
1.377000
1.376000
1.374000
1.372000
1.371000
1.371000
1.371000
1.370000
1.369000
1.368000
1.367000
1.366000
1.365000
1.365000
1.365000
1.363000
1.363000
1.362000
1.362000
1.361000
1.361000
1.361000
1.361000
1.361000
1.361000
1.361000
1.361000
1.361000
1.361000
1.361000
1.361000
1.361000
1.361000
1.360000
1.359000
1.359000
1.359000
1.357000
1.355000
1.353000
1.351000
1.350000
1.349000
1.349000
1.349000
1.348000
1.347000
1.347000
1.346000
1.346000
1.344000
1.344000
1.344000
1.342000
1.341000
1.340000
1.338000
1.338000
1.337000
1.335000
1.335000
1.335000
1.334000
1.333000
1.332000
1.331000
1.331000
1.330000
1.330000
1.330000
1.327000
1.326000
1.326000
1.326000
1.326000
1.324000
1.324000
1.323000
1.323000
1.322000
1.322000
1.322000
1.322000
1.322000
1.321000
1.320000
1.319000
1.319000
1.318000
1.318000
1.317000
1.317000
1.317000
1.316000
1.314000
1.314000
1.314000
1.312000
1.312000
1.311000
1.310000
1.310000
1.310000
1.309000
1.308000
1.308000
1.307000
1.307000
1.306000
1.303000
1.302000
1.302000
1.301000
1.301000
1.300000
1.299000
1.299000
1.299000
1.298000
1.296000
1.296000
1.293000
1.293000
1.293000
1.293000
1.292000
1.292000
1.292000
1.290000
1.290000
1.288000
1.286000
1.285000
1.283000
1.283000
1.283000
1.282000
1.282000
1.282000
1.282000
1.281000
1.280000
1.280000
1.280000
1.279000
1.278000
1.278000
1.277000
1.277000
1.275000
1.275000
1.274000
1.273000
1.271000
1.271000
1.270000
1.269000
1.269000
1.269000
1.268000
1.266000
1.265000
1.264000
1.264000
1.264000
1.264000
1.263000
1.262000
1.262000
1.261000
1.260000
1.260000
1.258000
1.256000
1.256000
1.253000
1.251000
1.251000
1.251000
1.249000
1.247000
1.246000
1.246000
1.244000
1.243000
1.242000
1.242000
1.240000
1.240000
1.240000
1.240000
1.239000
1.238000
1.235000
1.234000
1.234000
1.234000
1.234000
1.233000
1.233000
1.233000
1.231000
1.231000
1.231000
1.231000
1.231000
1.230000
1.230000
1.230000
1.228000
1.228000
1.228000
1.228000
1.228000
1.227000
1.226000
1.226000
1.225000
1.225000
1.224000
1.223000
1.223000
1.220000
1.220000
1.220000
1.219000
1.219000
1.219000
1.219000
1.219000
1.219000
1.219000
1.218000
1.218000
1.218000
1.218000
1.217000
1.216000
1.216000
1.216000
1.216000
1.216000
1.215000
1.214000
1.213000
1.212000
1.212000
1.210000
1.210000
1.210000
1.210000
1.209000
1.208000
1.207000
1.207000
1.207000
1.207000
1.207000
1.205000
1.205000
1.205000
1.205000
1.205000
1.205000
1.204000
1.202000
1.200000
1.200000
1.200000
1.199000
1.198000
1.198000
1.198000
1.198000
1.198000
1.198000
1.197000
1.196000
1.195000
1.195000
1.195000
1.195000
1.195000
1.193000
1.193000
1.192000
1.191000
1.190000
1.190000
1.188000
1.188000
1.188000
1.188000
1.188000
1.187000
1.186000
1.186000
1.186000
1.186000
1.185000
1.185000
1.184000
1.184000
1.184000
1.184000
1.181000
1.181000
1.179000
1.178000
1.177000
1.177000
1.176000
1.175000
1.175000
1.172000
1.172000
1.171000
1.171000
1.171000
1.170000
1.170000
1.170000
1.170000
1.170000
1.169000
1.169000
1.169000
1.169000
1.168000
1.168000
1.166000
1.165000
1.165000
1.164000
1.164000
1.163000
1.163000
1.163000
1.163000
1.163000
1.163000
1.162000
1.162000
1.162000
1.161000
1.161000
1.160000
1.159000
1.159000
1.159000
1.158000
1.157000
1.156000
1.156000
1.155000
1.154000
1.153000
1.153000
1.153000
1.152000
1.151000
1.151000
1.150000
1.150000
1.149000
1.149000
1.148000
1.147000
1.147000
1.147000
1.147000
1.145000
1.142000
1.141000
1.140000
1.140000
1.140000
1.140000
1.140000
1.140000
1.139000
1.139000
1.138000
1.137000
1.137000
1.135000
1.135000
1.134000
1.134000
1.134000
1.133000
1.133000
1.131000
1.130000
1.130000
1.130000
1.128000
1.127000
1.127000
1.125000
1.125000
1.124000
1.124000
1.123000
1.123000
1.122000
1.122000
1.122000
1.122000
1.122000
1.122000
1.120000
1.119000
1.119000
1.119000
1.119000
1.119000
1.119000
1.119000
1.119000
1.119000
1.119000
1.119000
1.119000
1.119000
1.119000
1.119000
1.119000
1.118000
1.118000
1.118000
1.117000
1.117000
1.117000
1.116000
1.116000
1.116000
1.116000
1.115000
1.114000
1.113000
1.112000
1.111000
1.110000
1.109000
1.108000
1.108000
1.108000
1.108000
1.105000
1.105000
1.105000
1.105000
1.105000
1.104000
1.104000
1.104000
1.104000
1.103000
1.102000
1.100000
1.099000
1.099000
1.099000
1.099000
1.099000
1.099000
1.098000
1.096000
1.092000
1.088000
1.086000
1.086000
1.085000
1.085000
1.085000
1.085000
1.084000
1.084000
1.083000
1.083000
1.082000
1.082000
1.082000
1.081000
1.081000
1.081000
1.081000
1.081000
1.081000
1.080000
1.080000
1.080000
1.080000
1.080000
1.080000
1.078000
1.078000
1.078000
1.076000
1.076000
1.076000
1.076000
1.076000
1.076000
1.076000
1.076000
1.076000
1.075000
1.075000
1.075000
1.073000
1.072000
1.072000
1.071000
1.070000
1.069000
1.069000
1.069000
1.069000
1.069000
1.069000
1.069000
1.068000
1.068000
1.067000
1.067000
1.067000
1.066000
1.066000
1.065000
1.065000
1.065000
1.065000
1.064000
1.064000
1.063000
1.063000
1.062000
1.061000
1.061000
1.061000
1.061000
1.061000
1.061000
1.061000
1.061000
1.060000
1.059000
1.057000
1.056000
1.056000
1.055000
1.054000
1.053000
1.053000
1.053000
1.053000
1.053000
1.053000
1.051000
1.051000
1.051000
1.050000
1.047000
1.047000
1.047000
1.046000
1.045000
1.045000
1.045000
1.045000
1.044000
1.042000
1.042000
1.041000
1.040000
1.040000
1.039000
1.039000
1.039000
1.038000
1.037000
1.036000
1.036000
1.035000
1.034000
1.034000
1.034000
1.033000
1.033000
1.033000
1.033000
1.033000
1.033000
1.033000
1.032000
1.031000
1.030000
1.030000
1.030000
1.030000
1.029000
1.028000
1.027000
1.027000
1.027000
1.026000
1.026000
1.026000
1.026000
1.024000
1.024000
1.024000
1.024000
1.024000
1.023000
1.022000
1.022000
1.021000
1.021000
1.021000
1.020000
1.018000
1.015000
1.013000
1.012000
1.010000
1.009000
1.008000
1.008000
1.008000
1.008000
1.007000
1.007000
1.005000
1.005000
1.004000
1.003000
1.002000
1.002000
1.002000
1.002000
1.000000
1.000000
1.000000
1.000000
0.998000
0.997000
0.997000
0.996000
0.996000
0.996000
0.995000
0.995000
0.995000
0.995000
0.995000
0.995000
0.995000
0.994000
0.994000
0.994000
0.991000
0.989000
0.987000
0.987000
0.987000
0.987000
0.987000
0.986000
0.985000
0.985000
0.985000
0.985000
0.985000
0.985000
0.985000
0.984000
0.984000
0.984000
0.982000
0.982000
0.979000
0.979000
0.979000
0.979000
0.977000
0.977000
0.974000
0.974000
0.974000
0.974000
0.973000
0.972000
0.972000
0.972000
0.971000
0.970000
0.967000
0.966000
0.965000
0.964000
0.963000
0.963000
0.963000
0.963000
0.960000
0.959000
0.959000
0.959000
0.959000
0.959000
0.959000
0.959000
0.959000
0.959000
0.959000
0.959000
0.956000
0.954000
0.954000
0.954000
0.954000
0.953000
0.951000
0.951000
0.950000
0.950000
0.950000
0.949000
0.949000
0.949000
0.948000
0.948000
0.948000
0.948000
0.948000
0.948000
0.947000
0.947000
0.945000
0.945000
0.945000
0.945000
0.945000
0.945000
0.944000
0.944000
0.943000
0.942000
0.942000
0.942000
0.942000
0.942000
0.941000
0.941000
0.941000
0.939000
0.938000
0.938000
0.937000
0.936000
0.933000
0.933000
0.932000
0.932000
0.932000
0.932000
0.931000
0.931000
0.929000
0.928000
0.928000
0.928000
0.928000
0.928000
0.928000
0.925000
0.925000
0.924000
0.924000
0.923000
0.922000
0.922000
0.922000
0.922000
0.922000
0.921000
0.921000
0.921000
0.920000
0.919000
0.917000
0.917000
0.917000
0.917000
0.917000
0.915000
0.913000
0.912000
0.912000
0.910000
0.910000
0.910000
0.908000
0.907000
0.907000
0.906000
0.906000
0.905000
0.905000
0.904000
0.904000
0.903000
0.903000
0.903000
0.901000
0.901000
0.901000
0.901000
0.901000
0.899000
0.899000
0.899000
0.898000
0.898000
0.895000
0.895000
0.895000
0.895000
0.895000
0.895000
0.895000
0.895000
0.895000
0.895000
0.894000
0.894000
0.894000
0.894000
0.894000
0.894000
0.894000
0.894000
0.892000
0.892000
0.892000
0.891000
0.891000
0.891000
0.890000
0.890000
0.890000
0.889000
0.889000
0.887000
0.887000
0.887000
0.887000
0.887000
0.885000
0.885000
0.885000
0.884000
0.884000
0.884000
0.884000
0.884000
0.883000
0.882000
0.882000
0.881000
0.881000
0.880000
0.879000
0.879000
0.879000
0.879000
0.879000
0.879000
0.879000
0.879000
0.879000
0.879000
0.877000
0.877000
0.877000
0.876000
0.876000
0.876000
0.876000
0.876000
0.876000
0.876000
0.876000
0.876000
0.876000
0.875000
0.875000
0.874000
0.874000
0.874000
0.873000
0.873000
0.873000
0.873000
0.873000
0.873000
0.872000
0.872000
0.870000
0.870000
0.870000
0.870000
0.870000
0.870000
0.869000
0.869000
0.867000
0.867000
0.867000
0.866000
0.866000
0.866000
0.866000
0.866000
0.866000
0.866000
0.865000
0.865000
0.865000
0.864000
0.864000
0.864000
0.864000
0.864000
0.864000
0.864000
0.863000
0.863000
0.862000
0.862000
0.862000
0.862000
0.862000
0.862000
0.862000
0.861000
0.861000
0.860000
0.860000
0.860000
0.859000
0.859000
0.859000
0.858000
0.858000
0.858000
0.858000
0.858000
0.858000
0.858000
0.858000
0.858000
0.858000
0.857000
0.856000
0.856000
0.856000
0.855000
0.855000
0.854000
0.853000
0.852000
0.852000
0.851000
0.850000
0.850000
0.850000
0.850000
0.849000
0.849000
0.849000
0.849000
0.849000
0.849000
0.849000
0.847000
0.846000
0.845000
0.845000
0.845000
0.845000
0.845000
0.845000
0.845000
0.844000
0.843000
0.841000
0.841000
0.840000
0.839000
0.838000
0.837000
0.837000
0.836000
0.836000
0.836000
0.836000
0.836000
0.836000
0.836000
0.835000
0.835000
0.835000
0.835000
0.835000
0.835000
0.835000
0.835000
0.834000
0.834000
0.834000
0.834000
0.833000
0.833000
0.833000
0.832000
0.832000
0.832000
0.832000
0.832000
0.832000
0.832000
0.832000
0.831000
0.831000
0.831000
0.831000
0.831000
0.831000
0.831000
0.831000
0.829000
0.828000
0.827000
0.827000
0.824000
0.822000
0.821000
0.821000
0.821000
0.820000
0.819000
0.817000
0.816000
0.816000
0.815000
0.815000
0.814000
0.813000
0.813000
0.812000
0.812000
0.811000
0.810000
0.809000
0.809000
0.809000
0.808000
0.808000
0.808000
0.808000
0.808000
0.808000
0.808000
0.806000
0.806000
0.805000
0.805000
0.802000
0.802000
0.800000
0.799000
0.798000
0.798000
0.798000
0.797000
0.797000
0.796000
0.796000
0.796000
0.796000
0.796000
0.795000
0.794000
0.794000
0.793000
0.793000
0.793000
0.793000
0.793000
0.793000
0.793000
0.792000
0.791000
0.791000
0.791000
0.790000
0.788000
0.788000
0.788000
0.788000
0.787000
0.787000
0.786000
0.786000
0.785000
0.783000
0.783000
0.783000
0.783000
0.783000
0.782000
0.782000
0.782000
0.782000
0.782000
0.782000
0.782000
0.782000
0.782000
0.781000
0.781000
0.781000
0.781000
0.781000
0.780000
0.780000
0.780000
0.780000
0.780000
0.780000
0.780000
0.780000
0.780000
0.780000
0.780000
0.779000
0.778000
0.777000
0.776000
0.776000
0.776000
0.774000
0.773000
0.772000
0.772000
0.772000
0.772000
0.772000
0.771000
0.769000
0.768000
0.768000
0.767000
0.767000
0.767000
0.767000
0.766000
0.764000
0.764000
0.764000
0.764000
0.764000
0.763000
0.762000
0.761000
0.761000
0.761000
0.760000
0.759000
0.759000
0.759000
0.759000
0.759000
0.758000
0.757000
0.757000
0.757000
0.756000
0.756000
0.754000
0.753000
0.753000
0.753000
0.753000
0.753000
0.753000
0.752000
0.752000
0.752000
0.752000
0.752000
0.752000
0.752000
0.751000
0.751000
0.751000
0.751000
0.751000
0.751000
0.751000
0.751000
0.751000
0.751000
0.751000
0.751000
0.751000
0.751000
0.750000
0.750000
0.749000
0.748000
0.748000
0.748000
0.748000
0.748000
0.746000
0.746000
0.745000
0.744000
0.742000
0.741000
0.741000
0.741000
0.741000
0.741000
0.740000
0.740000
0.740000
0.740000
0.740000
0.740000
0.740000
0.740000
0.740000
0.740000
0.738000
0.738000
0.738000
0.737000
0.737000
0.737000
0.737000
0.737000
0.736000
0.734000
0.734000
0.733000
0.733000
0.733000
0.732000
0.731000
0.729000
0.728000
0.727000
0.727000
0.727000
0.727000
0.727000
0.727000
0.727000
0.727000
0.727000
0.726000
0.726000
0.724000
0.724000
0.722000
0.720000
0.720000
0.720000
0.719000
0.719000
0.719000
0.719000
0.719000
0.718000
0.718000
0.717000
0.717000
0.717000
0.717000
0.717000
0.717000
0.716000
0.716000
0.715000
0.715000
0.715000
0.715000
0.715000
0.715000
0.715000
0.715000
0.715000
0.715000
0.715000
0.714000
0.714000
0.714000
0.714000
0.714000
0.714000
0.713000
0.713000
0.713000
0.713000
0.713000
0.713000
0.713000
0.713000
0.713000
0.713000
0.713000
0.713000
0.712000
0.712000
0.712000
0.712000
0.712000
0.712000
0.711000
0.711000
0.711000
0.711000
0.711000
0.711000
0.710000
0.710000
0.709000
0.709000
0.709000
0.709000
0.708000
0.708000
0.708000
0.708000
0.707000
0.707000
0.706000
0.705000
0.705000
0.705000
0.704000
0.704000
0.704000
0.703000
0.703000
0.702000
0.702000
0.701000
0.701000
0.701000
0.701000
0.699000
0.699000
0.699000
0.698000
0.697000
0.697000
