1.000000
0.983840
0.979202
0.968214
0.949047
0.939286
0.923382
0.918592
0.900121
0.888888
0.879144
0.872690
0.862144
0.845807
0.829229
0.817691
0.805806
0.781607
0.770896
0.749880
0.735342
0.718971
0.702438
0.684219
0.675032
0.658001
0.642343
0.625122
0.612055
0.594656
0.579928
0.559847
0.545028
0.526404
0.511546
0.496648
0.482878
0.466814
0.450837
0.437063
0.425319
0.413465
0.397679
0.382079
0.368462
0.354075
0.339860
0.326630
0.314306
0.302815
0.289966
0.278661
0.264860
0.251412
0.239494
0.226722
0.216438
0.205819
0.194019
0.183968
0.174173
0.164253
0.155402
0.146442
0.138103
0.130020
0.122204
0.114661
0.107401
0.100208
0.093554
0.087014
0.080985
0.075264
0.069855
0.064761
0.059983
0.055428
0.051305
0.047500
0.044015
0.040848
0.037954
0.035432
0.033223
0.031324
0.029715
0.028436
0.027458
0.026775
0.026384
0.026279
0.026458
0.026913
0.027640
0.028634
0.029890
0.031401
0.033162
0.035166
0.037409
0.039884
0.042584
0.045505
0.048638
0.051980
0.055522
0.059260
0.063114
0.067220
0.071503
0.075854
0.080466
0.084991
0.089902
0.094959
0.099998
0.105323
0.110593
0.115966
0.121435
0.127218
0.133107
0.139097
0.144916
0.150803
0.157049
0.163375
0.168796
0.174899
0.181043
0.186850
0.193441
0.199678
0.206359
0.212207
0.218496
0.224793
0.230121
0.236401
0.242159
0.247882
0.254117
0.260336
0.265366
0.269723
0.274593
0.279381
0.284084
0.289359
0.294566
0.299015
0.304071
0.310493
0.315412
0.318747
0.324249
0.328907
0.332680
0.337959
0.339871
0.341631
0.345772
0.351538
0.357247
0.357546
0.360372
0.363984
0.367485
0.370873
0.375100
0.376335
0.376450
0.378367
0.379158
0.380800
0.384326
0.383659
0.384887
0.384942
0.385890
0.388803
0.386296
0.386823
0.388281
0.387449
0.386471
0.382101
0.383016
0.385988
0.383329
0.384945
0.383097
0.382221
0.377869
0.376727
0.375448
0.371804
0.371377
0.367467
0.362334
0.359312
0.355067
0.356222
0.353918
0.350388
0.345651
0.343000
0.340229
0.337339
0.334332
0.332286
0.327969
0.326755
0.323276
0.321805
0.315990
0.312199
0.310378
0.304313
0.299222
0.296076
0.292820
0.288470
0.285996
0.276641
0.273068
0.269400
0.264715
0.259973
0.256078
0.252102
0.248928
0.244785
0.239724
0.234632
0.231158
0.225980
0.220789
0.214819
0.210395
0.205198
0.201455
0.197651
0.191715
0.187866
0.184631
0.181318
0.177302
0.172640
0.168588
0.162779
0.158756
0.155266
0.151734
0.147140
0.143580
0.139513
0.135925
0.132321
0.128704
0.124667
0.120268
0.115571
0.111724
0.108274
0.104510
0.101122
0.096858
0.093020
0.089556
0.085911
0.082856
0.079846
0.076673
0.073784
0.070951
0.068001
0.065142
0.062527
0.059837
0.057372
0.054858
0.052440
0.050219
0.048072
0.045918
0.043936
0.042031
0.040203
0.038401
0.036742
0.035121
0.033629
0.032214
0.030854
0.029605
0.028432
0.027337
0.026317
0.025372
0.024503
0.023707
0.022984
0.022334
0.021755
0.021247
0.020808
0.020438
0.020135
0.019898
0.019727
0.019620
0.019576
0.019594
0.019673
0.019812
0.020009
0.020265
0.020577
0.020912
0.021333
0.021808
0.022288
0.022865
0.023492
0.024168
0.024893
0.025665
0.026485
0.027350
0.028261
0.029217
0.030217
0.031025
0.032101
0.032954
0.034101
0.035140
0.036360
0.037617
0.038913
0.040245
0.041614
0.043019
0.044255
0.045509
0.047004
0.048532
0.050093
0.051438
0.052540
0.053642
0.055013
0.056678
0.058370
0.060090
0.061218
0.062655
0.063773
0.065215
0.067004
0.068113
0.069567
0.070656
0.072479
0.074319
0.076176
0.077646
0.079112
0.080156
0.080332
0.080889
0.080976
0.081452
0.082333
0.083636
0.084927
0.085274
0.086517
0.086791
0.087983
0.089643
0.090307
0.091437
0.092544
0.093628
0.094167
0.095717
0.096723
0.096094
0.097559
0.097917
0.098232
0.098505
0.098734
0.098920
0.099061
0.099721
0.099210
0.099784
0.099748
0.100240
0.100694
0.101108
0.100314
0.100052
0.099743
0.099973
0.099572
0.098539
0.098043
0.097499
0.097495
0.096862
0.096184
0.095460
0.095275
0.093305
0.091303
0.089836
0.089461
0.089046
0.088026
0.088091
0.086993
0.086416
0.086356
0.085146
0.083901
0.082623
0.080774
0.079435
0.078595
0.077720
0.077332
0.076906
0.074900
0.074400
0.073359
0.072787
0.071683
0.070550
0.068428
0.067248
0.066044
0.064816
0.064018
0.062741
0.061444
0.059696
0.058368
0.057440
0.056485
0.054701
0.052922
0.051530
0.050504
0.049458
0.048392
0.046957
0.045862
0.043755
0.042007
0.040590
0.039481
0.038069
0.036950
0.035276
0.034160
0.032023
0.030688
0.029135
0.027843
0.026785
0.025732
0.024093
0.023076
0.021708
0.020554
0.019427
0.018483
0.017406
0.016499
0.015345
0.014485
0.013644
0.012822
0.011919
0.011049
0.010214
0.009498
0.008805
0.008137
0.007495
0.006877
0.006287
0.005722
0.005185
0.004676
0.004194
0.003740
0.003315
0.002918
0.002550
0.002210
0.001900
0.001618
0.001365
0.001141
0.000946
0.000779
0.000641
0.000531
0.000450
0.000396
0.000371
0.000372
0.000401
0.000457
0.000540
0.000649
0.000784
0.000944
0.001130
0.001341
0.001577
0.001837
0.002120
0.002428
0.002758
0.003111
0.003486
0.003883
0.004302
0.004742
0.005202
0.005682
0.006183
0.006702
0.007241
0.007798
0.008373
0.008965
0.009575
0.010201
0.010843
0.011501
0.012175
0.012863
0.013565
0.014281
0.015011
0.015753
0.016507
0.017273
0.018050
0.018838
0.019636
0.020443
0.021259
0.022083
0.022915
0.023754
0.024600
0.025451
0.026308
0.027169
0.028034
0.028742
0.029611
0.030482
0.031353
0.032046
0.032917
0.033787
0.034461
0.035127
0.035987
0.036635
0.037486
0.038115
0.038514
0.039343
0.040165
0.040978
0.041546
0.042100
0.042639
0.043411
0.044172
0.044406
0.044881
0.045602
0.046309
0.046459
0.046318
0.046978
0.047344
0.047410
0.048021
0.048327
0.048902
0.049165
0.049703
0.049921
0.049818
0.050298
0.050451
0.050583
0.050692
0.050780
0.050845
0.050888
0.050596
0.050598
0.050579
0.049910
0.050169
0.050406
0.050301
0.050495
0.050344
0.050173
0.049982
0.049450
0.049223
0.048659
0.048718
0.048118
0.047822
0.047509
0.046866
0.045906
0.045867
0.045194
0.044516
0.044131
0.044031
0.043912
0.043475
0.041858
0.041710
0.041257
0.040233
0.040050
0.039301
0.038555
0.038343
0.037850
0.037351
0.037103
0.035825
0.035324
0.035062
0.034787
0.034497
0.033722
0.033188
0.032880
0.032559
0.032227
0.031884
0.031099
0.030538
0.029978
0.029025
0.027922
0.027597
0.027084
0.026751
0.026238
0.025897
0.025549
0.025194
0.024834
0.024467
0.023948
0.023578
0.023205
0.022692
0.022188
0.021818
0.021445
0.020952
0.020469
0.020103
0.019736
0.019367
0.018997
0.018444
0.018087
0.017729
0.017293
0.016943
0.016593
0.016177
0.015835
0.015495
0.015156
0.014818
0.014482
0.014147
0.013771
0.013447
0.013125
0.012806
0.012489
0.012176
0.011864
0.011531
0.011231
0.010934
0.010641
0.010350
0.010063
0.009779
0.009499
0.009222
0.008949
0.008680
0.008415
0.008153
0.007895
0.007641
0.007392
0.007146
0.006905
0.006668
0.006435
0.006207
0.005984
0.005765
0.005551
0.005342
0.005139
0.004940
0.004746
0.004558
0.004376
0.004199
0.004028
0.003863
0.003705
0.003552
0.003407
0.003268
0.003136
0.003011
0.002894
0.002784
0.002682
0.002588
0.002502
0.002406
0.002337
0.002277
0.002225
0.002183
0.002150
0.002127
0.002114
0.002111
0.002117
0.002135
0.002163
0.002202
0.002252
0.002313
0.002385
0.002469
0.002564
0.002672
0.002791
0.002921
0.003064
0.003219
0.003385
0.003564
0.003755
0.003817
0.003953
0.004097
0.004247
0.004404
0.004645
0.004896
0.005157
0.005343
0.005620
0.005907
0.006203
0.006507
0.006820
0.006948
0.007269
0.007400
0.007727
0.007959
0.008294
0.008634
0.008979
0.009329
0.009682
0.009925
0.010280
0.010637
0.010995
0.011355
0.011716
0.011953
0.012308
0.012663
0.013017
0.013368
0.013718
0.014064
0.014407
0.014746
0.015080
0.015410
0.015735
0.015909
0.016218
0.016519
0.016667
0.016950
0.017226
0.017494
0.017753
0.018004
0.018246
0.018480
0.018704
0.018762
0.018806
0.018993
0.019170
0.019337
0.019494
0.019642
0.019779
0.019906
0.019860
0.019963
0.019735
0.019809
0.019874
0.019928
0.019973
0.019849
0.019870
0.019883
0.019885
0.019879
0.019863
0.019839
0.019806
0.019764
0.019558
0.019343
0.019120
0.018743
0.018504
0.018398
0.018285
0.018165
0.018039
0.017771
0.017630
0.017484
0.017333
0.017176
0.017014
0.016847
0.016550
0.016372
0.016070
0.015650
0.015456
0.015258
0.015057
0.014853
0.014646
0.014437
0.014125
0.013910
0.013693
0.013474
0.013253
0.013031
0.012808
0.012500
0.012274
0.012047
0.011744
0.011515
0.011286
0.011057
0.010828
0.010599
0.010310
0.010081
0.009853
0.009626
0.009399
0.009173
0.008949
0.008725
0.008503
0.008282
0.008062
0.007844
0.007628
0.007413
0.007200
0.006989
0.006780
0.006573
0.006368
0.006165
0.005964
0.005766
0.005570
0.005377
0.005186
0.004997
0.004811
0.004628
0.004448
0.004270
0.004095
0.003923
0.003755
0.003589
0.003426
0.003267
0.003110
0.002957
0.002808
0.002662
0.002520
0.002381
0.002246
0.002115
0.001988
0.001865
0.001746
0.001631
0.001521
0.001415
0.001314
0.001218
0.001127
0.001041
0.000960
0.000884
0.000814
0.000750
0.000692
0.000639
0.000593
0.000553
0.000519
0.000492
0.000472
0.000459
0.000454
0.000455
0.000464
0.000481
0.000505
0.000538
0.000578
0.000627
0.000684
0.000750
0.000824
0.000907
0.000999
0.001099
0.001209
0.001328
0.001456
0.001593
0.001739
0.001895
0.002059
0.002233
0.002416
0.002607
0.002808
0.003017
0.003236
0.003462
0.003697
0.003940
0.004192
0.004451
0.004611
