1.000000
0.956343
0.878100
0.769474
0.636433
0.495236
0.349013
0.220486
0.113896
0.039868
0.004210
0.008986
0.053084
0.132060
0.238712
0.360756
0.490553
0.616068
0.722094
0.804387
0.852615
0.862086
0.829909
0.765943
0.670625
0.554417
0.430793
0.308012
0.195333
0.101843
0.036257
0.003715
0.006116
0.042647
0.109354
0.199953
0.305708
0.416728
0.526327
0.619637
0.693098
0.733988
0.744657
0.722397
0.670575
0.586385
0.491232
0.381697
0.273902
0.174696
0.092003
0.033740
0.004017
0.005022
0.036139
0.094186
0.173425
0.266892
0.365678
0.461793
0.544457
0.611343
0.651146
0.661289
0.639059
0.597013
0.526562
0.438840
0.343587
0.246289
0.158031
0.084464
0.031586
0.003908
0.003491
0.029903
0.080420
0.150397
0.233730
0.320080
0.406583
0.481686
0.543397
0.578193
0.589481
0.573199
0.525181
0.465052
0.390294
0.306345
0.222720
0.142574
0.076813
0.029503
0.004303
0.003107
0.025609
0.069471
0.130646
0.203789
0.280416
0.355953
0.422284
0.475813
0.510878
0.522805
0.511662
0.480899
0.419402
0.353719
0.279949
0.202011
0.130674
0.070746
0.027515
0.003941
0.001813
0.020950
0.059176
0.113123
0.178007
0.245483
0.311834
0.370883
0.413932
0.443945
0.452295
0.441965
0.407515
0.359752
0.304125
0.242267
0.175572
0.115197
0.063776
0.025964
0.005018
0.002540
0.018431
0.051008
0.097247
0.153091
0.213146
0.270949
0.324517
0.364539
0.391326
0.401449
0.391392
0.366813
0.327265
0.274489
0.217757
0.160181
0.104354
0.057495
0.023238
0.003861
0.000862
0.014224
0.042516
0.083104
0.132422
0.185670
0.238598
0.287686
0.324934
0.351793
0.360305
0.352892
0.327932
0.295097
0.248819
0.198022
0.144891
0.095096
0.053201
0.022361
0.004795
0.001680
0.013042
0.037654
0.073214
0.116594
0.162970
0.209587
0.248593
0.279938
0.302334
0.313107
0.306826
0.283108
0.252393
0.212242
0.167978
0.123151
0.081938
0.046113
0.019367
0.003713
0.000378
0.009446
0.029809
0.059661
0.095969
0.135670
0.175380
0.210942
0.237091
0.257562
0.266258
0.258144
0.242853
0.220207
0.185410
0.147055
0.109078
0.073075
0.041642
0.018061
0.004086
0.000822
0.008372
0.025900
0.051756
0.083654
0.117924
0.152628
0.180771
0.204881
0.219183
0.227759
0.222578
0.208707
0.188032
0.161185
0.129146
0.096493
0.064340
0.036827
0.016023
0.003464
0.000147
0.006208
0.020962
0.043017
0.070419
0.100394
0.129995
0.156302
0.177498
0.192618
0.198739
0.197853
0.189071
0.169850
0.145900
0.115577
0.086271
0.057534
0.033078
0.014715
0.003488
0.000393
0.005427
0.018013
0.036790
0.060315
0.086086
0.112072
0.135435
0.155320
0.170275
0.176611
0.171880
0.162176
0.146539
0.126750
0.102008
0.076766
0.051639
0.030157
0.013526
0.003203
0.000020
0.004137
0.015073
0.031631
0.052532
0.075168
0.098341
0.119232
0.137111
0.147698
0.151881
0.150865
0.141005
0.128901
0.111745
0.090130
0.068094
0.046299
0.027201
0.012547
0.003379
0.000439
0.003881
0.013298
0.027789
0.045826
0.066219
0.086652
0.106194
0.122843
0.131614
0.137574
0.138277
0.127905
0.113992
0.097422
0.079630
0.060359
0.041413
0.024561
0.011345
0.002914
0.000001
0.002708
0.010702
0.023088
0.038916
0.056771
0.074310
0.089936
0.102033
0.110642
0.113845
0.114002
0.107835
0.099010
0.086263
0.070731
0.053209
0.035889
0.021580
0.010316
0.003092
0.000498
0.002685
0.009381
0.019941
0.033420
0.048078
0.063238
0.076930
0.088825
0.097505
0.102831
0.103721
0.098782
0.089155
0.076844
0.062742
0.047579
0.032957
0.019844
0.009442
0.002673
0.000091
0.001856
0.007739
0.017171
0.029305
0.042826
0.056662
0.070082
0.081163
0.088735
0.093193
0.092377
0.086940
0.080136
0.069665
0.057051
0.043456
0.030133
0.018415
0.009088
0.002976
0.000585
0.002064
0.007216
0.015542
0.026120
0.038295
0.050935
0.062562
0.071961
0.077596
0.082121
0.081974
0.078789
0.072241
0.062894
0.051588
0.039638
0.027518
0.016812
0.008223
0.002514
0.000158
0.001309
0.005806
0.013209
0.022691
0.033421
0.044776
0.055258
0.064671
0.071890
0.073018
0.072433
0.069720
0.063081
0.054208
0.044950
0.034215
0.024176
0.015087
0.007729
0.002910
0.000913
0.001868
0.005641
0.011860
0.019965
0.029038
0.038665
0.047887
0.055504
0.059749
0.063377
0.063301
0.059510
0.055142
0.047765
0.039338
0.030430
0.021307
0.013222
0.006673
0.002242
0.000300
0.000979
0.004174
0.009570
0.016678
0.024884
0.032955
0.041106
0.048263
0.053813
0.055848
0.055868
0.053895
0.049625
0.043061
0.034653
0.026719
0.019052
0.011859
0.006315
0.002575
0.000953
0.001558
0.004300
0.008907
0.014961
0.021937
0.028751
0.035061
0.040678
0.044864
0.047678
0.047607
0.045900
0.041475
0.035960
0.029990
0.023332
0.016450
0.010344
0.005307
0.001898
0.000351
0.000726
0.002960
0.006828
0.011978
0.017965
0.024283
0.030117
0.035130
0.039268
0.040292
0.041083
0.040078
0.036968
0.032752
0.027411
0.021433
0.015073
0.009623
0.005161
0.002088
0.000663
0.000987
0.003000
0.006502
0.011174
0.016608
0.022132
0.027108
0.031903
0.034950
0.037300
0.036925
0.036077
0.033658
0.028937
0.024256
0.018785
0.013333
0.008476
0.004413
0.001629
0.000271
0.000435
0.002082
0.005045
0.009054
0.013760
0.018567
0.023392
0.027105
0.030429
0.031881
0.032639
0.031614
0.029568
0.025437
0.021146
0.016631
0.011890
0.007593
0.004113
0.001747
0.000608
0.000777
0.002217
0.004784
0.008241
0.012287
0.016039
0.020100
0.023172
0.025370
0.027146
0.027784
0.027208
0.024844
0.021849
0.017938
0.013940
0.010071
0.006388
0.003422
0.001314
0.000243
0.000290
0.001431
0.003550
0.006452
0.009764
0.013382
0.016724
0.019861
0.022089
0.023719
0.024046
0.023616
0.022155
0.019526
0.016267
0.012848
0.009336
0.006060
0.003323
0.001374
0.000379
0.000411
0.001452
0.003393
0.006057
0.009211
0.012586
0.015899
0.018875
0.020986
0.022261
0.022883
0.022211
0.020596
0.017935
0.015179
0.011858
0.008640
0.005461
0.002980
0.001182
0.000221
0.000171
0.001020
0.002680
0.004931
0.007661
0.010462
0.013330
0.015487
0.017275
0.018362
0.018654
0.017861
0.016824
0.015092
0.012818
0.010206
0.007500
0.004953
0.002762
0.001230
0.000414
0.000376
0.001105
0.002527
0.004508
0.006875
0.009294
0.011615
0.013436
0.014739
0.015418
0.015421
0.015237
0.014153
0.012722
0.010820
0.008620
0.006121
0.004019
0.002226
0.000890
0.000165
0.000071
0.000605
0.001712
0.003235
0.005106
0.007142
0.009021
0.010660
0.011917
0.012905
0.013359
0.013003
0.011876
0.010505
0.008796
0.007033
0.005100
0.003392
0.001940
0.000876
0.000292
0.000234
0.000697
0.001634
0.002909
0.004478
0.006178
0.007866
0.009401
0.010652
0.011305
0.011475
0.011148
0.010157
0.009160
0.007823
0.006265
0.004632
0.003017
0.001707
0.000733
0.000178
0.000087
0.000459
0.001255
0.002400
0.003794
0.005317
0.006841
0.008240
0.009393
0.010007
0.010182
0.010102
0.009206
0.008312
0.006967
0.005595
0.004157
0.002789
0.001617
0.000748
0.000258
0.000185
0.000529
0.001254
0.002291
0.003549
0.004919
0.006288
0.007540
0.008569
0.009286
0.009624
0.009166
0.008522
0.007711
0.006612
0.005212
0.003883
0.002608
0.001473
0.000661
0.000186
0.000086
0.000364
0.000989
0.001902
0.003024
0.004257
0.005498
0.006643
0.007595
0.008272
0.008611
0.008394
0.007989
0.007090
0.005961
0.004813
0.003521
0.002384
0.001341
0.000643
0.000242
0.000182
0.000447
0.001010
0.001816
0.002796
0.003785
0.004630
0.005557
0.006179
0.006704
0.006795
0.006752
0.006262
0.005673
0.004871
0.003929
0.002860
0.001927
0.001088
0.000489
0.000134
0.000050
0.000241
0.000687
0.001344
0.002156
0.003051
0.003955
0.004792
0.005489
0.005843
0.005641
0.005602
0.005183
0.004690
0.004026
0.003251
0.002435
0.001655
0.000956
0.000470
0.000191
0.000155
0.000347
0.000747
0.001317
0.002007
0.002757
0.003503
0.004183
0.004740
0.004993
0.005170
0.005127
0.004864
0.004401
0.003673
0.002967
0.002223
0.001466
0.000867
0.000416
0.000153
0.000099
0.000255
0.000606
0.001117
0.001744
0.002431
0.003122
0.003757
0.004170
0.004524
0.004565
0.004531
0.004179
0.003670
0.003149
0.002545
0.001854
0.001273
0.000779
0.000418
0.000221
0.000205
0.000368
0.000694
0.001152
0.001700
0.002292
0.002876
0.003405
0.003832
0.004007
0.004014
0.003853
0.003652
0.003304
0.002747
0.002222
0.001669
0.001140
0.000684
0.000342
0.000144
0.000108
0.000234
0.000508
0.000905
0.001390
0.001919
0.002382
0.002845
0.003224
0.003488
0.003500
0.003465
0.003285
0.002973
0.002556
0.002000
0.001453
0.001001
0.000618
0.000340
0.000191
0.000183
0.000315
0.000575
0.000936
0.001368
0.001832
0.002289
0.002699
0.003030
0.003251
0.003344
0.003298
0.003116
0.002717
0.002332
0.001887
0.001423
0.000982
0.000606
0.000328
0.000174
0.000156
0.000275
0.000517
0.000861
0.001275
0.001723
0.002167
0.002494
0.002801
0.003008
0.003097
0.003058
0.002893
0.002615
0.002248
0.001690
0.001226
0.000819
0.000525
0.000323
0.000231
0.000257
0.000396
0.000636
0.000954
0.001322
0.001706
0.002075
0.002397
0.002645
0.002623
0.002669
0.002515
0.002356
0.002108
0.001793
0.001437
0.001074
0.000737
0.000456
0.000258
0.000159
0.000168
0.000284
0.000495
0.000781
0.001117
0.001437
0.001762
0.002048
0.002270
0.002409
0.002453
0.002397
0.002160
0.001925
0.001633
0.001308
0.000981
0.000680
0.000434
0.000265
0.000188
0.000210
0.000328
0.000530
0.000798
0.001108
0.001432
0.001743
0.002014
0.002221
0.002348
0.002382
0.002321
0.002085
0.001789
0.001522
0.001222
0.000917
0.000633
0.000397
0.000230
0.000148
0.000157
