1.000000
0.994000
0.970189
0.954450
0.944644
0.927153
0.919370
0.902083
0.892482
0.875418
0.865928
0.860177
0.850737
0.841332
0.830142
0.820819
0.811533
0.802284
0.798415
0.789208
0.781803
0.772660
0.765300
0.756224
0.742024
0.733058
0.727527
0.718618
0.709750
0.700922
0.688827
0.675191
0.664920
0.659550
0.654185
0.639263
0.632374
0.625509
0.617108
0.610299
0.601976
0.598284
0.588498
0.580289
0.569139
0.562527
0.557413
0.547919
0.542847
0.533459
0.524145
0.517733
0.514164
0.509189
0.504225
0.495124
0.491578
0.486664
0.476347
0.468810
0.463982
0.460488
0.449126
0.446968
0.444798
0.438748
0.430184
0.421703
0.417044
0.411160
0.406540
0.398280
0.392512
0.387976
0.381083
0.377776
0.373301
0.371168
0.367866
0.359981
0.354445
0.350071
0.343491
0.340278
0.334878
0.329519
0.323131
0.315751
0.312642
0.304357
0.299252
0.296213
0.290170
0.289159
0.284173
0.281185
0.279178
0.274270
0.272271
0.268367
0.260751
0.254179
0.252242
0.248493
0.246560
0.243735
0.240040
0.237245
0.235325
0.233403
0.232333
0.229552
0.226784
0.222368
0.218823
0.215308
0.212626
0.210753
0.209669
0.204664
0.202811
0.199431
0.195333
0.192030
0.189494
0.187702
0.185192
0.184125
0.182340
0.180558
0.177392
0.174945
0.170494
0.168111
0.164437
0.160178
0.157262
0.156260
0.154009
0.152392
0.150175
0.148577
0.147579
0.144815
0.143245
0.141682
0.139563
0.137466
0.136491
0.133340
0.132381
0.131419
0.128363
0.124858
0.123437
0.121034
0.120136
0.118752
0.116903
0.115547
0.112819
0.111961
0.111102
0.109798
0.108070
0.105512
0.104694
0.102630
0.101014
0.098627
0.097472
0.096329
0.094819
0.093709
0.092613
0.091892
0.090816
0.089754
0.089052
0.087331
0.086317
0.085318
0.083689
0.083047
0.081787
0.080858
0.079944
0.078457
0.077873
0.077293
0.076717
0.075597
0.074772
0.074226
0.073426
0.072895
0.072370
0.071850
0.071336
0.070826
0.070089
0.069596
0.068659
0.068188
0.067723
0.067264
0.066603
0.065957
0.065527
0.065103
0.064493
0.064086
0.063686
0.062932
0.062554
0.062183
0.061819
0.061462
0.060949
0.060609
0.060277
0.059648
0.059338
0.058746
0.058458
0.058177
0.057903
0.057636
0.057376
0.057123
0.056877
0.056638
0.056289
0.056067
0.055853
0.055645
0.055444
0.055251
0.055064
0.054884
0.054710
0.054544
0.054385
0.054232
0.054086
0.053946
0.053814
0.053609
0.053493
0.053384
0.053281
0.053184
0.053094
0.053011
0.052934
0.052801
0.052739
0.052684
0.052635
0.052592
0.052502
0.052474
0.052451
0.052435
0.052424
0.052420
0.052420
0.052427
0.052439
0.052456
0.052479
0.052508
0.052541
0.052547
0.052594
0.052645
0.052702
0.052764
0.052831
0.052902
0.052978
0.053060
0.053145
0.053236
0.053330
0.053430
0.053534
0.053642
0.053754
0.053871
0.053992
0.054102
0.054233
0.054368
0.054507
0.054650
0.054796
0.054946
0.055100
0.055258
0.055419
0.055583
0.055751
0.055922
0.056096
0.056274
0.056455
0.056639
0.056826
0.057015
0.057208
0.057404
0.057603
0.057804
0.058008
0.058215
0.058424
0.058636
0.058851
0.059068
0.059287
0.059509
0.059732
0.059959
0.060187
0.060418
0.060650
0.060885
0.061122
0.061361
0.061601
0.061844
0.062088
0.062334
0.062582
0.062832
0.063083
0.063336
0.063591
0.063847
0.064104
0.064363
0.064624
0.064885
0.065149
0.065413
0.065679
0.065946
0.066214
0.066483
0.066754
0.067025
0.067298
0.067572
0.067846
0.068122
0.068399
0.068676
0.068954
0.069234
0.069514
0.069790
0.070073
0.070356
0.070641
0.070925
0.071211
0.071497
0.071784
0.072071
0.072359
0.072647
0.072936
0.073226
0.073515
0.073805
0.074096
0.074387
0.074678
0.074970
0.075250
0.075544
0.075838
0.076131
0.076426
0.076720
0.077014
0.077309
0.077604
0.077899
0.078194
0.078489
0.078784
0.079063
0.079359
0.079656
0.079952
0.080249
0.080546
0.080842
0.081118
0.081416
0.081713
0.082011
0.082308
0.082605
0.082902
0.083199
0.083496
0.083792
0.084088
0.084385
0.084680
0.084976
0.085272
0.085567
0.085862
0.086157
0.086451
0.086745
0.087039
0.087333
0.087626
0.087919
0.088212
0.088504
0.088796
0.089087
0.089379
0.089670
0.089960
0.090250
0.090540
0.090829
0.091118
0.091407
0.091657
0.091946
0.092234
0.092522
0.092810
0.093056
0.093344
0.093631
0.093918
0.094205
0.094447
0.094734
0.095020
0.095306
0.095592
0.095876
0.096161
0.096445
0.096728
0.097011
0.097244
0.097527
0.097809
0.098091
0.098373
0.098653
0.098934
0.099213
0.099492
0.099771
0.100049
0.100326
0.100603
0.100880
0.101155
0.101430
0.101705
0.101979
0.102252
0.102525
0.102798
0.103069
0.103340
0.103550
0.103821
0.104091
0.104361
0.104631
0.104900
0.105168
0.105435
0.105702
0.105969
0.106234
0.106500
0.106764
0.107028
0.107223
0.107487
0.107751
0.108013
0.108276
0.108537
0.108727
0.108988
0.109250
0.109510
0.109770
0.110029
0.110213
0.110473
0.110731
0.110914
0.111173
0.111431
0.111688
0.111945
0.112201
0.112379
0.112635
0.112891
0.113066
0.113322
0.113577
0.113832
0.114085
0.114339
0.114591
0.114843
0.115094
0.115261
0.115429
0.115681
0.115932
0.116183
0.116433
0.116683
0.116932
0.117006
0.117256
0.117506
0.117755
0.117915
0.118165
0.118324
0.118574
0.118822
0.119070
0.119318
0.119292
0.119543
0.119792
0.120041
0.120290
0.120538
0.120785
0.120938
0.121185
0.121431
0.121677
0.121922
0.122167
0.122410
0.122653
0.122799
0.122946
0.123093
0.123241
0.123487
0.123634
0.123880
0.124027
0.124273
0.124519
0.124763
0.125007
0.125251
0.125493
0.125534
0.125678
0.125822
0.126068
0.126314
0.126558
0.126700
0.126945
0.127189
0.127432
0.127572
0.127815
0.128058
0.128300
0.128437
0.128679
0.128921
0.129161
0.129296
0.129537
0.129671
0.129912
0.130153
0.130392
0.130631
0.130870
0.130999
0.131022
0.131155
0.131397
0.131639
0.131771
0.132012
0.132253
0.132384
0.132625
0.132865
0.132995
0.133235
0.133475
0.133714
0.133952
0.134190
0.134427
0.134550
0.134788
0.135024
0.135259
0.135494
0.135729
0.135962
0.136195
0.136427
0.136658
0.136889
0.137119
0.137348
0.137576
0.137687
0.137916
0.138144
0.138372
0.138599
0.138825
0.138932
0.139158
0.139384
0.139372
0.139481
0.139710
0.139938
0.139928
0.140159
0.140270
0.140500
0.140730
0.140960
0.141068
0.141059
0.141054
0.141289
0.141524
0.141758
0.141991
0.141984
0.142100
0.142336
0.142572
0.142687
0.142923
0.142918
0.143156
0.143154
0.143275
0.143516
0.143637
0.143879
0.144120
0.144360
0.144599
0.144837
0.144954
0.145072
0.145312
0.145430
0.145549
0.145791
0.146031
0.146029
0.146272
0.146513
0.146633
0.146875
0.147116
0.147236
0.147477
0.147718
0.147958
0.148075
0.148193
0.148435
0.148675
0.148915
0.149031
0.149272
0.149511
0.149627
0.149866
0.149982
0.150222
0.150094
0.150217
0.150341
0.150587
0.150832
0.151077
0.151321
0.151564
0.151806
0.152048
0.152288
0.152405
0.152646
0.152886
0.153125
0.153363
0.153477
0.153716
0.153830
0.154069
0.154308
0.154421
0.154660
0.154650
0.154892
0.155132
0.155371
0.155610
0.155724
0.155839
0.156079
0.156319
0.156557
0.156795
0.156907
0.157021
0.157137
0.157377
0.157617
0.157856
0.157970
0.158209
0.158448
0.158686
0.158923
0.159159
0.159394
0.159629
0.159862
0.160095
0.160328
0.160559
0.160789
0.161019
0.161248
0.161476
0.161704
0.161930
0.162029
0.162256
0.162482
0.162453
0.162682
0.162657
0.162636
0.162746
0.162982
0.163218
0.163452
0.163561
0.163670
0.163907
0.164017
0.164255
0.164491
0.164726
0.164961
0.164819
0.165058
0.165297
0.165410
0.165649
0.165887
0.166125
0.166361
0.166597
0.166706
0.166818
0.167055
0.167292
0.167528
0.167763
0.167997
0.168105
0.168340
0.168574
0.168807
0.169040
0.169271
0.169376
0.169483
0.169716
0.169949
0.170181
0.170286
0.170518
0.170750
0.170981
0.171211
0.171440
0.171669
0.171770
0.171999
0.172227
0.172455
0.172682
0.172908
0.173133
0.173357
0.173581
0.173804
0.174026
0.174247
0.174467
0.174687
0.174906
0.174996
0.175216
0.175435
0.175653
0.175871
0.175831
0.176051
0.176016
0.176240
0.176463
0.176557
0.176781
0.177004
0.177099
0.177322
0.177545
0.177513
0.177739
0.177964
0.178062
0.178036
0.178266
0.178494
0.178722
0.178949
0.179175
0.179401
0.179625
0.179849
0.180072
0.180294
0.180516
0.180736
0.180704
0.180928
0.181151
0.181373
0.181469
0.181441
0.181668
0.181894
0.182119
0.182344
0.182318
0.182546
0.182773
0.182999
0.183224
0.183448
0.183423
0.183650
0.183877
0.184103
0.184328
0.184553
0.184652
0.184753
0.184980
0.185206
0.185431
0.185655
0.185631
0.185736
0.185965
0.186070
0.186178
0.186167
0.186161
0.186281
0.186521
0.186642
0.186646
0.186892
0.186901
0.187032
0.187282
0.187531
0.187662
0.187912
0.188160
0.188292
0.188425
0.188560
0.188812
0.188948
0.189201
0.189338
0.189591
0.189844
0.189981
0.190233
0.190485
0.190736
0.190872
0.191124
0.191374
0.191510
0.191648
0.191788
0.192042
0.192295
0.192548
0.192799
0.192937
0.193189
0.193328
0.193468
0.193722
0.193864
0.194119
0.194261
0.194517
0.194771
0.195024
0.195277
0.195528
0.195779
0.196029
0.196166
0.196416
0.196666
0.196914
0.197051
0.197189
0.197440
0.197689
0.197828
0.198078
0.198328
0.198357
0.198610
0.198753
0.199006
0.199258
0.199510
0.199652
0.199904
0.200155
0.200405
0.200654
0.200794
0.201044
0.201293
0.201433
0.201682
0.201931
0.202179
0.202426
0.202672
0.202917
0.203161
0.203404
0.203646
0.203888
0.204020
0.204262
0.204503
0.204744
0.204983
0.205222
0.205460
0.205696
0.205932
0.206168
0.206402
0.206635
0.206759
0.206993
0.207227
0.207459
