1.000000
0.984064
0.970225
0.960400
0.950625
0.946729
0.937024
0.931225
0.917764
0.912025
0.896809
0.881721
0.876096
0.863041
0.855625
0.851929
0.840889
0.833569
0.828100
0.824464
0.813604
0.810000
0.801025
0.792100
0.784996
0.777924
0.769129
0.753424
0.741321
0.736164
0.727609
0.719104
0.703921
0.685584
0.677329
0.669124
0.657721
0.649636
0.638401
0.635209
0.633616
0.625681
0.622521
0.619369
0.617796
0.611524
0.602176
0.592900
0.589824
0.582169
0.573049
0.567009
0.559504
0.553536
0.550564
0.541696
0.527076
0.519841
0.515524
0.512656
0.505521
0.499849
0.492804
0.487204
0.483025
0.474721
0.466489
0.465124
0.456976
0.452929
0.443556
0.440896
0.439569
0.434281
0.430336
0.427716
0.423801
0.418609
0.409600
0.401956
0.396900
0.393129
0.388129
0.383161
0.379456
0.376996
0.372100
0.368449
0.366025
0.364816
0.356409
0.355216
0.350464
0.346921
0.342225
0.341056
0.335241
0.334084
0.329476
0.320356
0.313600
0.306916
0.299209
0.297025
0.293764
0.289444
0.288369
0.283024
0.278784
0.274576
0.269361
0.267289
0.261121
0.260100
0.256036
0.254016
0.251001
0.245025
0.244036
0.240100
0.236196
0.231361
0.225625
0.223729
0.221841
0.219961
0.219024
0.216225
0.214369
0.213444
0.208849
0.207025
0.205209
0.204304
0.200704
0.199809
0.196249
0.194481
0.187489
0.183184
0.181476
0.179776
0.175561
0.175561
0.175561
0.173056
0.168921
0.165649
0.164025
0.162409
0.161604
0.158404
0.156816
0.156816
0.155236
0.152881
0.150544
0.148996
0.147456
0.145924
0.145161
0.144400
0.142129
0.140625
0.140625
0.138384
0.133956
0.131769
0.129600
0.127449
0.125316
0.123904
0.122500
0.121104
0.120409
0.119025
0.118336
0.116964
0.114921
0.112896
0.110889
0.110224
0.108900
0.108900
0.108241
0.106276
0.104976
0.103684
0.103684
0.102400
0.101761
0.098596
0.096721
0.096100
0.094249
0.093636
0.091809
0.089401
0.087025
0.085849
0.084100
0.082369
0.081796
0.081225
0.080656
0.080089
0.078961
0.077841
0.077284
0.075076
0.074529
0.072900
0.072361
0.071289
0.070756
0.069169
0.069169
0.068644
0.067081
0.066564
0.066049
0.064516
0.063504
0.063504
0.062500
0.061504
0.061504
0.060516
0.059536
0.059049
0.059049
0.058081
0.057121
0.056644
0.056644
0.056169
0.054756
0.054289
0.052900
0.051529
0.050625
0.048841
0.048400
0.047961
0.047961
0.047961
0.047524
0.046656
0.046656
0.045369
0.044521
0.044521
0.044521
0.044521
0.044100
0.042849
0.041209
0.040804
0.040804
0.039601
0.039204
0.039204
0.039204
0.039204
0.038809
0.038025
0.037636
0.037249
0.037249
0.036481
0.036100
0.035344
0.034969
0.034969
0.033856
0.033856
0.033856
0.033856
0.033124
0.033124
0.033124
0.032400
0.031329
0.030976
0.030276
0.029929
0.029584
0.028900
0.028561
0.028224
0.027889
0.027889
0.027889
0.027889
0.027889
0.027225
0.026569
0.026569
0.026569
0.026569
0.025281
0.024964
0.024336
0.024025
0.023716
0.023716
0.023409
0.022500
0.021904
0.021609
0.021609
0.021609
0.021316
0.021025
0.021025
0.020736
0.020736
0.020736
0.020164
0.019881
0.019600
0.019321
0.018496
0.018496
0.018496
0.018496
0.018225
0.018225
0.017689
0.017689
0.017689
0.017689
0.017689
0.017689
0.017689
0.017161
0.017161
0.016641
0.016384
0.015876
0.015376
0.015376
0.015376
0.015129
0.014884
0.014641
0.014400
0.013689
0.013456
0.013456
0.013225
0.013225
0.013225
0.012996
0.012321
0.012321
0.012100
0.011881
0.011881
0.011881
0.011881
0.011881
0.011881
0.011449
0.011449
0.011449
0.011449
0.011449
0.011236
0.011236
0.011236
0.011236
0.011025
0.010816
0.010609
0.010404
0.010404
0.010404
0.010201
0.010000
0.009604
0.009604
0.009604
0.009604
0.009409
0.009409
0.009409
0.009409
0.009409
0.009025
0.008649
0.008649
0.008649
0.008649
0.008464
0.008464
0.008464
0.008281
0.008100
0.008100
0.008100
0.007744
0.007225
0.007056
0.006889
0.006889
0.006889
0.006889
0.006889
0.006724
0.006724
0.006724
0.006400
0.006400
0.006241
0.006084
0.006084
0.006084
0.005929
0.005929
0.005625
0.005625
0.005625
0.005625
0.005625
0.005476
0.005476
0.005476
0.005476
0.005476
0.005476
0.005329
0.005329
0.005329
0.005329
0.005184
0.005184
0.005184
0.005041
0.004761
0.004489
0.004489
0.004489
0.004489
0.004489
0.004489
0.004489
0.004489
0.004489
0.004489
0.004489
0.004489
0.004489
0.004225
0.004225
0.004225
0.004225
0.004225
0.004225
0.003969
0.003969
0.003969
0.003969
0.003969
0.003969
0.003844
0.003844
0.003844
0.003721
0.003721
0.003721
0.003721
0.003721
0.003721
0.003721
0.003721
0.003721
0.003721
0.003721
0.003721
0.003721
0.003600
0.003600
0.003481
0.003364
0.003364
0.003364
0.003364
0.003364
0.003364
0.003364
0.003364
0.003249
0.003136
0.003136
0.003136
0.003136
0.003136
0.003136
0.003025
0.003025
0.003025
0.002916
0.002916
0.002916
0.002916
0.002809
0.002704
0.002704
0.002704
0.002704
0.002704
0.002704
0.002704
0.002704
0.002704
0.002704
0.002704
0.002704
0.002704
0.002601
0.002601
0.002401
0.002304
0.002209
0.002209
0.002209
0.002116
0.002116
0.002116
0.002025
0.002025
0.002025
0.002025
0.002025
0.002025
0.001849
0.001849
0.001764
0.001681
0.001600
0.001521
0.001521
0.001521
0.001521
0.001444
0.001444
0.001444
0.001444
0.001444
0.001444
0.001444
0.001444
0.001444
0.001444
0.001444
0.001444
0.001444
0.001444
0.001444
0.001444
0.001444
0.001444
0.001444
0.001444
0.001444
0.001444
0.001444
0.001444
0.001444
0.001444
0.001444
0.001444
0.001369
0.001296
0.001296
0.001296
0.001296
0.001296
0.001225
0.001225
0.001225
0.001225
0.001225
0.001225
0.001225
0.001156
0.001089
0.001089
0.001089
0.001024
0.001024
0.000961
0.000961
0.000961
0.000961
0.000900
0.000841
0.000841
0.000841
0.000841
0.000841
0.000841
0.000784
0.000784
0.000729
0.000729
0.000676
0.000676
0.000676
0.000625
0.000625
0.000625
0.000576
0.000576
0.000576
0.000576
0.000576
0.000576
0.000576
0.000576
0.000576
0.000576
0.000576
0.000576
0.000576
0.000576
0.000576
0.000529
0.000529
0.000529
0.000529
0.000529
0.000529
0.000529
0.000529
0.000529
0.000529
0.000529
0.000529
0.000484
0.000441
0.000441
0.000441
0.000441
0.000441
0.000441
0.000441
0.000441
0.000441
0.000441
0.000441
0.000441
0.000441
0.000441
0.000441
0.000441
0.000441
0.000441
0.000441
0.000441
0.000441
0.000441
0.000441
0.000441
0.000441
0.000441
0.000400
0.000400
0.000361
0.000289
0.000289
0.000289
0.000289
0.000289
0.000289
0.000289
0.000289
0.000289
0.000289
0.000256
0.000225
0.000225
0.000225
0.000225
0.000225
0.000225
0.000225
0.000196
0.000196
0.000196
0.000169
0.000169
0.000169
0.000169
0.000169
0.000169
0.000169
0.000169
0.000169
0.000169
0.000169
0.000169
0.000169
0.000169
0.000169
0.000169
0.000169
0.000144
0.000144
0.000144
0.000144
0.000144
0.000144
0.000144
0.000144
0.000144
0.000144
0.000144
0.000144
0.000144
0.000144
0.000144
0.000144
0.000144
0.000144
0.000144
0.000144
0.000144
0.000144
0.000144
0.000144
0.000144
0.000144
0.000144
0.000121
0.000121
0.000121
0.000121
0.000121
0.000100
0.000081
0.000081
0.000081
0.000081
0.000081
0.000081
0.000081
0.000081
0.000081
0.000081
0.000081
0.000081
0.000081
0.000081
0.000081
0.000081
0.000081
0.000081
0.000081
0.000081
0.000081
0.000081
0.000081
0.000081
0.000081
0.000081
0.000081
0.000081
0.000081
0.000081
0.000081
0.000081
0.000064
0.000064
0.000064
0.000064
0.000064
0.000064
0.000064
0.000064
0.000064
0.000064
0.000064
0.000049
0.000049
0.000049
0.000036
0.000036
0.000036
0.000036
0.000036
0.000036
0.000036
0.000036
0.000036
0.000036
0.000036
0.000036
0.000036
0.000036
0.000036
0.000036
0.000036
0.000036
0.000036
0.000036
0.000036
0.000036
0.000036
0.000036
0.000036
0.000036
0.000036
0.000036
0.000036
0.000036
0.000036
0.000036
0.000036
0.000036
0.000036
0.000036
0.000036
0.000036
0.000036
0.000036
0.000036
0.000036
0.000036
0.000036
0.000036
0.000036
0.000036
0.000036
0.000036
0.000036
0.000036
0.000036
0.000036
0.000036
0.000036
0.000036
0.000036
0.000036
0.000036
0.000036
0.000036
0.000036
0.000036
0.000036
0.000036
0.000036
0.000036
0.000036
0.000036
0.000036
0.000036
0.000036
0.000036
0.000036
0.000036
0.000036
0.000036
0.000036
0.000036
0.000036
0.000036
0.000036
0.000036
0.000036
0.000036
0.000036
0.000036
0.000036
0.000036
0.000036
0.000036
0.000036
0.000036
0.000036
0.000036
0.000036
0.000036
0.000036
0.000036
0.000036
0.000036
0.000036
0.000036
0.000036
0.000036
0.000036
0.000036
0.000036
0.000036
0.000036
0.000036
0.000036
0.000025
0.000025
0.000025
0.000025
0.000025
0.000025
0.000025
0.000025
0.000025
0.000025
0.000025
0.000025
0.000025
0.000025
0.000025
0.000025
0.000025
0.000025
0.000025
0.000025
0.000025
0.000025
0.000025
0.000025
0.000025
0.000025
0.000025
0.000025
0.000025
0.000025
0.000025
0.000025
0.000025
0.000025
0.000025
0.000025
0.000025
0.000025
0.000025
0.000025
0.000025
0.000025
0.000025
0.000025
0.000025
0.000025
0.000025
0.000025
0.000025
0.000025
0.000025
0.000025
0.000025
0.000025
0.000025
0.000025
0.000025
0.000025
0.000025
0.000025
0.000025
0.000025
0.000025
0.000025
0.000025
0.000025
0.000025
0.000025
0.000025
0.000025
0.000025
0.000025
0.000025
0.000025
0.000016
0.000016
0.000016
0.000016
0.000016
0.000016
0.000016
0.000016
0.000016
0.000016
0.000016
0.000016
0.000016
0.000016
0.000016
0.000016
0.000016
0.000016
0.000016
0.000016
0.000016
0.000016
0.000016
0.000016
0.000016
0.000016
0.000016
