1.000000
0.993973
0.987891
0.975820
0.965716
0.953639
0.945450
0.935291
0.927038
0.920664
0.904721
0.886971
0.874923
0.866597
0.854554
0.842530
0.837796
0.829376
0.815536
0.803532
0.791555
0.779608
0.771165
0.767892
0.750791
0.745719
0.732133
0.718620
0.710146
0.703306
0.693163
0.683038
0.669728
0.661259
0.646502
0.639633
0.629652
0.621227
0.608270
0.599892
0.590038
0.583154
0.577708
0.570778
0.563834
0.548385
0.538702
0.526317
0.519485
0.511301
0.505807
0.497641
0.489502
0.480104
0.470769
0.464013
0.459756
0.454220
0.445003
0.439473
0.432734
0.424833
0.418140
0.412614
0.408219
0.402665
0.397107
0.390446
0.385982
0.380419
0.374856
0.368251
0.363744
0.355143
0.347645
0.339238
0.330940
0.325596
0.318399
0.312200
0.306050
0.299951
0.292162
0.287917
0.280299
0.276939
0.271108
0.266941
0.261992
0.257853
0.250680
0.246617
0.241834
0.236375
0.233104
0.229131
0.225859
0.221913
0.217332
0.213446
0.207694
0.203285
0.199534
0.195222
0.191546
0.186208
0.182087
0.179106
0.175080
0.171634
0.168226
0.164858
0.161051
0.157311
0.153183
0.148708
0.146077
0.143469
0.140885
0.137925
0.135014
0.132532
0.129339
0.126578
0.123869
0.121551
0.119265
0.115731
0.112627
0.110517
0.108440
0.106117
0.103576
0.101374
0.098973
0.097138
0.095103
0.092894
0.091202
0.089548
0.087933
0.086158
0.084630
0.083142
0.081694
0.079944
0.078266
0.076816
0.075421
0.074081
0.072933
0.071825
0.070630
0.069489
0.068516
0.067582
0.066688
0.065734
0.064926
0.064157
0.063342
0.062497
0.061864
0.061269
0.060712
0.060192
0.059709
0.059264
0.058802
0.058435
0.058104
0.057809
0.057548
0.057323
0.057132
0.056976
0.056824
0.056739
0.056688
0.056668
0.056681
0.056726
0.056802
0.056909
0.057046
0.057213
0.057410
0.057636
0.057890
0.058173
0.058484
0.058822
0.059187
0.059579
0.059997
0.060440
0.060909
0.061402
0.061920
0.062462
0.063027
0.063616
0.064227
0.064860
0.065516
0.066192
0.066890
0.067608
0.068347
0.069106
0.069884
0.070681
0.071496
0.072330
0.073182
0.074051
0.074938
0.075842
0.076761
0.077697
0.078649
0.079616
0.080599
0.081596
0.082607
0.083633
0.084673
0.085726
0.086792
0.087871
0.088962
0.090066
0.091182
0.092276
0.093380
0.094496
0.095661
0.096795
0.097940
0.099139
0.100348
0.101566
0.102794
0.104031
0.105219
0.106475
0.107677
0.108950
0.110165
0.111455
0.112752
0.114057
0.115293
0.116613
0.117939
0.119106
0.120447
0.121795
0.122877
0.124147
0.125516
0.126891
0.128271
0.129552
0.130943
0.132339
0.133740
0.135144
0.136554
0.137967
0.139385
0.140681
0.142107
0.143537
0.144971
0.146408
0.147849
0.149150
0.150598
0.152049
0.153503
0.154959
0.156419
0.157881
0.159183
0.160486
0.161789
0.163264
0.164568
0.166048
0.167530
0.169014
0.170314
0.171615
0.173107
0.174406
0.175705
0.176806
0.178308
0.179811
0.180901
0.181990
0.183078
0.184164
0.185683
0.187202
0.188277
0.189576
0.190874
0.192401
0.193928
0.195220
0.196512
0.198043
0.199330
0.200617
0.202151
0.203434
0.204715
0.205483
0.206766
0.208309
0.208798
0.210347
0.211627
0.213177
0.214726
0.215998
0.217269
0.218820
0.220370
0.221632
0.223182
0.224732
0.225984
0.227235
0.228785
0.230334
0.231270
0.232820
0.233437
0.234678
0.235603
0.236843
0.238399
0.239954
0.240859
0.241763
0.242993
0.244221
0.245116
0.246342
0.247902
0.249460
0.251016
0.252225
0.253779
0.254632
0.256185
0.257736
0.259284
0.260111
0.261298
0.262845
0.263294
0.264110
0.265291
0.265734
0.267286
0.268090
0.269640
0.270810
0.271977
0.272761
0.274306
0.275463
0.277003
0.278150
0.279293
0.280825
0.281563
0.282695
0.283824
0.284948
0.285267
0.286390
0.287913
0.289024
0.290538
0.292048
0.293552
0.294634
0.295293
0.296369
0.297020
0.298089
0.298730
0.300216
0.300844
0.301895
0.302085
0.303132
0.304173
0.304348
0.304954
0.305988
0.306152
0.306749
0.307342
0.308798
0.309809
0.309941
0.310509
0.311074
0.312071
0.312185
0.312737
0.314160
0.314692
0.315659
0.316616
0.317565
0.318503
0.318987
0.319910
0.319932
0.320843
0.322191
0.322628
0.323058
0.323481
0.324795
0.325643
0.326027
0.325055
0.325442
0.326268
0.327081
0.327431
0.328672
0.329444
0.330201
0.331398
0.332120
0.333286
0.333055
0.332822
0.332587
0.332801
0.333913
0.333638
0.334266
0.334876
0.335469
0.335586
0.336147
0.336689
0.336755
0.337263
0.337295
0.337769
0.338681
0.339570
0.340434
0.340808
0.341626
0.341952
0.342723
0.342529
0.342787
0.343022
0.342765
0.342023
0.342672
0.342823
0.342482
0.342123
0.341280
0.341356
0.340941
0.340971
0.340512
0.340496
0.340453
0.340385
0.340289
0.340167
0.340017
0.340306
0.339630
0.338007
0.336845
0.336129
0.334032
0.333749
0.333889
0.332639
0.332277
0.330988
0.331028
0.330585
0.329665
0.329171
0.328201
0.327656
0.327528
0.327367
0.326274
0.324715
0.324477
0.323759
0.323459
0.322232
0.321429
0.319712
0.318866
0.317992
0.316650
0.314418
0.313922
0.312091
0.311112
0.310107
0.309508
0.308444
0.307354
0.305808
0.304673
0.303086
0.301909
0.300707
0.299057
0.297814
0.296125
0.294843
0.293959
0.293047
0.292109
0.290296
0.289315
0.287462
0.286018
0.283719
0.282665
0.280342
0.277614
0.276116
0.274600
0.272664
0.270322
0.268777
0.267216
0.265639
0.263655
0.262449
0.260438
0.258813
0.257564
0.255518
0.252706
0.251052
0.249010
0.247342
0.245290
0.243982
0.241914
0.240586
0.239244
0.237889
0.236149
0.234033
0.232287
0.230902
0.228775
0.227378
0.225607
0.224195
0.222049
0.220629
0.218125
0.216348
0.213868
0.211755
0.210340
0.208918
0.207145
0.205372
0.203601
0.201831
0.200402
0.198969
0.196520
0.195094
0.193665
0.191899
0.190138
0.187726
0.185987
0.183297
0.181588
0.180198
0.178808
0.177417
0.175402
0.174020
0.172023
0.170347
0.168679
0.167018
0.165664
0.163717
0.162376
0.160743
0.159411
0.158081
0.156463
0.154854
0.153542
0.151947
0.150362
0.148788
0.147225
0.145672
0.144131
0.142872
0.141618
0.140368
0.139123
0.137882
0.136110
0.134888
0.133145
0.131943
0.130487
0.129043
0.127866
0.126694
0.125527
0.124365
0.123209
0.122059
0.120666
0.119287
0.118164
0.116805
0.115460
0.114363
0.112806
0.111731
0.110434
0.109376
0.108324
0.107055
0.105800
0.104776
0.103757
0.102319
0.101322
0.100331
0.099347
0.098368
0.097396
0.096429
0.094677
0.093742
0.092814
0.091891
0.090786
0.089880
0.088980
0.087905
0.087022
0.086144
0.085273
0.084407
0.083547
0.082693
0.081845
0.081002
0.080166
0.079335
0.078350
0.077378
0.076421
0.075477
0.074548
0.073776
0.073010
0.072109
0.071221
0.070347
0.069617
0.068764
0.068050
0.067341
0.066637
0.065818
0.065130
0.064447
0.063769
0.062984
0.062321
0.061556
0.060804
0.060165
0.059531
0.058805
0.058185
0.057571
0.056961
0.056355
0.055755
0.055073
0.054487
0.053823
0.053250
0.052605
0.052045
0.051489
0.050938
0.050391
0.049849
0.049244
0.048715
0.048189
0.047667
0.047150
0.046636
0.046127
0.045622
0.045067
0.044523
0.044037
0.043555
0.043077
0.042602
0.042088
0.041625
0.041165
0.040708
0.040255
0.039805
0.039359
0.038882
0.038446
0.038013
0.037583
0.037157
0.036733
0.036313
0.035896
0.035481
0.035070
0.034661
0.034256
0.033853
0.033453
0.033056
0.032662
0.032271
0.031865
0.031482
0.031102
0.030723
0.030348
0.029975
0.029604
0.029236
0.028870
0.028506
0.028145
0.027786
0.027429
0.027075
0.026723
0.026373
0.026025
0.025679
0.025330
0.024991
0.024654
0.024318
0.023985
0.023654
0.023324
0.022997
0.022671
0.022348
0.022026
0.021706
0.021388
0.021072
0.020757
0.020444
0.020134
0.019824
0.019517
0.019212
0.018908
0.018606
0.018306
0.018007
0.017711
0.017416
0.017123
0.016831
0.016542
0.016254
0.015968
0.015684
0.015401
0.015120
0.014842
0.014565
0.014290
0.014016
0.013745
0.013475
0.013208
0.012942
0.012679
0.012417
0.012157
0.011899
0.011644
0.011390
0.011138
0.010889
0.010642
0.010397
0.010154
0.009913
0.009675
0.009439
0.009205
0.008974
0.008745
0.008518
0.008295
0.008073
0.007854
0.007638
0.007425
0.007214
0.007006
0.006801
0.006598
0.006399
0.006192
0.006000
0.005810
0.005623
0.005439
0.005258
0.005081
0.004895
0.004724
0.004557
0.004394
0.004234
0.004078
0.003925
0.003776
0.003630
0.003489
0.003351
0.003218
0.003088
0.002963
0.002841
0.002724
0.002592
0.002484
0.002380
0.002281
0.002186
0.002096
0.002010
0.001885
0.001809
0.001738
0.001672
0.001611
0.001555
0.001505
0.001459
0.001420
0.001385
0.001330
0.001306
0.001288
0.001276
0.001270
0.001270
0.001276
0.001288
0.001306
0.001330
0.001361
0.001399
0.001411
0.001461
0.001485
0.001548
0.001618
0.001695
0.001779
0.001870
0.001968
0.002074
0.002187
0.002308
0.002436
0.002572
0.002716
0.002868
0.003027
0.003195
0.003371
0.003555
0.003748
0.003949
0.004159
0.004377
0.004604
0.004796
0.005040
0.005292
0.005553
0.005824
0.006104
0.006393
0.006645
0.006951
0.007267
0.007593
0.007928
0.008273
0.008627
0.008992
0.009367
0.009751
0.010146
0.010551
0.010966
0.011391
0.011827
0.012273
0.012730
0.013198
0.013676
0.014164
0.014664
0.015174
0.015639
0.016169
0.016710
0.017262
0.017767
0.018340
0.018865
0.019457
0.020061
0.020675
0.021301
0.021939
0.022587
0.023247
0.023918
0.024600
0.025294
0.025999
0.026715
0.027443
0.028183
0.028934
0.029696
0.030469
0.031255
0.031985
0.032790
0.033607
0.034435
0.035275
0.036125
0.036987
0.037861
0.038745
0.039641
0.040548
0.041466
0.042396
0.043336
0.044287
0.045249
0.046222
0.047059
0.048048
0.048974
0.049980
